,V,fitness,V_O,s,tau,AF3,AF3_O,AH3,AH3_O,A3N3,A3N3_O,AF5,AF5_O,AD5,AD5_O,lambda1,lambda1_O,lambda2,lambda2_O,taquiónico,taquiónico_O
0,-0.0019429104221141413,0.367363241481541,-0.00033195,1.600149459561681,3.485910062937601,13.970791176392986,-0.21789562370390278,16.89534211997626,-0.04593960525765017,-60.3342826799206,0.14951036861664863,86.83331277990406,0.3196625855594684,-0.2871440547293035,-0.03635708494780777,0.011710018293225488,-0.00037072,0.5342647291340611,0.00017264,0,1.0
1,1.43072066775981,0.5933137446273336,-0.00033195,1.600149459561681,3.485910062937601,38.61022391820944,-0.21789562370390278,42.767180014475144,-0.04593960525765017,-99.81474705685565,0.14951036861664863,-79.404174278115,0.3196625855594684,61.406783934436234,-0.03635708494780777,0.47502621871234596,-0.00037072,1.0832359805209635,0.00017264,0,1.0
2,0.6241491981106111,0.8727192862177556,-0.00033195,1.600149459561681,3.485910062937601,11.092138592500898,-0.21789562370390278,-7.473566032271047,-0.04593960525765017,-7.355269818923292,0.14951036861664863,52.97590879273184,0.3196625855594684,16.005402101389897,-0.03635708494780777,0.07826590237468789,-0.00037072,0.9163165403153533,0.00017264,0,1.0
3,0.3124197620126309,0.012527978080655615,-0.00033195,1.600149459561681,3.485910062937601,-37.16770025395679,-0.21789562370390278,2.690381540791397,-0.04593960525765017,-35.873417485778724,0.14951036861664863,18.387105841175366,0.3196625855594684,42.51792972813243,-0.03635708494780777,-0.018525092595929497,-0.00037072,0.018427747140374987,0.00017264,1,1.0
4,0.25133658855832586,0.07837267880047266,-0.00033195,1.600149459561681,3.485910062937601,83.85366398538426,-0.21789562370390278,25.959913216605962,-0.04593960525765017,-59.3896366013595,0.14951036861664863,-5.96238552274327,0.3196625855594684,-15.038838457991796,-0.03635708494780777,0.3608380503966993,-0.00037072,0.8137611814054124,0.00017264,0,1.0
5,0.587387951208183,0.16143912545534064,-0.00033195,1.600149459561681,3.485910062937601,75.99549504543445,-0.21789562370390278,30.66801353333858,-0.04593960525765017,-62.16907689100868,0.14951036861664863,-47.09039932807336,0.3196625855594684,2.7053610316198524,-0.03635708494780777,0.34489290227013514,-0.00037072,0.9033789477898672,0.00017264,0,1.0
6,0.4035177242837138,0.25408091812542505,-0.00033195,1.600149459561681,3.485910062937601,75.25551517654291,-0.21789562370390278,28.328515994902336,-0.04593960525765017,-35.826159929980136,0.14951036861664863,-12.70099165558932,0.3196625855594684,-24.253703422392068,-0.03635708494780777,0.42400878418593196,-0.00037072,0.7635703304978365,0.00017264,0,1.0
7,0.7777417695572415,0.2130398507610732,-0.00033195,1.600149459561681,3.485910062937601,88.79581274138708,-0.21789562370390278,42.14376575328193,-0.04593960525765017,-90.57581168145005,0.14951036861664863,-70.90767458941707,0.3196625855594684,14.182589453894694,-0.03635708494780777,0.31775678164886667,-0.00037072,1.1699952667094733,0.00017264,0,1.0
8,0.8317368378194927,0.16129462831395452,-0.00033195,1.600149459561681,3.485910062937601,-65.3458794362205,-0.21789562370390278,-2.310388279271367,-0.04593960525765017,-17.37471616472515,0.14951036861664863,-29.76415196737326,0.3196625855594684,71.59980265707006,-0.03635708494780777,-0.09063089329536178,-0.00037072,0.08976413631513039,0.00017264,1,1.0
9,0.3372116445042501,0.22945830238917447,-0.00033195,1.600149459561681,3.485910062937601,-30.61755825062158,-0.21789562370390278,17.034402640721368,-0.04593960525765017,-52.10361140483389,0.14951036861664863,-2.7910041929103655,0.3196625855594684,40.01765847285385,-0.03635708494780777,-0.280161614625679,-0.00037072,0.2833886839527896,0.00017264,1,1.0
10,0.18707162635155722,0.12989152133517437,-0.00033195,1.600149459561681,3.485910062937601,-4.478948039337593,-0.21789562370390278,13.106434492173127,-0.04593960525765017,-41.91872802080122,0.14951036861664863,-35.236374252375064,0.3196625855594684,28.305436142392477,-0.03635708494780777,-0.24956011841136191,-0.00037072,0.2506899893873096,0.00017264,1,1.0
11,0.0073128184497461834,0.5675698637536022,-0.00033195,1.600149459561681,3.485910062937601,5.223886372888133,-0.21789562370390278,26.375242093157024,-0.04593960525765017,-63.38202066030349,0.14951036861664863,-8.514414310137468,0.3196625855594684,14.001193849942474,-0.03635708494780777,-0.4050561478220044,-0.00037072,0.4469357931512784,0.00017264,1,1.0
12,0.4009395066101009,1.8949532275837973,-0.00033195,1.600149459561681,3.485910062937601,60.943469465026375,-0.21789562370390278,52.00274358202675,-0.04593960525765017,-62.750833139063296,0.14951036861664863,-61.325514227830624,0.3196625855594684,-16.241196869134587,-0.03635708494780777,-0.3067869156418691,-0.00037072,1.117202577318496,0.00017264,1,1.0
13,1.3549647585326445,0.644367496631675,-0.00033195,1.600149459561681,3.485910062937601,2.6583554984855415,-0.21789562370390278,20.264611095354205,-0.04593960525765017,-75.77378912870152,0.14951036861664863,-47.03163415018226,0.3196625855594684,76.27068506626657,-0.03635708494780777,0.32993556553832776,-0.00037072,0.8967295668415811,0.00017264,0,1.0
14,0.32353991727417,0.05781876524522673,-0.00033195,1.600149459561681,3.485910062937601,-42.522493212823356,-0.21789562370390278,-3.126458573391919,-0.04593960525765017,-18.268147718658035,0.14951036861664863,30.489503269336353,0.3196625855594684,37.130435041993586,-0.03635708494780777,-0.11222117235757817,-0.00037072,0.1105769898946011,0.00017264,1,1.0
15,1.0841911335743681,0.32529015639716385,-0.00033195,1.600149459561681,3.485910062937601,27.76375759083139,-0.21789562370390278,35.35677839398827,-0.04593960525765017,-96.8781460236483,0.14951036861664863,-44.85950331821955,0.3196625855594684,55.384319384212745,-0.03635708494780777,0.3465375023767884,-0.00037072,0.8932002200106498,0.00017264,0,1.0
16,0.5412051903940032,0.2566940274709125,-0.00033195,1.600149459561681,3.485910062937601,30.805873511096006,-0.21789562370390278,16.12866355648222,-0.04593960525765017,-24.462973204828337,0.14951036861664863,-58.74012169292812,0.3196625855594684,12.993898215758442,-0.03635708494780777,0.15048187094669555,-0.00037072,0.4886082692156103,0.00017264,0,1.0
17,0.701480671073323,0.34353682357022053,-0.00033195,1.600149459561681,3.485910062937601,-91.86098156519387,-0.21789562370390278,-3.894931174229982,-0.04593960525765017,-34.34673863933023,0.14951036861664863,67.77819764281709,0.3196625855594684,73.34676965183377,-0.03635708494780777,-0.3194063544895976,-0.00037072,0.32079695989833606,0.00017264,1,1.0
18,0.7488869192212143,0.22452091164347476,-0.00033195,1.600149459561681,3.485910062937601,40.70125316062645,-0.21789562370390278,24.756483298333258,-0.04593960525765017,-57.61909238849436,0.14951036861664863,-32.09632027570946,0.3196625855594684,22.69615344628806,-0.03635708494780777,0.38490751484639096,-0.00037072,0.7007066551099523,0.00017264,0,1.0
19,0.6318928381195499,0.2069570574947914,-0.00033195,1.600149459561681,3.485910062937601,-21.57970228055012,-0.21789562370390278,10.663618599759456,-0.04593960525765017,-29.151098504776254,0.14951036861664863,-93.6839447356467,0.3196625855594684,53.669974892691585,-0.03635708494780777,-0.2954826137040587,-0.00037072,0.300727484938886,0.00017264,1,1.0
20,0.7830651304483751,0.22985810173539553,-0.00033195,1.600149459561681,3.485910062937601,68.22953397220188,-0.21789562370390278,31.22402681214475,-0.04593960525765017,-53.58395898633396,0.14951036861664863,-73.9429347630099,0.3196625855594684,10.409006736337677,-0.03635708494780777,0.346365046478816,-0.00037072,0.8927596947265428,0.00017264,0,1.0
21,0.7147632415459891,0.3955510832298412,-0.00033195,1.600149459561681,3.485910062937601,-80.42894746229418,-0.21789562370390278,8.793283933343137,-0.04593960525765017,-46.36736939566288,0.14951036861664863,35.69334754999036,0.3196625855594684,69.512025853445,-0.03635708494780777,-0.349851467454329,-0.00037072,0.34964724987551593,0.00017264,1,1.0
22,1.2412417825122828,0.4528869810649018,-0.00033195,1.600149459561681,3.485910062937601,13.218988689044355,-0.21789562370390278,33.412698766712985,-0.04593960525765017,-82.41488602504589,0.14951036861664863,-75.76075596932432,0.3196625855594684,64.36441262685189,-0.03635708494780777,0.2785526028831045,-0.00037072,0.8188558601008384,0.00017264,0,1.0
23,0.00096332638794977,0.10077908506604376,-0.00033195,1.600149459561681,3.485910062937601,-5.1197591639224385,-0.21789562370390278,8.220947901634773,-0.04593960525765017,-61.53111974949399,0.14951036861664863,65.68279446757222,0.3196625855594684,22.205290773291225,-0.03635708494780777,0.0742901381763281,-0.00037072,0.18020917860983218,0.00017264,0,1.0
24,0.5147563306534776,0.13756089483629522,-0.00033195,1.600149459561681,3.485910062937601,-17.769919718280914,-0.21789562370390278,14.482776232678784,-0.04593960525765017,-32.61363942637706,0.14951036861664863,-70.11288155348602,0.3196625855594684,42.319343765397065,-0.03635708494780777,-0.22304513912491686,-0.00037072,0.251541706069098,0.00017264,1,1.0
25,0.722391093446212,0.09920372782672444,-0.00033195,1.600149459561681,3.485910062937601,-55.37625589283153,-0.21789562370390278,12.607553362580854,-0.04593960525765017,-62.201054515715086,0.14951036861664863,-32.698611900740104,0.3196625855594684,79.00846379419124,-0.03635708494780777,-0.18614557625298894,-0.00037072,0.185674739438557,0.00017264,1,1.0
26,0.2903541987391266,0.2165889503637737,-0.00033195,1.600149459561681,3.485910062937601,6.49882245539227,-0.21789562370390278,6.324453537993752,-0.04593960525765017,-47.680387361353496,0.14951036861664863,58.18544427062888,0.3196625855594684,19.720250791308437,-0.03635708494780777,0.2309747397734611,-0.00037072,0.40756558304137586,0.00017264,0,1.0
27,0.013084320788493281,0.02067826110041816,-0.00033195,1.600149459561681,3.485910062937601,-8.01932002030207,-0.21789562370390278,5.374590826936824,-0.04593960525765017,-33.22461182966449,0.14951036861664863,14.277586166307515,0.3196625855594684,17.67955758143857,-0.03635708494780777,-0.09479692992176758,-0.00037072,0.09464473237753387,0.00017264,1,1.0
28,-4.559514362278971e-05,0.35552330628082945,-0.00033195,1.600149459561681,3.485910062937601,57.329357300187965,-0.21789562370390278,20.85809923440756,-0.04593960525765017,-38.25436504600948,0.14951036861664863,60.05679172954817,0.3196625855594684,-32.64263665801416,-0.03635708494780777,0.19474909131932566,-0.00037072,0.7046729515868395,0.00017264,0,1.0
29,0.9852609852539936,0.42554860648603254,-0.00033195,1.600149459561681,3.485910062937601,-9.666550431473404,-0.21789562370390278,13.267456286272411,-0.04593960525765017,-57.42889470411942,0.14951036861664863,8.257211658685698,0.3196625855594684,55.28985101387005,-0.03635708494780777,0.38575137380078284,-0.00037072,0.561686052037724,0.00017264,0,1.0
30,0.0002602262481659068,0.17395689554073782,-0.00033195,1.600149459561681,3.485910062937601,74.18331105838826,-0.21789562370390278,6.954415222237835,-0.04593960525765017,-13.96695040749437,0.14951036861664863,92.48473953686828,0.3196625855594684,-47.4544472040846,-0.03635708494780777,0.358660947058375,-0.00037072,0.8667284952920593,0.00017264,0,1.0
31,0.4875955692406446,0.030067703173430126,-0.00033195,1.600149459561681,3.485910062937601,-54.41926395396394,-0.21789562370390278,6.242483645189892,-0.04593960525765017,-59.41796642127351,0.14951036861664863,19.41235389006387,0.3196625855594684,66.75152521206992,-0.03635708494780777,-0.06568567755798678,-0.00037072,0.06584219933060599,0.00017264,1,1.0
32,0.337888006648849,0.5335042015202821,-0.00033195,1.600149459561681,3.485910062937601,99.79876283227154,-0.21789562370390278,47.000723330477484,-0.04593960525765017,-81.96369267524807,0.14951036861664863,-58.42487127612057,0.3196625855594684,-16.6262799233361,-0.03635708494780777,0.1275655642269546,-0.00037072,1.0809409466150701,0.00017264,0,1.0
33,0.15873844592556213,0.1633784432545929,-0.00033195,1.600149459561681,3.485910062937601,14.830110155300614,-0.21789562370390278,5.430550693101991,-0.04593960525765017,-26.16931460078642,0.14951036861664863,31.77826612175767,0.3196625855594684,3.9428355485513613,-0.03635708494780777,0.1906733645408745,-0.00037072,0.282168347844589,0.00017264,0,1.0
34,0.0009666764292255436,0.46812481016970847,-0.00033195,1.600149459561681,3.485910062937601,15.37556863687996,-0.21789562370390278,21.69356054058558,-0.04593960525765017,-35.81630047262698,0.14951036861664863,-12.774500419260335,0.3196625855594684,-3.2520381810472014,-0.03635708494780777,-0.29529067947812104,-0.00037072,0.4135914425742956,0.00017264,1,1.0
35,0.0011454320246019334,0.028071417616962847,-0.00033195,1.600149459561681,3.485910062937601,72.72374085871759,-0.21789562370390278,25.16665635282992,-0.04593960525765017,-97.48031113772933,0.14951036861664863,70.67949514638256,0.3196625855594684,-5.735505049102358,-0.03635708494780777,0.3686404947248789,-0.00037072,0.7805920352275062,0.00017264,0,1.0
36,-0.251820102494966,0.586999929276322,-0.00033195,1.600149459561681,3.485910062937601,89.10759092381114,-0.21789562370390278,17.611697688550137,-0.04593960525765017,-46.110084043032245,0.14951036861664863,99.91216148152935,0.3196625855594684,-52.227951182421855,-0.03635708494780777,0.4771795641826411,-0.00037072,0.700140784529231,0.00017264,0,1.0
37,0.026908044186118415,0.09460457330972567,-0.00033195,1.600149459561681,3.485910062937601,-20.56345384622618,-0.21789562370390278,-0.05319651496975211,-0.04593960525765017,-50.91652175046655,0.14951036861664863,78.38386681212373,0.3196625855594684,28.799005294484505,-0.03635708494780777,0.014599412049111249,-0.00037072,0.15002677426605224,0.00017264,0,1.0
38,0.7998129086440571,0.32633604076626965,-0.00033195,1.600149459561681,3.485910062937601,-15.504468951778195,-0.21789562370390278,21.79476865379272,-0.04593960525765017,-88.92913251160758,0.14951036861664863,-14.269587424523502,0.3196625855594684,68.91506400862538,-0.03635708494780777,0.08224412304010462,-0.00037072,0.526432824065372,0.00017264,0,1.0
39,0.7568275194516179,0.6948176525168005,-0.00033195,1.600149459561681,3.485910062937601,-83.9517268109606,-0.21789562370390278,5.2097888148324865,-0.04593960525765017,-15.918487206978599,0.14951036861664863,4.222618088902533,0.3196625855594684,61.58271697028542,-0.03635708494780777,-0.46738995595177546,-0.00037072,0.32078154807814296,0.00017264,1,1.0
40,0.0023685760026738167,0.04211943674223377,-0.00033195,1.600149459561681,3.485910062937601,80.34980786939047,-0.21789562370390278,19.287679287643137,-0.04593960525765017,-53.922737255290905,0.14951036861664863,38.26981446458783,0.3196625855594684,-25.767762304088727,-0.03635708494780777,0.40541709808089443,-0.00037072,0.6706350488604556,0.00017264,0,1.0
41,0.676701551255045,0.3157745741390921,-0.00033195,1.600149459561681,3.485910062937601,27.22941431814351,-0.21789562370390278,17.918982035071416,-0.04593960525765017,-16.464380269161566,0.14951036861664863,-99.08932720782434,0.3196625855594684,18.87895814220724,-0.03635708494780777,0.050528729814851486,-0.00037072,0.5064748394422198,0.00017264,0,1.0
42,0.9238111932402164,0.9764066731522004,-0.00033195,1.600149459561681,3.485910062937601,9.722923868839871,-0.21789562370390278,6.1605554921870045,-0.04593960525765017,-65.0100691021909,0.14951036861664863,-0.009901102615626128,0.3196625855594684,59.76459965348315,-0.03635708494780777,0.08160366447039624,-0.00037072,0.9957032130662554,0.00017264,0,1.0
43,0.3587848407782842,0.22180633087497684,-0.00033195,1.600149459561681,3.485910062937601,-9.098873795127401,-0.21789562370390278,18.44832602964175,-0.04593960525765017,-84.2320044846269,0.14951036861664863,14.668913651173906,0.3196625855594684,48.36680389293012,-0.03635708494780777,-0.042186682502161815,-0.00037072,0.3999494560698069,0.00017264,1,1.0
44,0.8192213388168366,0.4398637862726556,-0.00033195,1.600149459561681,3.485910062937601,-13.60820008419095,-0.21789562370390278,10.31251764069126,-0.04593960525765017,-90.43975067783546,0.14951036861664863,74.76753601107066,0.3196625855594684,64.83571761753473,-0.03635708494780777,0.33202924025769415,-0.00037072,0.7110235370027682,0.00017264,0,1.0
45,0.1509345976737817,0.031860683468655164,-0.00033195,1.600149459561681,3.485910062937601,-33.21463516328404,-0.21789562370390278,7.780312892269426,-0.04593960525765017,-69.35750100454078,0.14951036861664863,42.82938478208569,0.3196625855594684,48.627038778511064,-0.03635708494780777,-0.12066249573805762,-0.00037072,0.12104526021623949,0.00017264,1,1.0
46,0.39389398861639013,0.10637140775376257,-0.00033195,1.600149459561681,3.485910062937601,68.68281895431986,-0.21789562370390278,28.25684886356771,-0.04593960525765017,-73.41887397867563,0.14951036861664863,-2.3425054547770414,0.3196625855594684,1.7872960701826348,-0.03635708494780777,0.36136852291895827,-0.00037072,0.8102482243993168,0.00017264,0,1.0
47,1.3591295845332585,0.9031205518706831,-0.00033195,1.600149459561681,3.485910062937601,41.73652170337072,-0.21789562370390278,13.246041446768638,-0.04593960525765017,-25.451111818292237,0.14951036861664863,-86.73697526151041,0.3196625855594684,41.07566100041525,-0.03635708494780777,0.3200815851856903,-0.00037072,1.1527805149682577,0.00017264,0,1.0
48,0.24309496819350623,0.13219732501365702,-0.00033195,1.600149459561681,3.485910062937601,62.799052753402854,-0.21789562370390278,13.129813326196128,-0.04593960525765017,-17.67711397488631,0.14951036861664863,8.2163299099265,0.3196625855594684,-23.46792513259556,-0.03635708494780777,0.44116512823997284,-0.00037072,0.5384029038441892,0.00017264,0,1.0
49,0.47825627103864776,0.027683066322068597,-0.00033195,1.600149459561681,3.485910062937601,-50.837457566451306,-0.21789562370390278,4.824756297341112,-0.04593960525765017,-47.52486309253634,0.14951036861664863,13.611103658861335,0.3196625855594684,59.573637497141036,-0.03635708494780777,-0.04250081177982646,-0.00037072,0.04247837759832807,0.00017264,1,1.0
50,0.9228704262656837,0.343847364667613,-0.00033195,1.600149459561681,3.485910062937601,-9.372186502842622,-0.21789562370390278,19.902157562481797,-0.04593960525765017,-79.2140670672093,0.14951036861664863,-10.565576692590176,0.3196625855594684,64.60003176684,-0.03635708494780777,0.2599610211305351,-0.00037072,0.553593050676906,0.00017264,0,1.0
51,0.9656124216825056,0.38886369207681903,-0.00033195,1.600149459561681,3.485910062937601,17.769137670953683,-0.21789562370390278,17.603681318580026,-0.04593960525765017,-62.719014055366834,0.14951036861664863,-16.93517391383086,0.3196625855594684,46.88889080763555,-0.03635708494780777,0.36982959894047485,-0.00037072,0.7545969744843016,0.00017264,0,1.0
52,0.35431793777981135,0.13799948619794022,-0.00033195,1.600149459561681,3.485910062937601,32.80693676461803,-0.21789562370390278,18.04984269984787,-0.04593960525765017,-67.86281744423385,0.14951036861664863,44.668299703024616,0.3196625855594684,14.006133352919798,-0.03635708494780777,0.418441773860488,-0.00037072,0.5211010609964267,0.00017264,0,1.0
53,0.5937216778772028,0.18061068593972202,-0.00033195,1.600149459561681,3.485910062937601,40.96291842701698,-0.21789562370390278,22.031965159367054,-0.04593960525765017,-56.18339949564685,0.14951036861664863,-7.45460349430033,0.3196625855594684,15.323909853147214,-0.03635708494780777,0.4102328612570236,-0.00037072,0.6284931757734334,0.00017264,0,1.0
54,0.6223866184737606,0.8057854312986161,-0.00033195,1.600149459561681,3.485910062937601,77.58570601998092,-0.21789562370390278,-0.6595186572921957,-0.04593960525765017,-11.539762651323274,0.14951036861664863,36.59153226983693,0.3196625855594684,-13.567055649088594,-0.03635708494780777,0.3015741471268827,-0.00037072,1.358249616045062,0.00017264,0,1.0
55,0.6786407951715661,0.26443861227928206,-0.00033195,1.600149459561681,3.485910062937601,-11.182566405826678,-0.21789562370390278,16.64008333151703,-0.04593960525765017,-39.10954339698942,0.14951036861664863,-34.844694911110075,0.3196625855594684,39.441138175916144,-0.03635708494780777,0.07587065386837766,-0.00037072,0.34506975505466064,0.00017264,0,1.0
56,0.4360679888626039,0.6459857896468353,-0.00033195,1.600149459561681,3.485910062937601,72.11657798742121,-0.21789562370390278,9.83788868233047,-0.04593960525765017,-38.62631546521865,0.14951036861664863,-21.281530416948893,0.3196625855594684,1.6207030557278126,-0.03635708494780777,0.11758726298192795,-0.00037072,1.0506595334878444,0.00017264,0,1.0
57,0.17528048096064164,0.058946730723014505,-0.00033195,1.600149459561681,3.485910062937601,71.36855808617887,-0.21789562370390278,25.51607765999224,-0.04593960525765017,-79.8487393004352,0.14951036861664863,33.23673305102091,0.3196625855594684,-5.211362361965247,-0.03635708494780777,0.3697178849871935,-0.00037072,0.7693854826151941,0.00017264,0,1.0
58,1.0123482374697879,0.556350041389307,-0.00033195,1.600149459561681,3.485910062937601,-56.64312047254702,-0.21789562370390278,22.01251109080037,-0.04593960525765017,-38.10348301129332,0.14951036861664863,-68.50532427466834,0.3196625855594684,68.30298375323443,-0.03635708494780777,-0.312336348702453,-0.00037072,0.4144642460063907,0.00017264,1,1.0
59,0.3478895948726174,0.08847704075051814,-0.00033195,1.600149459561681,3.485910062937601,76.158164707334,-0.21789562370390278,31.03074971305916,-0.04593960525765017,-88.55177428670669,0.14951036861664863,6.35025980298308,0.3196625855594684,2.8579070900672376,-0.03635708494780777,0.34520353783203067,-0.00037072,0.9068346339699116,0.00017264,0,1.0
60,0.1860601616677462,0.01636673639883769,-0.00033195,1.600149459561681,3.485910062937601,-41.083528962870986,-0.21789562370390278,6.707097909222187,-0.04593960525765017,-71.4641522886066,0.14951036861664863,54.33409675039619,0.3196625855594684,53.32164443382196,-0.03635708494780777,-0.08449483558167215,-0.00037072,0.08434341047821253,0.00017264,1,1.0
61,1.1313008346997364,0.3491984601922573,-0.00033195,1.600149459561681,3.485910062937601,-84.92968276847637,-0.21789562370390278,9.42519257326507,-0.04593960525765017,-23.51293853991618,0.14951036861664863,-49.38340744698121,0.3196625855594684,83.73808062947222,-0.03635708494780777,-0.2470823146504503,-0.00037072,0.23965553637032058,0.00017264,1,1.0
62,0.004842775961935497,0.26649756059351676,-0.00033195,1.600149459561681,3.485910062937601,7.594577601837666,-0.21789562370390278,14.271945984131426,-0.04593960525765017,-12.928868311003802,0.14951036861664863,-19.13414076409759,0.3196625855594684,-6.0708613717099515,-0.03635708494780777,-0.2774041424128641,-0.00037072,0.2790099470705039,0.00017264,1,1.0
63,0.30321880042697125,0.07144336388182408,-0.00033195,1.600149459561681,3.485910062937601,-1.9434774692315524,-0.21789562370390278,9.622999516975641,-0.04593960525765017,-11.13775278553208,0.14951036861664863,-65.70741224259041,0.3196625855594684,19.409347058312946,-0.03635708494780777,-0.18419805450396767,-0.00037072,0.18549684546014286,0.00017264,1,1.0
64,0.2625013951324358,0.18461155268231771,-0.00033195,1.600149459561681,3.485910062937601,-11.789477913095977,-0.21789562370390278,16.224482945052845,-0.04593960525765017,-74.29728671270603,0.14951036861664863,6.900908258627584,0.3196625855594684,43.932528264977485,-0.03635708494780777,-0.1338095316898101,-0.00037072,0.3269159581424558,0.00017264,1,1.0
65,1.4582253422492262,0.9522768623279676,-0.00033195,1.600149459561681,3.485910062937601,-17.777873321493807,-0.21789562370390278,16.266903024691977,-0.04593960525765017,-19.823994756957987,0.14951036861664863,-29.20742071184576,0.3196625855594684,50.84973311136502,-0.03635708494780777,0.30369019304813316,-0.00037072,0.8463616183558494,0.00017264,0,1.0
66,-0.13278906862037143,1.2630718822871734,-0.00033195,1.600149459561681,3.485910062937601,84.40553598869656,-0.21789562370390278,28.163396702553634,-0.04593960525765017,-1e-20,0.14951036861664863,-0.7281006222551931,0.3196625855594684,-69.94050582899492,-0.03635708494780777,-0.07870477880649512,-0.00037072,0.854963873569337,0.00017264,1,1.0
67,1.4228364462997054,1.269625735766439,-0.00033195,1.600149459561681,3.485910062937601,33.99365610686601,-0.21789562370390278,52.05777958940055,-0.04593960525765017,-84.13206911063476,0.14951036861664863,-36.72426909707249,0.3196625855594684,34.142387321501005,-0.03635708494780777,0.3024037706600933,-0.00037072,1.3609758225551867,0.00017264,0,1.0
68,0.9238109554820045,0.260592306021929,-0.00033195,1.600149459561681,3.485910062937601,55.88119177110823,-0.21789562370390278,38.74619778384309,-0.04593960525765017,-95.92803986460403,0.14951036861664863,-53.341045674585416,0.3196625855594684,36.20647986421456,-0.03635708494780777,0.33157704866645976,-0.00037072,1.0189758962936313,0.00017264,0,1.0
69,1.0915907124922515,0.6141116044782219,-0.00033195,1.600149459561681,3.485910062937601,-19.411726748503238,-0.21789562370390278,18.801745548095447,-0.04593960525765017,-73.63327725883117,0.14951036861664863,61.30286770982867,0.3196625855594684,57.136599947428586,-0.03635708494780777,0.34249817674377,-0.00037072,0.8357847309017099,0.00017264,0,1.0
70,1.0667655359322854,0.4446573164007256,-0.00033195,1.600149459561681,3.485910062937601,-19.505642602079803,-0.21789562370390278,22.98891193040296,-0.04593960525765017,-62.86278543681295,0.14951036861664863,-92.94312645959494,0.3196625855594684,74.6064194002452,-0.03635708494780777,-0.05879696214875646,-0.00037072,0.539267047212082,0.00017264,1,1.0
71,0.9183388424790773,0.2968550022222384,-0.00033195,1.600149459561681,3.485910062937601,94.69415561488441,-0.21789562370390278,38.39779503464886,-0.04593960525765017,-71.53514477066375,0.14951036861664863,-99.36227075578245,0.3196625855594684,12.411322760911126,-0.03635708494780777,0.34289862050024866,-0.00037072,1.223231467800231,0.00017264,0,1.0
72,0.6658335528171038,0.13236701500801976,-0.00033195,1.600149459561681,3.485910062937601,-58.58929231992992,-0.21789562370390278,15.345292233753483,-0.04593960525765017,-86.2126604461413,0.14951036861664863,-13.636138616551195,0.3196625855594684,88.34103426622595,-0.03635708494780777,-0.2426231752716689,-0.00037072,0.24254319832961416,0.00017264,1,1.0
73,0.000571745557350678,0.14259523029915888,-0.00033195,1.600149459561681,3.485910062937601,45.73507534076129,-0.21789562370390278,12.083860160426482,-0.04593960525765017,-32.82110332897443,0.14951036861664863,43.76209699904684,0.3196625855594684,-18.717446310419447,-0.03635708494780777,0.3196256117770581,-0.00037072,0.38649694054572,0.00017264,0,1.0
74,0.09891298579706576,0.11045334222530871,-0.00033195,1.600149459561681,3.485910062937601,-9.47659036704262,-0.21789562370390278,7.656550370115245,-0.04593960525765017,-62.15108537881192,0.14951036861664863,53.915215198033756,0.3196625855594684,30.180165246562648,-0.03635708494780777,0.05663707291765359,-0.00037072,0.19899061598165013,0.00017264,0,1.0
75,0.1562751921320189,0.055555585304574336,-0.00033195,1.600149459561681,3.485910062937601,58.418124341092856,-0.21789562370390278,23.32977244513343,-0.04593960525765017,-87.77154046757443,0.14951036861664863,58.04897536145104,0.3196625855594684,2.6421556829874002,-0.03635708494780777,0.38818479935581784,-0.00037072,0.7005039404319571,0.00017264,0,1.0
76,0.0006379012059753442,0.3356878828744193,-0.00033195,1.600149459561681,3.485910062937601,-12.270294789533677,-0.21789562370390278,-11.444422792861817,-0.04593960525765017,-13.430021811325823,0.14951036861664863,91.07290560578996,0.3196625855594684,9.01917619116854,-0.03635708494780777,-0.1405857111019354,-0.00037072,0.41386715248754724,0.00017264,1,1.0
77,0.2598866637380154,0.09284513083043051,-0.00033195,1.600149459561681,3.485910062937601,86.79341612695876,-0.21789562370390278,22.013964037194093,-0.04593960525765017,-30.71691017252404,0.14951036861664863,-27.756389928310377,0.3196625855594684,-26.95071863777244,-0.03635708494780777,0.3812591234327588,-0.00037072,0.727924557039111,0.00017264,0,1.0
78,0.23806414848859958,0.09147949604582162,-0.00033195,1.600149459561681,3.485910062937601,68.48391194438464,-0.21789562370390278,19.378909041565258,-0.04593960525765017,-40.48463385634583,0.14951036861664863,6.289708035482347,0.3196625855594684,-16.967177957189442,-0.03635708494780777,0.4197514913200684,-0.00037072,0.6175370975758794,0.00017264,0,1.0
79,0.21229887721838164,0.009499434610629014,-0.00033195,1.600149459561681,3.485910062937601,-45.86024031370332,-0.21789562370390278,5.000936304574174,-0.04593960525765017,-69.14567026484299,0.14951036861664863,60.4598255270464,0.3196625855594684,55.18548041265319,-0.03635708494780777,-0.04930239811813514,-0.00037072,0.048981235885457636,0.00017264,1,1.0
80,1.2682115153496276,1.855294007179881,-0.00033195,1.600149459561681,3.485910062937601,58.721339316308175,-0.21789562370390278,56.4259117213812,-0.04593960525765017,-96.8117045872111,0.14951036861664863,49.311983518203945,0.3196625855594684,6.367902805409952,-0.03635708494780777,0.36283808917421934,-0.00037072,1.7917626155217203,0.00017264,0,1.0
81,1.0892146166674996,0.34174183020273086,-0.00033195,1.600149459561681,3.485910062937601,19.308618337350914,-0.21789562370390278,29.589626879515105,-0.04593960525765017,-79.84314478988773,0.14951036861664863,-45.76381253591132,0.3196625855594684,53.99505161089915,-0.03635708494780777,0.3666907047791828,-0.00037072,0.7753072800845173,0.00017264,0,1.0
82,0.4681623731964569,0.11528221302491548,-0.00033195,1.600149459561681,3.485910062937601,47.5065656464273,-0.21789562370390278,28.56521570527412,-0.04593960525765017,-99.79520540903115,0.14951036861664863,28.88650122941203,0.3196625855594684,24.35151868822142,-0.03635708494780777,0.36377061443161635,-0.00037072,0.7964073095739741,0.00017264,0,1.0
83,0.0027248764389709856,0.166442383753246,-0.00033195,1.600149459561681,3.485910062937601,23.931214483735893,-0.21789562370390278,6.097653326266038,-0.04593960525765017,-46.54286659934573,0.14951036861664863,88.77433112596272,0.3196625855594684,-2.3856118073285497,-0.03635708494780777,0.23907664266250198,-0.00037072,0.4330832611585196,0.00017264,0,1.0
84,0.1317592978639704,0.25774826405543516,-0.00033195,1.600149459561681,3.485910062937601,54.31073338105563,-0.21789562370390278,2.923424645137189,-0.04593960525765017,-24.331602425856467,0.14951036861664863,93.29103220667285,0.3196625855594684,-24.030581682794406,-0.03635708494780777,0.30748190510013107,-0.00037072,0.8431306056108677,0.00017264,0,1.0
85,1.22200894188398,0.6841952397680895,-0.00033195,1.600149459561681,3.485910062937601,68.90492120721943,-0.21789562370390278,22.98102038125213,-0.04593960525765017,-48.0128226398522,0.14951036861664863,-99.77787654636346,0.3196625855594684,32.90363486884557,-0.03635708494780777,0.31592897662602387,-0.00037072,1.2692162309127235,0.00017264,0,1.0
86,0.14066835930874255,0.05041798668555186,-0.00033195,1.600149459561681,3.485910062937601,59.81771003652482,-0.21789562370390278,24.54519750993509,-0.04593960525765017,-93.3291389020302,0.14951036861664863,61.75088894279687,0.3196625855594684,3.3298510726342845,-0.03635708494780777,0.38318977550744937,-0.00037072,0.7233306841417095,0.00017264,0,1.0
87,-1.2597080588094833e-05,0.03625064169603847,-0.00033195,1.600149459561681,3.485910062937601,80.2326136137572,-0.21789562370390278,23.663716516331377,-0.04593960525765017,-85.16825000899077,0.14951036861664863,61.16070421171911,0.3196625855594684,-13.810288448534148,-0.03635708494780777,0.39543648166499945,-0.00037072,0.7895810282376262,0.00017264,0,1.0
88,0.7335140169373205,0.29688078019772146,-0.00033195,1.600149459561681,3.485910062937601,-3.890165145215604,-0.21789562370390278,18.506573588532994,-0.04593960525765017,-67.27359576881084,0.14951036861664863,-22.651766422083664,0.3196625855594684,52.616654166052925,-0.03635708494780777,0.1329795902248363,-0.00037072,0.4922371322659356,0.00017264,0,1.0
89,0.7816037129606962,0.24883132952793136,-0.00033195,1.600149459561681,3.485910062937601,85.25930452582635,-0.21789562370390278,31.68805395760114,-0.04593960525765017,-63.13449205402065,0.14951036861664863,-77.0891750117254,0.3196625855594684,9.735594074322846,-0.03635708494780777,0.3218650998105529,-0.00037072,1.0974409515624481,0.00017264,0,1.0
90,0.2971728803313637,0.07843912460836763,-0.00033195,1.600149459561681,3.485910062937601,83.2794646146991,-0.21789562370390278,31.650888400690818,-0.04593960525765017,-87.31328527463174,0.14951036861664863,5.035419723903795,0.3196625855594684,-2.8687208835602123,-0.03635708494780777,0.3426144486561751,-0.00037072,0.9304625101410504,0.00017264,0,1.0
91,0.8088859037919476,0.2765402325533114,-0.00033195,1.600149459561681,3.485910062937601,-84.67547906394793,-0.21789562370390278,-8.165144180026783,-0.04593960525765017,-25.028428232639722,0.14951036861664863,23.666364961125815,0.3196625855594684,80.27649960828747,-0.03635708494780777,-0.1977227771268644,-0.00037072,0.19745681893145103,0.00017264,1,1.0
92,0.5947941086426439,0.5528719048748769,-0.00033195,1.600149459561681,3.485910062937601,52.422755584680054,-0.21789562370390278,3.6545292831365734,-0.04593960525765017,-27.365577577114834,0.14951036861664863,29.78425495124358,0.3196625855594684,3.6636813426733292,-0.03635708494780777,0.2927763596114983,-0.00037072,1.0347582054137479,0.00017264,0,1.0
93,0.1625916466612718,0.05243811876666886,-0.00033195,1.600149459561681,3.485910062937601,100.0,-0.21789562370390278,32.905364239139274,-0.04593960525765017,-89.608871226719,0.14951036861664863,8.799795571089586,0.3196625855594684,-14.347109501476337,-0.03635708494780777,0.3332539251396768,-0.00037072,1.00620764192603,0.00017264,0,1.0
94,0.1517764895489935,0.05031268136586803,-0.00033195,1.600149459561681,3.485910062937601,-4.146705812278715,-0.21789562370390278,8.178433790726764,-0.04593960525765017,-24.9988490066668,0.14951036861664863,-26.629500102222977,0.3196625855594684,19.358040394083694,-0.03635708494780777,-0.15673525585436682,-0.00037072,0.1572759253930583,0.00017264,1,1.0
95,0.8940303822666966,0.4809484730429026,-0.00033195,1.600149459561681,3.485910062937601,-92.11309449338152,-0.21789562370390278,-13.492246684809407,-0.04593960525765017,-3.02700623033216,0.14951036861664863,22.77251299161182,0.3196625855594684,76.91186072495077,-0.03635708494780777,-0.3121695617048974,-0.00037072,0.3033056384897449,0.00017264,1,1.0
96,1.4765485305035018,1.5485722080045594,-0.00033195,1.600149459561681,3.485910062937601,25.132618882408803,-0.21789562370390278,42.31647773114257,-0.04593960525765017,-57.52800817765947,0.14951036861664863,-1.4868765984915706,0.3196625855594684,25.123099959096432,-0.03635708494780777,0.3089052483749374,-0.00037072,1.4545091707369897,0.00017264,0,1.0
97,0.8396949866410449,0.4769757206246274,-0.00033195,1.600149459561681,3.485910062937601,-58.902249243563546,-0.21789562370390278,1.9179062100411268,-0.04593960525765017,-56.45863885555944,0.14951036861664863,-45.49711853000136,0.3196625855594684,94.05385597126994,-0.03635708494780777,-0.3346110328190858,-0.00037072,0.365631649640761,0.00017264,1,1.0
98,0.5908768185553839,0.2650593469898869,-0.00033195,1.600149459561681,3.485910062937601,-31.253063550357243,-0.21789562370390278,19.410581013727935,-0.04593960525765017,-87.32389598947947,0.14951036861664863,-22.328500003392026,0.3196625855594684,72.65039761991886,-0.03635708494780777,-0.20273920981013838,-0.00037072,0.3909833753076628,0.00017264,1,1.0
99,0.7747108798776934,0.10819810946204148,-0.00033195,1.600149459561681,3.485910062937601,-67.5721152219754,-0.21789562370390278,1.0233747060814427,-0.04593960525765017,-27.24794114858061,0.14951036861664863,-10.965577583040465,0.3196625855594684,70.3271924460307,-0.03635708494780777,-0.06141300834684793,-0.00037072,0.06126197504791808,0.00017264,1,1.0
100,1.1597480536591531,1.2102938783924344,-0.00033195,2.459242111292193,3.0947272010640288,-10.509308925022117,-0.21789562370390278,0.9691791357221865,-0.04593960525765017,-63.873452140135775,0.14951036861664863,23.911355576785915,0.3196625855594684,82.37833226318651,-0.03635708494780777,0.030765086539305486,-0.00037072,0.9210462967110802,0.00017264,0,1.0
101,0.13955714510429607,0.17505608989269525,-0.00033195,2.459242111292193,3.0947272010640288,58.867528822082534,-0.21789562370390278,9.076540365656957,-0.04593960525765017,-65.9040315097992,0.14951036861664863,35.58039213920798,0.3196625855594684,10.950937841976042,-0.03635708494780777,0.2466083003005165,-0.00037072,0.4300938522103235,0.00017264,0,1.0
102,0.8331762415941681,0.4757489553432799,-0.00033195,2.459242111292193,3.0947272010640288,-16.99596036261757,-0.21789562370390278,6.2294712373037,-0.04593960525765017,-82.51776107614661,0.14951036861664863,20.748181441249383,0.3196625855594684,82.10057522178629,-0.03635708494780777,0.019030099334919615,-0.00037072,0.46762921925078627,0.00017264,0,1.0
103,0.0033067447428958285,0.25042414133289387,-0.00033195,2.459242111292193,3.0947272010640288,68.92487364972054,-0.21789562370390278,6.097316923218373,-0.04593960525765017,-43.093777033781556,0.14951036861664863,58.62517928992904,0.3196625855594684,-16.735290532001194,-0.03635708494780777,0.2250629524261442,-0.00037072,0.7620518114579087,0.00017264,0,1.0
104,0.030697317601909968,0.24075862035703166,-0.00033195,2.459242111292193,3.0947272010640288,52.90559124483654,-0.21789562370390278,5.758374997351926,-0.04593960525765017,-71.85346495058096,0.14951036861664863,70.47839961525438,0.3196625855594684,12.761244454347487,-0.03635708494780777,0.20059942560886077,-0.00037072,0.6157052366832846,0.00017264,0,1.0
105,0.9368177861025117,0.1262088110815132,-0.00033195,2.459242111292193,3.0947272010640288,-76.4087007956975,-0.21789562370390278,7.667849592641175,-0.04593960525765017,-65.49990480303339,0.14951036861664863,-5.303502509933746,0.3196625855594684,95.5556483410837,-0.03635708494780777,-0.12351190417522377,-0.00037072,0.12358064829778174,0.00017264,1,1.0
106,0.3341753349725942,0.4705827971408093,-0.00033195,2.459242111292193,3.0947272010640288,-90.87869318923984,-0.21789562370390278,-11.952696707583458,-0.04593960525765017,-23.83263731253945,0.14951036861664863,62.03459888633745,0.3196625855594684,71.3509587763333,-0.03635708494780777,-0.35563461893008474,-0.00037072,0.3454551323106563,0.00017264,1,1.0
107,0.9462483300474376,0.20804142584003282,-0.00033195,2.459242111292193,3.0947272010640288,-26.058735438236152,-0.21789562370390278,10.841264085403242,-0.04593960525765017,-60.81862219302913,0.14951036861664863,-46.64095722543627,0.3196625855594684,78.33103476654826,-0.03635708494780777,-0.2453207871974172,-0.00037072,0.2495739684270277,0.00017264,1,1.0
108,0.26362402277250785,1.440465871882356,-0.00033195,2.459242111292193,3.0947272010640288,-86.17701862695762,-0.21789562370390278,3.9436344270242762,-0.04593960525765017,-40.930659658015834,0.14951036861664863,-8.623667191632903,0.3196625855594684,68.5286706189381,-0.03635708494780777,-0.6754997766903597,-0.00037072,-0.02220096071348293,0.00017264,1,1.0
109,1.3896789621484893,0.6619975304858293,-0.00033195,2.459242111292193,3.0947272010640288,25.111467202492097,-0.21789562370390278,17.599385350083363,-0.04593960525765017,-80.16392720390414,0.14951036861664863,-86.50804306635861,0.3196625855594684,85.41201407071219,-0.03635708494780777,-0.1559514739952032,-0.00037072,0.527196115566329,0.00017264,1,1.0
110,0.7446036689825577,0.622525160304622,-0.00033195,2.459242111292193,3.0947272010640288,-11.350587967898226,-0.21789562370390278,4.019638197840954,-0.04593960525765017,-88.10316912478194,0.14951036861664863,56.66346385664311,0.3196625855594684,77.19216719819143,-0.03635708494780777,0.0879541854863089,-0.00037072,0.6804086796388382,0.00017264,0,1.0
111,-0.0006498328377999574,0.28158414312824254,-0.00033195,2.459242111292193,3.0947272010640288,57.37356393245917,-0.21789562370390278,7.767541782219102,-0.04593960525765017,-56.52843911198466,0.14951036861664863,78.03854819172756,0.3196625855594684,-9.930115486120682,-0.03635708494780777,0.2136418560926524,-0.00037072,0.8374364307859202,0.00017264,0,1.0
112,0.530257572780074,2.67496304148745,-0.00033195,2.459242111292193,3.0947272010640288,-62.76434244550753,-0.21789562370390278,18.90181351827462,-0.04593960525765017,-4.241964689767583,0.14951036861664863,-45.78735735134877,0.3196625855594684,12.29410011831288,-0.03635708494780777,-0.9640764125604782,-0.00037072,0.8265490564041318,0.00017264,1,1.0
113,-0.009354805030177715,0.7676268855828257,-0.00033195,2.459242111292193,3.0947272010640288,74.58441207458374,-0.21789562370390278,6.233789187417379,-0.04593960525765017,-0.48771469599126566,0.14951036861664863,48.51103232016598,0.3196625855594684,-54.48763858207962,-0.03635708494780777,0.06444141840131146,-0.00037072,1.1480582939970927,0.00017264,0,1.0
114,1.0992839512908457,0.2121874303012998,-0.00033195,2.459242111292193,3.0947272010640288,-47.28003822274967,-0.21789562370390278,3.9932472026372374,-0.04593960525765017,-12.799425247726804,0.14951036861664863,-66.74234217207847,0.3196625855594684,68.06363855450032,-0.03635708494780777,-0.11088916310537136,-0.00037072,0.11123388248877611,0.00017264,1,1.0
115,1.587069240367121,2.2519260610972394,-0.00033195,2.459242111292193,3.0947272010640288,90.77529304320095,-0.21789562370390278,6.183289012025678,-0.04593960525765017,-93.36426195695691,0.14951036861664863,31.689885826913972,0.3196625855594684,69.57265983055976,-0.03635708494780777,0.2709549465374499,-0.00037072,1.85099070138918,0.00017264,0,1.0
116,0.44957766229346685,1.71399821073827,-0.00033195,2.459242111292193,3.0947272010640288,66.94822107057868,-0.21789562370390278,34.55316908225862,-0.04593960525765017,-85.50873855074661,0.14951036861664863,-82.79113291083915,0.3196625855594684,11.934954444659171,-0.03635708494780777,-0.7700612074621309,-0.00037072,0.7858868019151368,0.00017264,1,1.0
117,0.001818935660015203,0.6019336553512624,-0.00033195,2.459242111292193,3.0947272010640288,70.40696200256077,-0.21789562370390278,-1.0080463077687423,-0.04593960525765017,-39.454146027636256,0.14951036861664863,91.4508808615116,0.3196625855594684,-14.434995501894699,-0.03635708494780777,0.13335127482852782,-0.00037072,1.138806414286062,0.00017264,0,1.0
118,0.5775562743843726,0.7766566098387225,-0.00033195,2.459242111292193,3.0947272010640288,-19.23014991103045,-0.21789562370390278,-6.149742093376501,-0.04593960525765017,-20.16716451086527,0.14951036861664863,17.782644752157417,0.3196625855594684,48.56770084265788,-0.03635708494780777,-0.20235570504419348,-0.00037072,0.6048814061113934,0.00017264,1,1.0
119,2.5928341802261556e-05,0.2505641103433673,-0.00033195,2.459242111292193,3.0947272010640288,0.9011708668518771,-0.21789562370390278,1.4130383118887424,-0.04593960525765017,-40.53704824315986,0.14951036861664863,70.95436474098821,0.3196625855594684,12.27404512643394,-0.03635708494780777,0.058853574569746825,-0.00037072,0.4913874200128018,0.00017264,0,1.0
120,1.0576151628365271,0.16800943896987425,-0.00033195,2.459242111292193,3.0947272010640288,-77.13103557528076,-0.21789562370390278,4.471691286692405,-0.04593960525765017,-36.66054904922034,0.14951036861664863,-29.072170910562093,0.3196625855594684,87.15406741248331,-0.03635708494780777,-0.06278665821178506,-0.00037072,0.06295284477881566,0.00017264,1,1.0
121,0.7760954423184564,0.8536602091197716,-0.00033195,2.459242111292193,3.0947272010640288,44.021848377794704,-0.21789562370390278,2.730256426477847,-0.04593960525765017,-48.53243077337755,0.14951036861664863,30.24830824469551,0.3196625855594684,33.113434419477784,-0.03635708494780777,0.16415758519760304,-0.00037072,1.0135676645773746,0.00017264,0,1.0
122,0.3047995620966466,0.0881149736711707,-0.00033195,2.459242111292193,3.0947272010640288,-60.522287800950565,-0.21789562370390278,9.197810236001846,-0.04593960525765017,-85.62601185402751,0.14951036861664863,51.91620029078806,0.3196625855594684,71.20319202364018,-0.03635708494780777,-0.19498223112639054,-0.00037072,0.19478023528702967,0.00017264,1,1.0
123,0.001072209983787653,0.062267085877432966,-0.00033195,2.459242111292193,3.0947272010640288,84.74832396642226,-0.21789562370390278,14.401423394452886,-0.04593960525765017,-99.96466545377056,0.14951036861664863,77.93199546816058,0.3196625855594684,4.400581836809925,-0.03635708494780777,0.4042913458359018,-0.00037072,0.6553769589211109,0.00017264,0,1.0
124,1.312091558261703,0.2869514119067053,-0.00033195,2.459242111292193,3.0947272010640288,-58.50538164759553,-0.21789562370390278,6.438693961877698,-0.04593960525765017,-12.38105287850844,0.14951036861664863,-82.80170530321651,0.3196625855594684,76.64722487600618,-0.03635708494780777,-0.10712990466641543,-0.00037072,0.10698395096712772,0.00017264,1,1.0
125,-6.543354248594868e-05,0.1134753925520062,-0.00033195,2.459242111292193,3.0947272010640288,-26.026648283990326,-0.21789562370390278,3.871349217657675,-0.04593960525765017,-43.98300204762347,0.14951036861664863,52.79535080238894,0.3196625855594684,24.945816024891567,-0.03635708494780777,-0.058601308789118456,-0.00037072,0.21791867477793198,0.00017264,1,1.0
126,-0.3150997434368934,1.8552452779974404,-0.00033195,2.459242111292193,3.0947272010640288,79.06880845129669,-0.21789562370390278,16.145978704028146,-0.04593960525765017,-9.807167285763752,0.14951036861664863,13.6617461406249,0.3196625855594684,-67.5754115488827,-0.03635708494780777,-0.27058412968460954,-0.00037072,0.9096494753584939,0.00017264,1,1.0
127,0.013601941485455793,0.15522563989603383,-0.00033195,2.459242111292193,3.0947272010640288,40.27577932934395,-0.21789562370390278,12.408590402449095,-0.04593960525765017,-65.05883250794308,0.14951036861664863,15.129055917878375,0.3196625855594684,12.19507975479475,-0.03635708494780777,-0.04587109219095048,-0.00037072,0.2840262403892256,0.00017264,1,1.0
128,1.3788065727157515,2.3736110698748556,-0.00033195,2.459242111292193,3.0947272010640288,42.4724661569209,-0.21789562370390278,-3.466364870513369,-0.04593960525765017,-30.66692341283182,0.14951036861664863,16.145777377917767,0.3196625855594684,51.32041921117634,-0.03635708494780777,0.055632706522319,-0.00037072,1.5934237495997876,0.00017264,0,1.0
129,0.0123930641342051,0.17963319581058734,-0.00033195,2.459242111292193,3.0947272010640288,58.55351986295679,-0.21789562370390278,5.073699206671677,-0.04593960525765017,-33.86842350467664,0.14951036861664863,24.605807203661495,0.3196625855594684,-8.916280036625137,-0.03635708494780777,0.17352821611437902,-0.00037072,0.4043929205549405,0.00017264,0,1.0
130,0.7807446709202905,0.5924565200385505,-0.00033195,2.459242111292193,3.0947272010640288,-53.02756514806969,-0.21789562370390278,12.677821630101779,-0.04593960525765017,-25.594452848811525,0.14951036861664863,-39.44162099347271,0.3196625855594684,46.23393737180026,-0.03635708494780777,-0.41389057235481547,-0.00037072,0.4155694225507572,0.00017264,1,1.0
131,0.21293161711784925,0.1061348565758446,-0.00033195,2.459242111292193,3.0947272010640288,2.105015820593884,-0.21789562370390278,9.461621384633228,-0.04593960525765017,-73.67919953679949,0.14951036861664863,13.04555966035645,0.3196625855594684,46.0430732174417,-0.03635708494780777,-0.20608298033635505,-0.00037072,0.22598156513700193,0.00017264,1,1.0
132,0.8806070952189751,1.0145994245462635,-0.00033195,2.459242111292193,3.0947272010640288,-7.971753840578207,-0.21789562370390278,23.57961309292741,-0.04593960525765017,-51.22542261938033,0.14951036861664863,-78.79445585382037,0.3196625855594684,42.824867635944095,-0.03635708494780777,-0.57194621211494,-0.00037072,0.5725755838340311,0.00017264,1,1.0
133,-0.0003107758775280911,0.5730865454841719,-0.00033195,2.459242111292193,3.0947272010640288,30.698314554594617,-0.21789562370390278,-3.750263185718064,-0.04593960525765017,-9.277598031991932,0.14951036861664863,71.93488565343269,0.3196625855594684,-15.36474931632659,-0.03635708494780777,0.022198072713944805,-0.00037072,0.8969903418096448,0.00017264,0,1.0
134,0.6464700633348461,0.15327251115651366,-0.00033195,2.459242111292193,3.0947272010640288,-28.665448186736317,-0.21789562370390278,6.398824568271812,-0.04593960525765017,-4.614665007856823,0.14951036861664863,-46.70768709602402,0.3196625855594684,31.01137558670173,-0.03635708494780777,-0.17121479647615134,-0.00037072,0.17307496874072648,0.00017264,1,1.0
135,0.8672330853734218,0.8049197897334341,-0.00033195,2.459242111292193,3.0947272010640288,13.850209738643972,-0.21789562370390278,24.516014681952424,-0.04593960525765017,-61.120495644508274,0.14951036861664863,-86.28805568975585,0.3196625855594684,43.48791436590627,-0.03635708494780777,-0.5219759713234448,-0.00037072,0.5312073913406735,0.00017264,1,1.0
136,1.0806540471948345,0.25721177708693854,-0.00033195,2.459242111292193,3.0947272010640288,-4.8220288252653365,-0.21789562370390278,11.410259809401243,-0.04593960525765017,-26.736437200831233,0.14951036861664863,-95.48306786917689,0.3196625855594684,56.623798190367154,-0.03635708494780777,-0.24730664673941033,-0.00037072,0.24844014019352817,0.00017264,1,1.0
137,0.3942435410917424,0.5068614406145839,-0.00033195,2.459242111292193,3.0947272010640288,79.34152308509236,-0.21789562370390278,2.1933031790689275,-0.04593960525765017,-9.863132908326937,0.14951036861664863,-15.12810056945323,0.3196625855594684,-10.001801492116893,-0.03635708494780777,0.09145531404312723,-0.00037072,0.706227982910698,0.00017264,0,1.0
138,0.151463253141511,0.2517764610010973,-0.00033195,2.459242111292193,3.0947272010640288,8.643411450695503,-0.21789562370390278,3.2104209070532614,-0.04593960525765017,-67.27744109312619,0.14951036861664863,62.89175649993588,0.3196625855594684,35.68822596907185,-0.03635708494780777,0.08474437001020524,-0.00037072,0.4261208191291224,0.00017264,0,1.0
139,0.3232125331548926,0.0312959890736966,-0.00033195,2.459242111292193,3.0947272010640288,-55.71307499061158,-0.21789562370390278,6.820303471219452,-0.04593960525765017,-87.57517318394356,0.14951036861664863,52.18840688202279,0.3196625855594684,76.81766729359221,-0.03635708494780777,-0.11617066830870144,-0.00037072,0.11757970445698603,0.00017264,1,1.0
140,-0.022218152867213847,1.1254365584281967,-0.00033195,2.459242111292193,3.0947272010640288,62.95648444875312,-0.21789562370390278,21.378131199986118,-0.04593960525765017,-77.67812641980906,0.14951036861664863,68.7715382002881,0.3196625855594684,-20.838639172507918,-0.03635708494780777,-0.06754452557428592,-0.00037072,1.1214403098312187,0.00017264,1,1.0
141,0.515147266627161,0.9349000831641507,-0.00033195,2.459242111292193,3.0947272010640288,48.16409779532087,-0.21789562370390278,-0.3777360433122013,-0.04593960525765017,-50.93261069602619,0.14951036861664863,72.24515195055133,0.3196625855594684,21.57325111540408,-0.03635708494780777,0.13415985963794652,-0.00037072,1.2119006422402427,0.00017264,0,1.0
142,0.019768324181578256,2.1185599786038427,-0.00033195,2.459242111292193,3.0947272010640288,42.39815659768097,-0.21789562370390278,23.4555623038004,-0.04593960525765017,-4.926229887515088,0.14951036861664863,-64.24766622987485,0.3196625855594684,-43.36893932901134,-0.03635708494780777,-0.8147123735756524,-0.00037072,0.8002128982158886,0.00017264,1,1.0
143,-0.0030982444590472585,0.46090978861899556,-0.00033195,2.459242111292193,3.0947272010640288,67.73212255169058,-0.21789562370390278,0.727873468453949,-0.04593960525765017,-36.435625598807135,0.14951036861664863,77.43359108042253,0.3196625855594684,-16.054045897989294,-0.03635708494780777,0.15379617241739824,-0.00037072,0.9856104243401105,0.00017264,0,1.0
144,0.14569321972912835,0.02260287993458957,-0.00033195,2.459242111292193,3.0947272010640288,2.127199155833761,-0.21789562370390278,5.0266991359281015,-0.04593960525765017,-29.033617482939245,0.14951036861664863,-3.916212554099543,0.3196625855594684,19.068185331096426,-0.03635708494780777,-0.10383636009242829,-0.00037072,0.10496752656928403,0.00017264,1,1.0
145,0.2333803741862046,0.5070714570889431,-0.00033195,2.459242111292193,3.0947272010640288,35.23650889266794,-0.21789562370390278,14.138144840398786,-0.04593960525765017,-1e-20,0.14951036861664863,-66.74112561700731,0.3196625855594684,-18.37605356870097,-0.03635708494780777,-0.3964551753169038,-0.00037072,0.3907144502272265,0.00017264,1,1.0
146,1.1563959584784964,0.2120501515187874,-0.00033195,2.459242111292193,3.0947272010640288,-86.84631171748401,-0.21789562370390278,3.4743739972619743,-0.04593960525765017,-27.079670057246815,0.14951036861664863,-36.16888860493116,0.3196625855594684,88.97547705181475,-0.03635708494780777,-0.03801147829723645,-0.00037072,0.03839742677976044,0.00017264,1,1.0
147,0.27949246738164735,0.16972711968276272,-0.00033195,2.459242111292193,3.0947272010640288,82.27108105366334,-0.21789562370390278,10.850248540133618,-0.04593960525765017,-0.46855903016475803,0.14951036861664863,-94.96455421310695,0.3196625855594684,-18.451623766255032,-0.03635708494780777,-0.2787036243724565,-0.00037072,0.28772718653805324,0.00017264,1,1.0
148,0.19839068247840658,0.0512668781506126,-0.00033195,2.459242111292193,3.0947272010640288,-26.25868301304462,-0.21789562370390278,8.04984802722951,-0.04593960525765017,-79.44355376901443,0.14951036861664863,37.278562546761904,0.3196625855594684,57.193457458121905,-0.03635708494780777,-0.15465073010407152,-0.00037072,0.15745238271285503,0.00017264,1,1.0
149,-0.30117689048634444,0.748600114028731,-0.00033195,2.459242111292193,3.0947272010640288,97.35358797860258,-0.21789562370390278,11.648734182741652,-0.04593960525765017,-53.35542441077547,0.14951036861664863,19.5739280342142,0.3196625855594684,-26.85896034598981,-0.03635708494780777,0.14317840102735488,-0.00037072,0.3182925614329841,0.00017264,0,1.0
150,-5.163118613993323e-05,0.30606222821655016,-0.00033195,2.459242111292193,3.0947272010640288,72.32949243173132,-0.21789562370390278,5.288252442395935,-0.04593960525765017,-38.811913401444485,0.14951036861664863,65.30434200196494,0.3196625855594684,-22.025397716453995,-0.03635708494780777,0.21480623291388656,-0.00037072,0.8874852876413605,0.00017264,0,1.0
151,-0.7867615632197409,2.7184643196904945,-0.00033195,2.459242111292193,3.0947272010640288,45.113306016343685,-0.21789562370390278,4.829235724538035,-0.04593960525765017,-0.44154402146108707,0.14951036861664863,96.78529404143235,0.3196625855594684,-75.21245771683239,-0.03635708494780777,-0.2762615186218602,-0.00037072,0.9895149804604013,0.00017264,1,1.0
152,-0.0009592540174023778,0.3474031136456672,-0.00033195,2.459242111292193,3.0947272010640288,65.1468069354016,-0.21789562370390278,12.661144795342134,-0.04593960525765017,-72.79073660890666,0.14951036861664863,87.99700575811733,0.3196625855594684,-11.855735119905795,-0.03635708494780777,0.21502370491051914,-0.00037072,0.9773144980552452,0.00017264,0,1.0
153,-1.0211587658603953,12.860074269496408,-0.00033195,2.459242111292193,3.0947272010640288,-85.40349971626907,-0.21789562370390278,28.35071803625554,-0.04593960525765017,-15.227536219726813,0.14951036861664863,41.9576183679103,0.3196625855594684,-56.68661131916057,-0.03635708494780777,-2.1696565903567326,-0.00037072,1.346801792317259,0.00017264,1,1.0
154,0.0004271561726545414,0.13289689008822617,-0.00033195,2.459242111292193,3.0947272010640288,57.69244683064063,-0.21789562370390278,11.026243118798964,-0.04593960525765017,-70.8871838156002,0.14951036861664863,37.67740201819467,0.3196625855594684,7.264739265045638,-0.03635708494780777,0.25007988041201784,-0.00037072,0.29610578546549843,0.00017264,0,1.0
155,1.039281226604348,2.2188308884623886,-0.00033195,2.459242111292193,3.0947272010640288,88.90081967074364,-0.21789562370390278,4.151466850082709,-0.04593960525765017,-58.90184826458012,0.14951036861664863,-68.597413096373,0.3196625855594684,58.399760924698384,-0.03635708494780777,-0.4987611533994167,-0.00037072,1.1036299424952873,0.00017264,1,1.0
156,0.1341311456165466,0.6340177305447201,-0.00033195,2.459242111292193,3.0947272010640288,5.635497212725372,-0.21789562370390278,-5.314481094108283,-0.04593960525765017,-34.7668889715912,0.14951036861664863,66.27910651319627,0.3196625855594684,25.052597331896788,-0.03635708494780777,-0.09481548996610029,-0.00037072,0.6878442235475313,0.00017264,1,1.0
157,0.8363916904567003,1.4812334887911431,-0.00033195,2.459242111292193,3.0947272010640288,-61.4076747454158,-0.21789562370390278,21.53075557451133,-0.04593960525765017,-54.69879762550554,0.14951036861664863,-34.40845148311618,0.3196625855594684,55.82880520179968,-0.03635708494780777,-0.6889333657614202,-0.00037072,0.6899536559946652,0.00017264,1,1.0
158,0.9030001491082571,0.15991818206168262,-0.00033195,2.459242111292193,3.0947272010640288,-27.67504010081012,-0.21789562370390278,9.633797797859579,-0.04593960525765017,-43.79883999947367,0.14951036861664863,-50.96597159537156,0.3196625855594684,66.4951074137196,-0.03635708494780777,-0.19368036113021125,-0.00037072,0.19348790943670335,0.00017264,1,1.0
159,0.08802576961387176,0.07071625695788161,-0.00033195,2.459242111292193,3.0947272010640288,0.7673784722319636,-0.21789562370390278,8.013388819475406,-0.04593960525765017,-40.864164842838676,0.14951036861664863,5.283773455101806,0.3196625855594684,19.385967344934087,-0.03635708494780777,-0.16372371757603635,-0.00037072,0.16762122747543898,0.00017264,1,1.0
160,0.8458840541429419,0.382707728189406,-0.00033195,2.459242111292193,3.0947272010640288,-23.13773897883872,-0.21789562370390278,12.914220069949252,-0.04593960525765017,-18.416727683741062,0.14951036861664863,-69.76924634018688,0.3196625855594684,38.93958613012685,-0.03635708494780777,-0.31384403138110356,-0.00037072,0.31601390828594306,0.00017264,1,1.0
161,-0.006658134196530552,0.5154993605431432,-0.00033195,2.459242111292193,3.0947272010640288,-17.17686344316156,-0.21789562370390278,4.226560860177667,-0.04593960525765017,-26.900725958086536,0.14951036861664863,64.44158286840796,0.3196625855594684,2.202591040940937,-0.03635708494780777,-0.13644376142588704,-0.00037072,0.6190638515318645,0.00017264,1,1.0
162,0.4054445825587,0.08794321736081906,-0.00033195,2.459242111292193,3.0947272010640288,-44.57875954146858,-0.21789562370390278,2.4425479484872445,-0.04593960525765017,-60.255097836284754,0.14951036861664863,27.49184077887291,0.3196625855594684,67.31127525376677,-0.03635708494780777,-0.1431338276608504,-0.00037072,0.15066610520207582,0.00017264,1,1.0
163,0.377974139751186,4.374395778742307,-0.00033195,2.459242111292193,3.0947272010640288,31.332981824527323,-0.21789562370390278,-18.004561952141778,-0.04593960525765017,-34.49765698068236,0.14951036861664863,28.60285974613602,0.3196625855594684,60.61286182758934,-0.03635708494780777,-0.9681606753594867,-0.00037072,1.3503864854986998,0.00017264,1,1.0
164,-0.0012025232926377027,0.33580990752641426,-0.00033195,2.459242111292193,3.0947272010640288,-81.2663860395784,-0.21789562370390278,-9.210915340640181,-0.04593960525765017,-7.999612567608341,0.14951036861664863,91.07991299266381,0.3196625855594684,30.514216846094033,-0.03635708494780777,-0.22945623711481322,-0.00037072,0.4399916808136535,0.00017264,1,1.0
165,0.8559586813217342,0.6623134999689988,-0.00033195,2.459242111292193,3.0947272010640288,85.40972645436669,-0.21789562370390278,9.005234612168904,-0.04593960525765017,-60.92180583364468,0.14951036861664863,10.534363696789447,0.3196625855594684,23.18768241093805,-0.03635708494780777,0.3200742495252843,-0.00037072,1.0468559820169827,0.00017264,0,1.0
166,-0.6632391783417084,2.764914823128607,-0.00033195,2.459242111292193,3.0947272010640288,-2.216842914066611,-0.21789562370390278,11.626516943355144,-0.04593960525765017,-27.95788900003,0.14951036861664863,69.49804932428448,0.3196625855594684,-37.304688367694794,-0.03635708494780777,-0.6183182975581193,-0.00037072,0.7141696821848372,0.00017264,1,1.0
167,1.2022851209030623,2.643142534388942,-0.00033195,2.459242111292193,3.0947272010640288,-4.273250337967564,-0.21789562370390278,-9.29066711512526,-0.04593960525765017,-38.70141566573327,0.14951036861664863,61.399511110611904,0.3196625855594684,70.49627131213849,-0.03635708494780777,-0.09903898260706168,-0.00037072,1.570666767320674,0.00017264,1,1.0
168,0.5729661419287443,1.560601903514849,-0.00033195,2.459242111292193,3.0947272010640288,22.297470784115916,-0.21789562370390278,-8.05847245263927,-0.04593960525765017,-28.838120348190067,0.14951036861664863,66.13500127645092,0.3196625855594684,31.37948735888293,-0.03635708494780777,-0.08599123120812857,-0.00037072,1.2515795974959358,0.00017264,1,1.0
169,1.1588571460031574,0.2747640418003109,-0.00033195,2.459242111292193,3.0947272010640288,-28.625372149486598,-0.21789562370390278,12.670254270725017,-0.04593960525765017,-53.568541928053,0.14951036861664863,-72.03873237759075,0.3196625855594684,81.72206422215726,-0.03635708494780777,-0.2608990408304557,-0.00037072,0.26097389249976133,0.00017264,1,1.0
170,0.0043250249677184716,0.7142281313063625,-0.00033195,2.459242111292193,3.0947272010640288,49.67477852186069,-0.21789562370390278,16.377158325336552,-0.04593960525765017,-53.15321423850611,0.14951036861664863,39.1492134153855,0.3196625855594684,-17.689190765063707,-0.03635708494780777,-0.07244655718183196,-0.00037072,0.80391603523173,0.00017264,1,1.0
171,0.20677236719261957,0.0099032731928856,-0.00033195,2.459242111292193,3.0947272010640288,-46.99599720544834,-0.21789562370390278,-0.039442547407830354,-0.04593960525765017,-26.10370077127025,0.14951036861664863,28.70041348347409,0.3196625855594684,37.5875651127843,-0.03635708494780777,-0.04145725781331785,-0.00037072,0.042346167913116566,0.00017264,1,1.0
172,0.3013912414547023,0.08816649630103768,-0.00033195,2.459242111292193,3.0947272010640288,-76.17623734344433,-0.21789562370390278,-3.236206814599123,-0.04593960525765017,-49.61081486487843,0.14951036861664863,59.033174239146454,0.3196625855594684,69.89072124629604,-0.03635708494780777,-0.1295401641351977,-0.00037072,0.12955518171015995,0.00017264,1,1.0
173,0.013560463797981814,0.08607219027646315,-0.00033195,2.459242111292193,3.0947272010640288,-28.831725434751583,-0.21789562370390278,3.4453154435645335,-0.04593960525765017,-23.20723148025993,0.14951036861664863,26.960219117607334,0.3196625855594684,16.17815651165311,-0.03635708494780777,-0.1768199001133831,-0.00037072,0.17666923227496745,0.00017264,1,1.0
174,1.294959408579027,1.3267560691116191,-0.00033195,2.459242111292193,3.0947272010640288,9.963944794243158,-0.21789562370390278,1.3013133428881158,-0.04593960525765017,-33.347979929235315,0.14951036861664863,-64.79433411970417,0.3196625855594684,76.14164085405855,-0.03635708494780777,-0.2863672972462466,-0.00037072,0.7435000281202668,0.00017264,1,1.0
175,0.2761228084883022,0.30655104375743986,-0.00033195,2.459242111292193,3.0947272010640288,17.621633396146827,-0.21789562370390278,12.651158701347981,-0.04593960525765017,-19.542621272613854,0.14951036861664863,-42.62890035376867,0.3196625855594684,2.87366816790138,-0.03635708494780777,-0.3056054338030417,-0.00037072,0.3198992527403671,0.00017264,1,1.0
176,0.24276672006213662,0.18349337602650267,-0.00033195,2.459242111292193,3.0947272010640288,96.04935819492626,-0.21789562370390278,15.364348388618955,-0.04593960525765017,-57.596326677139125,0.14951036861664863,-19.371188000194813,0.3196625855594684,-5.161382997865046,-0.03635708494780777,0.1930079997167174,-0.00037072,0.4125939559630813,0.00017264,0,1.0
177,0.3607835568542488,1.3101091448030957,-0.00033195,2.459242111292193,3.0947272010640288,-61.74945339383604,-0.21789562370390278,19.665509698473727,-0.04593960525765017,-77.74293890780186,0.14951036861664863,22.812146191256407,0.3196625855594684,51.535511925496294,-0.03635708494780777,-0.6771985336595058,-0.00037072,0.6368256192284664,0.00017264,1,1.0
178,0.0003845271909422854,0.12970747252707118,-0.00033195,2.459242111292193,3.0947272010640288,2.3252488240963127,-0.21789562370390278,8.763681927925385,-0.04593960525765017,-99.19489612964301,0.14951036861664863,88.08209742151229,0.3196625855594684,43.008839248255,-0.03635708494780777,0.2112622736932178,-0.00037072,0.25137856575446016,0.00017264,0,1.0
179,1.2357604106695053,0.6364113848447371,-0.00033195,2.459242111292193,3.0947272010640288,-11.857182154752255,-0.21789562370390278,23.225406257673896,-0.04593960525765017,-73.1548718033599,0.14951036861664863,-93.76526347646883,0.3196625855594684,78.25444783886242,-0.03635708494780777,-0.4580360234923453,-0.00037072,0.46094914126214004,0.00017264,1,1.0
180,0.5187534790617465,0.24345146106806265,-0.00033195,2.459242111292193,3.0947272010640288,78.53663187467627,-0.21789562370390278,17.573136648287885,-0.04593960525765017,-81.44425691686286,0.14951036861664863,-17.529545601296444,0.3196625855594684,24.36482050301432,-0.03635708494780777,0.17740641165666013,-0.00037072,0.4706772868611625,0.00017264,0,1.0
181,0.3475887960303905,0.13412883745040918,-0.00033195,2.459242111292193,3.0947272010640288,52.57999536249574,-0.21789562370390278,10.45900292720245,-0.04593960525765017,-15.751973809208572,0.14951036861664863,-72.20350721300743,0.3196625855594684,2.0356722756204015,-0.03635708494780777,-0.2522192387398416,-0.00037072,0.2521652443932076,0.00017264,1,1.0
182,0.0015041579772854252,0.44007395982173714,-0.00033195,2.459242111292193,3.0947272010640288,88.3761693565022,-0.21789562370390278,15.520244633007211,-0.04593960525765017,-69.5422823300319,0.14951036861664863,81.97299330242721,0.3196625855594684,-27.639349365053725,-0.03635708494780777,0.22500457678664432,-0.00037072,1.1495861429744934,0.00017264,0,1.0
183,0.11488189505396207,0.08226989816543305,-0.00033195,2.459242111292193,3.0947272010640288,51.39421486815,-0.21789562370390278,7.949602458260358,-0.04593960525765017,-13.382471211243873,0.14951036861664863,-47.89159614304411,0.3196625855594684,-7.297002657249357,-0.03635708494780777,-0.2003522153837439,-0.00037072,0.20080547632366805,0.00017264,1,1.0
184,0.7986001914005336,0.16739491070874357,-0.00033195,2.459242111292193,3.0947272010640288,-71.66318105827328,-0.21789562370390278,-1.3738785014746913,-0.04593960525765017,-25.138328349176525,0.14951036861664863,-7.5571846662396505,0.3196625855594684,74.67479479560875,-0.03635708494780777,-0.12536708360463622,-0.00037072,0.12343850243531858,0.00017264,1,1.0
185,0.00042993251002654276,0.06650763481464561,-0.00033195,2.459242111292193,3.0947272010640288,40.07588573098814,-0.21789562370390278,3.4329800097574212,-0.04593960525765017,-0.5118643537140255,0.14951036861664863,-18.38272084289983,0.3196625855594684,-16.2900208164536,-0.03635708494780777,0.042194605180834226,-0.00037072,0.10552248770397232,0.00017264,0,1.0
186,0.8620225207046084,0.8120296076972262,-0.00033195,2.459242111292193,3.0947272010640288,50.53639859944189,-0.21789562370390278,3.5760825071998887,-0.04593960525765017,-34.03464922080917,0.14951036861664863,-18.935343953210083,0.3196625855594684,32.41157227421829,-0.03635708494780777,0.07437040632121211,-0.00037072,0.7983984949962137,0.00017264,0,1.0
187,-0.1952939453140652,1.429677811686111,-0.00033195,2.459242111292193,3.0947272010640288,60.31124099255869,-0.21789562370390278,18.724311546275583,-0.04593960525765017,-66.38728998143795,0.14951036861664863,72.96572760034863,0.3196625855594684,-29.90802542214134,-0.03635708494780777,-0.110545062979437,-0.00037072,1.0476923328352168,0.00017264,1,1.0
188,0.3550096853662034,0.11651763300438922,-0.00033195,2.459242111292193,3.0947272010640288,-99.52846669532052,-0.21789562370390278,-4.884060542851659,-0.04593960525765017,-53.854162793907754,0.14951036861664863,74.63980966449193,0.3196625855594684,82.67189113097797,-0.03635708494780777,-0.14979846991801848,-0.00037072,0.14900638670617317,0.00017264,1,1.0
189,0.0014321521362768985,0.16627894222599288,-0.00033195,2.459242111292193,3.0947272010640288,-80.39044061202398,-0.21789562370390278,-5.569166777972368,-0.04593960525765017,-22.805615434543377,0.14951036861664863,84.3769575529562,0.3196625855594684,37.41204268083596,-0.03635708494780777,-0.18996443248046704,-0.00037072,0.29051741496263805,0.00017264,1,1.0
190,0.002340069041305737,0.13995575917399725,-0.00033195,2.459242111292193,3.0947272010640288,32.305219336658254,-0.21789562370390278,3.589350599940766,-0.04593960525765017,-20.696400626668886,0.14951036861664863,18.938980484839757,0.3196625855594684,-6.522921916486153,-0.03635708494780777,0.11401453197262323,-0.00037072,0.2611136610857795,0.00017264,0,1.0
191,-0.821860058501326,2.0919791147519886,-0.00033195,2.459242111292193,3.0947272010640288,93.37775338526319,-0.21789562370390278,1.1096017863751446,-0.04593960525765017,-4.395363208294045,0.14951036861664863,99.07843758618475,0.3196625855594684,-82.61646140408604,-0.03635708494780777,0.033642221560247765,-0.00037072,0.9358298053376277,0.00017264,0,1.0
192,1.0856835846524806,0.21595982274750397,-0.00033195,2.459242111292193,3.0947272010640288,-74.91831298206439,-0.21789562370390278,1.6861422773470394,-0.04593960525765017,-1.125804017329859,0.14951036861664863,-51.39532955129188,0.3196625855594684,67.95350456808809,-0.03635708494780777,-0.04366408041922312,-0.00037072,0.04223260104961796,0.00017264,1,1.0
193,0.24248902962671026,0.1800504998145812,-0.00033195,2.459242111292193,3.0947272010640288,53.076997033848,-0.21789562370390278,14.19778177113538,-0.04593960525765017,-77.43877164315863,0.14951036861664863,5.022939263434721,0.3196625855594684,23.626984186843952,-0.03635708494780777,0.04311346616398415,-0.00037072,0.35470423575858423,0.00017264,0,1.0
194,1.319085164115398,1.0483770905126468,-0.00033195,2.459242111292193,3.0947272010640288,-71.12659726651137,-0.21789562370390278,19.371501203036843,-0.04593960525765017,-43.521148925533865,0.14951036861664863,-75.25268654619504,0.3196625855594684,78.63986389193533,-0.03635708494780777,-0.5293043958864911,-0.00037072,0.5331659674443692,0.00017264,1,1.0
195,-0.0002012769879994325,0.46052289432568816,-0.00033195,2.459242111292193,3.0947272010640288,67.11878731151725,-0.21789562370390278,3.1029771091725715,-0.04593960525765017,-37.517404375914595,0.14951036861664863,88.63830982863254,0.3196625855594684,-23.22518726424158,-0.03635708494780777,0.1806683049672791,-0.00037072,1.1200663096350083,0.00017264,0,1.0
196,0.00850938774474197,0.9584660156677973,-0.00033195,2.459242111292193,3.0947272010640288,60.83788566951413,-0.21789562370390278,21.57078553001769,-0.04593960525765017,-47.655554890280946,0.14951036861664863,-15.617597527613416,0.3196625855594684,-22.136074411452388,-0.03635708494780777,-0.3517601001487659,-0.00037072,0.6766210994898537,0.00017264,1,1.0
197,1.915819603332571,2.3746798755312835,-0.00033195,2.459242111292193,3.0947272010640288,-29.954868127855942,-0.21789562370390278,10.06717242807638,-0.04593960525765017,-36.49937526624923,0.14951036861664863,5.8165245366082745,0.3196625855594684,70.26843125973724,-0.03635708494780777,0.19172575393663027,-0.00037072,1.5531013032437997,0.00017264,0,1.0
198,0.6462261262423954,1.065113550983822,-0.00033195,2.459242111292193,3.0947272010640288,-38.197189769268704,-0.21789562370390278,21.43395436505178,-0.04593960525765017,-66.9915276383514,0.14951036861664863,-24.886325019627613,0.3196625855594684,50.818473065089506,-0.03635708494780777,-0.5977191916214037,-0.00037072,0.5933214431168161,0.00017264,1,1.0
199,0.5080288941503646,0.33719687587273595,-0.00033195,2.459242111292193,3.0947272010640288,-45.18096751849007,-0.21789562370390278,16.17724337431811,-0.04593960525765017,-90.88017014732891,0.14951036861664863,15.643563542597155,0.3196625855594684,70.84319653583164,-0.03635708494780777,-0.35890836350788224,-0.00037072,0.3555601040873715,0.00017264,1,1.0
200,-2.4019791099397825,5.154177513250477,-0.00033195,1.053781742958659,1.4533862399266007,62.28508151873998,-0.21789562370390278,30.387587220884647,-0.04593960525765017,-34.56874300261385,0.14951036861664863,-8.838935493533109,0.3196625855594684,-49.26093488558544,-0.03635708494780777,7.593516502995668,-0.00037072,22.199687229509692,0.00017264,0,1.0
201,13.760418072759384,536.7720045200765,-0.00033195,1.053781742958659,1.4533862399266007,75.87088048183881,-0.21789562370390278,85.00359116015699,-0.04593960525765017,-61.47102890747738,0.14951036861664863,-57.28396079896196,0.3196625855594684,-15.704892564019177,-0.03635708494780777,22.366256601250495,-0.00037072,54.607616327412074,0.00017264,0,1.0
202,5.310766915175519,37.07224086182454,-0.00033195,1.053781742958659,1.4533862399266007,81.92760204624592,-0.21789562370390278,61.330588365714085,-0.04593960525765017,-65.38432143256854,0.14951036861664863,-50.47058998552996,0.3196625855594684,-22.10543001644193,-0.03635708494780777,0.2868711596387783,-0.00037072,39.95366027584896,0.00017264,0,1.0
203,25.127389188203615,984.0610495768472,-0.00033195,1.053781742958659,1.4533862399266007,10.422338871110213,-0.21789562370390278,70.34983608965406,-0.04593960525765017,-6.448111800816362,0.14951036861664863,-95.55930347235,0.3196625855594684,55.61631729495019,-0.03635708494780777,0.511837931197821,-0.00037072,48.56239734230617,0.00017264,0,1.0
204,12.704789201521272,127.97177140089322,-0.00033195,1.053781742958659,1.4533862399266007,4.61451542472732,-0.21789562370390278,46.365336563710976,-0.04593960525765017,-88.02631870704185,0.14951036861664863,-28.81873503107857,0.3196625855594684,79.71846570174871,-0.03635708494780777,0.26229479475077966,-0.00037072,23.69740997644859,0.00017264,0,1.0
205,12.342971563248643,203.27887221651778,-0.00033195,1.053781742958659,1.4533862399266007,28.52990028562795,-0.21789562370390278,58.539752151674314,-0.04593960525765017,-50.631416203475204,0.14951036861664863,-53.23775336186358,0.3196625855594684,30.98861452195256,-0.03635708494780777,0.19323191000935758,-0.00037072,30.388915328936434,0.00017264,0,1.0
206,-13.108694059448002,58.05514870402998,-0.00033195,1.053781742958659,1.4533862399266007,69.48996273628008,-0.21789562370390278,-10.31159641029057,-0.04593960525765017,-43.25463595304279,0.14951036861664863,95.00712657847808,0.3196625855594684,-99.99698779159186,-0.03635708494780777,7.363919070736937,-0.00037072,70.51353193630675,0.00017264,0,1.0
207,3.575554719720845,35.78771911383217,-0.00033195,1.053781742958659,1.4533862399266007,50.88244602599714,-0.21789562370390278,37.3594634515553,-0.04593960525765017,-29.024661491872244,0.14951036861664863,-29.881424778223703,0.3196625855594684,-23.069429889030673,-0.03635708494780777,8.363496317767769,-0.00037072,22.530370985961625,0.00017264,0,1.0
208,24.24386846120488,526.8002923321405,-0.00033195,1.053781742958659,1.4533862399266007,-3.607036263839161,-0.21789562370390278,45.13296106339083,-0.04593960525765017,-10.96767063265188,0.14951036861664863,-97.21823099687671,0.3196625855594684,92.09032034949067,-0.03635708494780777,0.34262587713324955,-0.00037072,22.450204480963457,0.00017264,0,1.0
209,-1.7688439679670078,3.8104471029276508,-0.00033195,1.053781742958659,1.4533862399266007,23.75531866185516,-0.21789562370390278,7.116729955504813,-0.04593960525765017,-9.774096269754148,0.14951036861664863,5.56140303501748,0.3196625855594684,-25.14074224427091,-0.03635708494780777,5.877676376510729,-0.00037072,10.320614221888297,0.00017264,0,1.0
210,-11.494950838178795,32.15258580335306,-0.00033195,1.053781742958659,1.4533862399266007,44.46839401052652,-0.21789562370390278,-1.5211360084257501,-0.04593960525765017,-26.292256764955972,0.14951036861664863,82.4306543814908,0.3196625855594684,-90.52284901336014,-0.03635708494780777,1.3667322233607635,-0.00037072,57.94510550146325,0.00017264,0,1.0
211,-6.460021729523549,63.27389976412692,-0.00033195,1.053781742958659,1.4533862399266007,1.3169985885859334,-0.21789562370390278,-12.050127915090671,-0.04593960525765017,-1.0217946676839897,0.14951036861664863,27.366782422447912,0.3196625855594684,-22.3024425725577,-0.03635708494780777,-5.725553262146336,-0.00037072,0.3529342804183586,0.00017264,1,1.0
212,0.015807537232419122,0.46589310806720763,-0.00033195,1.053781742958659,1.4533862399266007,73.59490667782738,-0.21789562370390278,54.16081018019455,-0.04593960525765017,-89.67404131813305,0.14951036861664863,-15.30528906484135,0.3196625855594684,-22.700295600715418,-0.03635708494780777,0.4270492669026176,-0.00037072,35.13886930906119,0.00017264,0,1.0
213,-1.1029807506841773,163.8440966669728,-0.00033195,1.053781742958659,1.4533862399266007,27.740811170144884,-0.21789562370390278,-2.8967503993940484,-0.04593960525765017,-26.468579828016964,0.14951036861664863,63.838133470680155,0.3196625855594684,-37.56290960038441,-0.03635708494780777,4.982046842553622,-0.00037072,70.78465160013857,0.00017264,0,1.0
214,1.51084128782598,170.90936075008932,-0.00033195,1.053781742958659,1.4533862399266007,-6.0526203135531365,-0.21789562370390278,15.571878599262218,-0.04593960525765017,-36.77097957215387,0.14951036861664863,16.39566755505092,0.3196625855594684,16.57245532599609,-0.03635708494780777,-3.9087294694464294,-0.00037072,17.56648110793995,0.00017264,1,1.0
215,-4.003044991869455,8.239202265596264,-0.00033195,1.053781742958659,1.4533862399266007,-6.457916637367157,-0.21789562370390278,7.633580744266491,-0.04593960525765017,-96.15217081694931,0.14951036861664863,77.50203251737524,0.3196625855594684,24.371420071143792,-0.03635708494780777,2.6226564478879695,-0.00037072,28.777149161087216,0.00017264,0,1.0
216,-1.3513251299336453,3.097028041658224,-0.00033195,1.053781742958659,1.4533862399266007,69.59186511052923,-0.21789562370390278,47.522573543505366,-0.04593960525765017,-86.80201918009466,0.14951036861664863,-1.462203780518991,0.3196625855594684,-27.638900355236956,-0.03635708494780777,7.250067260727004,-0.00037072,31.70139922883462,0.00017264,0,1.0
217,3.697657570003015,10.577782902454173,-0.00033195,1.053781742958659,1.4533862399266007,30.448336682355112,-0.21789562370390278,40.95883445044641,-0.04593960525765017,-89.164381123176,0.14951036861664863,-5.357360390098213,0.3196625855594684,27.372684147414862,-0.03635708494780777,0.3351500972734591,-0.00037072,24.03633398959872,0.00017264,0,1.0
218,0.740201714441735,185.78256148752175,-0.00033195,1.053781742958659,1.4533862399266007,10.090384908460251,-0.21789562370390278,-7.674180460013456,-0.04593960525765017,-84.71588836037817,0.14951036861664863,62.777608884018605,0.3196625855594684,36.02341114281685,-0.03635708494780777,0.6850238624190901,-0.00037072,50.528020376651185,0.00017264,0,1.0
219,2.7373275093631477,160.36816584389248,-0.00033195,1.053781742958659,1.4533862399266007,74.1508697370275,-0.21789562370390278,78.48496619614052,-0.04593960525765017,-78.61015935040918,0.14951036861664863,-28.918409797790204,0.3196625855594684,-39.30640705493488,-0.03635708494780777,0.7700511550876925,-0.00037072,44.49469319109759,0.00017264,0,1.0
220,-0.221814376694077,0.6842664972799029,-0.00033195,1.053781742958659,1.4533862399266007,54.917939735526005,-0.21789562370390278,44.136088700799675,-0.04593960525765017,-87.40316317524471,0.14951036861664863,-1.68960810599404,0.3196625855594684,-9.145271521089436,-0.03635708494780777,2.6679695392527822,-0.00037072,28.231326329508065,0.00017264,0,1.0
221,0.3214235000327881,43.18964678928259,-0.00033195,1.053781742958659,1.4533862399266007,-12.836202612967,-0.21789562370390278,5.322333333348779,-0.04593960525765017,-28.44580247926826,0.14951036861664863,3.2647386367886755,0.3196625855594684,28.745620713975114,-0.03635708494780777,-12.75452899213018,-0.00037072,0.7136835332922224,0.00017264,1,1.0
222,-2.4811210796040237,230.99594469357748,-0.00033195,1.053781742958659,1.4533862399266007,-50.788683438101856,-0.21789562370390278,14.536286818771465,-0.04593960525765017,-82.62527184539441,0.14951036861664863,30.028489019287566,0.3196625855594684,74.27263250620791,-0.03635708494780777,-41.57215193731722,-0.00037072,0.16543576783652014,0.00017264,1,1.0
223,-6.749266533591541,37.199376189050696,-0.00033195,1.053781742958659,1.4533862399266007,59.87747891675038,-0.21789562370390278,24.35684671310545,-0.04593960525765017,-30.920479068315743,0.14951036861664863,30.05028841938264,0.3196625855594684,-79.1591872814902,-0.03635708494780777,11.816647434242117,-0.00037072,34.82101863233456,0.00017264,0,1.0
224,-9.227805931649952,30.213760809888335,-0.00033195,1.053781742958659,1.4533862399266007,36.947715788145736,-0.21789562370390278,-14.565456199779975,-0.04593960525765017,-16.734101915043777,0.14951036861664863,77.13474453285157,0.3196625855594684,-71.8506299000565,-0.03635708494780777,0.2856553869485019,-0.00037072,57.058063645967735,0.00017264,0,1.0
225,-2.3673848875253882,5.155288437388727,-0.00033195,1.053781742958659,1.4533862399266007,3.757177826147538,-0.21789562370390278,7.5343517898071255,-0.04593960525765017,-57.47486921208481,0.14951036861664863,42.64979586028085,0.3196625855594684,7.967327462738366,-0.03635708494780777,4.143545239892984,-0.00037072,18.069403780474026,0.00017264,0,1.0
226,-2.97839930395814,258.8586636494081,-0.00033195,1.053781742958659,1.4533862399266007,74.01086050403886,-0.21789562370390278,37.752624163460894,-0.04593960525765017,-29.71819174857107,0.14951036861664863,40.69128581013623,0.3196625855594684,-100.0,-0.03635708494780777,13.169966728624537,-0.00037072,78.67168933496563,0.00017264,0,1.0
227,11.541538735178918,114.12136742412972,-0.00033195,1.053781742958659,1.4533862399266007,-18.90950697273389,-0.21789562370390278,11.985750537810388,-0.04593960525765017,-5.466922658088033,0.14951036861664863,-35.47741209288192,0.3196625855594684,60.136416897227235,-0.03635708494780777,-0.046701329705082895,-0.00037072,5.115950950004269,0.00017264,1,1.0
228,10.203318212866256,151.03515091745948,-0.00033195,1.053781742958659,1.4533862399266007,48.71959443446219,-0.21789562370390278,49.227944465176904,-0.04593960525765017,-31.732084001139764,0.14951036861664863,-55.19736918518476,0.3196625855594684,2.4918864481639535,-0.03635708494780777,9.21698241194029,-0.00037072,28.196197490268947,0.00017264,0,1.0
229,-8.245281752098862,527.5962702315277,-0.00033195,1.053781742958659,1.4533862399266007,-36.69521512297844,-0.21789562370390278,18.944365873471174,-0.04593960525765017,-95.42169243928694,0.14951036861664863,34.458242710889394,0.3196625855594684,52.161752813543494,-0.03635708494780777,-55.47648763142655,-0.00037072,0.23104179677497783,0.00017264,1,1.0
230,18.150638949134102,284.2206043174965,-0.00033195,1.053781742958659,1.4533862399266007,-30.806562536044744,-0.21789562370390278,14.509204952130126,-0.04593960525765017,-0.39619229683617035,0.14951036861664863,-56.971123868078124,0.3196625855594684,93.03740052159975,-0.03635708494780777,-0.061746928896397435,-0.00037072,6.945827146372988,0.00017264,1,1.0
231,-15.017021273277914,390.7892221808227,-0.00033195,1.053781742958659,1.4533862399266007,-35.77265406826195,-0.21789562370390278,-13.151739395932186,-0.04593960525765017,-70.9158603140646,0.14951036861664863,96.45692031600827,0.3196625855594684,5.32363732866932,-0.03635708494780777,-25.214187178350365,-0.00037072,0.10279461237093734,0.00017264,1,1.0
232,-2.5571738852240475,5.270212447732558,-0.00033195,1.053781742958659,1.4533862399266007,91.15020502059184,-0.21789562370390278,41.24859452276548,-0.04593960525765017,-34.60449789578078,0.14951036861664863,-25.49554981850178,0.3196625855594684,-72.94729873194417,-0.03635708494780777,5.923084071501801,-0.00037072,32.74133351712277,0.00017264,0,1.0
233,14.616892734201723,227.28282447385223,-0.00033195,1.053781742958659,1.4533862399266007,69.01986560847278,-0.21789562370390278,61.69364612044462,-0.04593960525765017,-33.31335606792039,0.14951036861664863,-91.13567154158926,0.3196625855594684,8.84241540120382,-0.03635708494780777,0.24449736452647386,-0.00037072,40.942133147559865,0.00017264,0,1.0
234,9.053468256162043,233.58821090951687,-0.00033195,1.053781742958659,1.4533862399266007,46.520450132376666,-0.21789562370390278,57.1341277439541,-0.04593960525765017,-12.374075704609842,0.14951036861664863,-57.70580934476014,0.3196625855594684,-20.844878701645428,-0.03635708494780777,0.6127547825369319,-0.00037072,34.620542772332506,0.00017264,0,1.0
235,4.161086443942146,186.8527179241725,-0.00033195,1.053781742958659,1.4533862399266007,50.669515222774976,-0.21789562370390278,24.085666052900486,-0.04593960525765017,-100.0,0.14951036861664863,9.841530751558413,0.3196625855594684,27.706705160765967,-0.03635708494780777,0.3846447476459751,-0.00037072,50.667504321154794,0.00017264,0,1.0
236,-2.976607549185424,50.177342879105254,-0.00033195,1.053781742958659,1.4533862399266007,48.786112636634016,-0.21789562370390278,44.89614877951634,-0.04593960525765017,-74.03877152252149,0.14951036861664863,17.110711578550134,0.3196625855594684,-34.46828456173626,-0.03635708494780777,6.667451529137757,-0.00037072,29.487669357944263,0.00017264,0,1.0
237,18.542540827380353,388.5709617355033,-0.00033195,1.053781742958659,1.4533862399266007,53.56984768071581,-0.21789562370390278,58.12477789553365,-0.04593960525765017,-68.55251508482743,0.14951036861664863,-79.9031869152487,0.3196625855594684,58.216527845245714,-0.03635708494780777,0.27150968215022075,-0.00037072,47.84593227005047,0.00017264,0,1.0
238,6.389819495636871,36.92304219409892,-0.00033195,1.053781742958659,1.4533862399266007,-46.985176742578766,-0.21789562370390278,2.032058580947731,-0.04593960525765017,-41.843391323779834,0.14951036861664863,4.345475403816448,0.3196625855594684,85.93026812105178,-0.03635708494780777,-11.733404277487395,-0.00037072,-2.8096781474266566,0.00017264,1,1.0
239,-7.7927938934950465,43.48474838021662,-0.00033195,1.053781742958659,1.4533862399266007,77.7686816619479,-0.21789562370390278,41.743305521260275,-0.04593960525765017,-78.51307255162199,0.14951036861664863,43.47607078281316,0.3196625855594684,-79.28544964674941,-0.03635708494780777,21.012927190636447,-0.00037072,41.094334595876944,0.00017264,0,1.0
240,5.810991734803327,201.1063546274343,-0.00033195,1.053781742958659,1.4533862399266007,63.68249510409892,-0.21789562370390278,54.47422617846831,-0.04593960525765017,-57.14824477419589,0.14951036861664863,-14.04612281925779,0.3196625855594684,-28.255920117374632,-0.03635708494780777,24.548942663114502,-0.00037072,41.323818472982026,0.00017264,0,1.0
241,-5.179162192045648,113.91951821455012,-0.00033195,1.053781742958659,1.4533862399266007,-41.692185454507744,-0.21789562370390278,-4.6324006342722255,-0.04593960525765017,-60.776344468463066,0.14951036861664863,57.18546798526789,0.3196625855594684,42.55429094665181,-0.03635708494780777,-18.45791582264053,-0.00037072,0.31214346467087317,0.00017264,1,1.0
242,-18.801238826446994,902.7518885312528,-0.00033195,1.053781742958659,1.4533862399266007,-27.87489126467581,-0.21789562370390278,-53.06395577850452,-0.04593960525765017,-48.691861585294916,0.14951036861664863,92.56567933650605,0.3196625855594684,8.218540381820613,-0.03635708494780777,-46.758904306389624,-0.00037072,0.2877047584187693,0.00017264,1,1.0
243,-1.1017694861202108,2.3886051023484143,-0.00033195,1.053781742958659,1.4533862399266007,11.196332953729772,-0.21789562370390278,7.08558818430681,-0.04593960525765017,-25.103135275938477,0.14951036861664863,13.383707549902185,0.3196625855594684,-4.75098207618786,-0.03635708494780777,4.911019207280537,-0.00037072,7.991923523965719,0.00017264,0,1.0
244,3.4470921356105957,333.9850520689774,-0.00033195,1.053781742958659,1.4533862399266007,27.175888162013706,-0.21789562370390278,-2.6329325899850944,-0.04593960525765017,-89.09642610744199,0.14951036861664863,46.847545259123955,0.3196625855594684,37.833316820187825,-0.03635708494780777,0.3444348407876099,-0.00037072,61.639036045201394,0.00017264,0,1.0
245,-4.47420537255124,198.25541999724715,-0.00033195,1.053781742958659,1.4533862399266007,48.26169567664436,-0.21789562370390278,-20.104413065746083,-0.04593960525765017,-10.486375330481836,0.14951036861664863,72.57841848100756,0.3196625855594684,-66.2466835158778,-0.03635708494780777,3.011716586340583,-0.00037072,81.91773210355191,0.00017264,0,1.0
246,7.748258779544039,119.86579805655376,-0.00033195,1.053781742958659,1.4533862399266007,28.36046432388811,-0.21789562370390278,22.236793564432492,-0.04593960525765017,-49.37728028872054,0.14951036861664863,-21.183887431518297,0.3196625855594684,31.841405128153646,-0.03635708494780777,0.897649893020894,-0.00037072,30.413571596679358,0.00017264,0,1.0
247,11.70123613826075,165.2708557635105,-0.00033195,1.053781742958659,1.4533862399266007,77.90355356293351,-0.21789562370390278,63.16938910661241,-0.04593960525765017,-14.06774450717202,0.14951036861664863,-93.23303293707026,0.3196625855594684,-22.44093341611673,-0.03635708494780777,0.4023374527146437,-0.00037072,37.71588005848976,0.00017264,0,1.0
248,-0.527394614685246,52.582947467409966,-0.00033195,1.053781742958659,1.4533862399266007,-81.27498797035712,-0.21789562370390278,-19.573258960896894,-0.04593960525765017,-70.54886222173182,0.14951036861664863,71.64826984972412,0.3196625855594684,99.95351575797041,-0.03635708494780777,-20.61897397466061,-0.00037072,0.18589612526246313,0.00017264,1,1.0
249,4.44875629158259,93.3482654285876,-0.00033195,1.053781742958659,1.4533862399266007,-68.3836260539518,-0.21789562370390278,-4.881943653191925,-0.04593960525765017,-4.899525645291519,0.14951036861664863,4.98121192387721,0.3196625855594684,72.52065032509817,-0.03635708494780777,-32.04068243592289,-0.00037072,-0.47486730941024824,0.00017264,1,1.0
250,1.0191075221606507,3.5904986148822595,-0.00033195,1.053781742958659,1.4533862399266007,52.76531183635304,-0.21789562370390278,30.751956258349203,-0.04593960525765017,-24.180944426030102,0.14951036861664863,-27.64746599593553,0.3196625855594684,-30.778119566640786,-0.03635708494780777,0.3063764556178121,-0.00037072,21.55430954843437,0.00017264,0,1.0
251,12.26577715304514,141.22644422826474,-0.00033195,1.053781742958659,1.4533862399266007,12.069225110248468,-0.21789562370390278,58.322777487250306,-0.04593960525765017,-99.93909008071122,0.14951036861664863,-27.889395437018088,0.3196625855594684,71.41700318563281,-0.03635708494780777,0.26772939780908267,-0.00037072,28.878106763334223,0.00017264,0,1.0
252,9.748088978338277,109.3324765834415,-0.00033195,1.053781742958659,1.4533862399266007,60.76472471975088,-0.21789562370390278,46.7663026452662,-0.04593960525765017,-24.100704999156928,0.14951036861664863,-67.98271266077039,0.3196625855594684,-5.229828952557091,-0.03635708494780777,0.32348260300168263,-0.00037072,32.906856401050476,0.00017264,0,1.0
253,-12.920197605757634,334.81346602597876,-0.00033195,1.053781742958659,1.4533862399266007,-33.90195387143883,-0.21789562370390278,-46.85594043088397,-0.04593960525765017,-17.29810673998118,0.14951036861664863,79.83927473178588,0.3196625855594684,3.616341225460496,-0.03635708494780777,-25.9821271774448,-0.00037072,0.28283121535148226,0.00017264,1,1.0
254,3.106818876252181,8.315294279851852,-0.00033195,1.053781742958659,1.4533862399266007,4.5489243537352815,-0.21789562370390278,16.09975449973148,-0.04593960525765017,-45.26876403549189,0.14951036861664863,-0.38218053289774895,0.3196625855594684,28.769958225920885,-0.03635708494780777,0.30618228999840547,-0.00037072,10.051672695128344,0.00017264,0,1.0
255,12.142890747637093,138.0332601181467,-0.00033195,1.053781742958659,1.4533862399266007,44.89067968784865,-0.21789562370390278,56.806226328307446,-0.04593960525765017,-71.8414289811503,0.14951036861664863,-54.76777637466157,0.3196625855594684,37.75759031482588,-0.03635708494780777,0.2560138937630114,-0.00037072,34.7640296273683,0.00017264,0,1.0
256,-6.784887294554065,13.7696667180192,-0.00033195,1.053781742958659,1.4533862399266007,32.63836763824737,-0.21789562370390278,-4.96816627033695,-0.04593960525765017,-2.3967866230862036,0.14951036861664863,41.081614848516985,0.3196625855594684,-61.679640118359536,-0.03635708494780777,1.7556993131366294,-0.00037072,33.10673493126109,0.00017264,0,1.0
257,-0.8895148765039185,173.88527739987137,-0.00033195,1.053781742958659,1.4533862399266007,-40.19916882814053,-0.21789562370390278,-22.536030905928808,-0.04593960525765017,-32.29295690556749,0.14951036861664863,20.73892488730927,0.3196625855594684,65.72587839203666,-0.03635708494780777,-31.12616858476189,-0.00037072,-0.40620020018159764,0.00017264,1,1.0
258,-16.57349440069332,556.7728162095846,-0.00033195,1.053781742958659,1.4533862399266007,19.767235475821245,-0.21789562370390278,9.46461615013007,-0.04593960525765017,-70.44568679990228,0.14951036861664863,62.697549193092655,0.3196625855594684,-44.53896747810047,-0.03635708494780777,-18.54095522636552,-0.00037072,3.3171430159909914,0.00017264,1,1.0
259,4.374053471940094,202.96110399095457,-0.00033195,1.053781742958659,1.4533862399266007,41.00131983012765,-0.21789562370390278,11.149462714354303,-0.04593960525765017,-62.48115705864219,0.14951036861664863,12.508320172442469,0.3196625855594684,14.173630657859912,-0.03635708494780777,5.049478697132734,-0.00037072,48.562243956683865,0.00017264,0,1.0
260,1.9605688659558487,342.4526026863731,-0.00033195,1.053781742958659,1.4533862399266007,-41.882307027114884,-0.21789562370390278,16.75444009113683,-0.04593960525765017,-45.23175226060173,0.14951036861664863,-40.935958390957396,0.3196625855594684,86.43232656291812,-0.03635708494780777,-75.72236134314538,-0.00037072,0.2573745731417034,0.00017264,1,1.0
261,-8.528036211664677,158.39148124958072,-0.00033195,1.053781742958659,1.4533862399266007,67.97882655119538,-0.21789562370390278,47.132510902679634,-0.04593960525765017,-64.09958524735123,0.14951036861664863,43.67406274921009,0.3196625855594684,-90.52165100296212,-0.03635708494780777,4.910484230878097,-0.00037072,51.447979881370216,0.00017264,0,1.0
262,-5.7063760625680935,11.697751697277416,-0.00033195,1.053781742958659,1.4533862399266007,56.04212609626069,-0.21789562370390278,18.045930812703716,-0.04593960525765017,-43.919850354240445,0.14951036861664863,30.877453773511895,0.3196625855594684,-57.08669263956042,-0.03635708494780777,15.158313251678148,-0.00037072,28.682497079102593,0.00017264,0,1.0
263,-5.35326210016521,20.334942321795936,-0.00033195,1.053781742958659,1.4533862399266007,90.1420699051901,-0.21789562370390278,48.03300309369083,-0.04593960525765017,-68.96933174125205,0.14951036861664863,8.934376140915694,0.3196625855594684,-76.43956335834777,-0.03635708494780777,21.86939276209788,-0.00037072,30.726561508304776,0.00017264,0,1.0
264,-2.296534004195097,48.96300460494814,-0.00033195,1.053781742958659,1.4533862399266007,-54.06333704307629,-0.21789562370390278,-16.873729531368568,-0.04593960525765017,-58.45572768362501,0.14951036861664863,61.63340339095679,0.3196625855594684,66.48844016236521,-0.03635708494780777,-12.950150697718374,-0.00037072,0.16548923202115606,0.00017264,1,1.0
265,9.91865608695256,614.847877079448,-0.00033195,1.053781742958659,1.4533862399266007,-46.18031925000581,-0.21789562370390278,26.861958281260012,-0.04593960525765017,-7.9839673747373014,0.14951036861664863,-90.51277569237418,0.3196625855594684,98.96862049784409,-0.03635708494780777,-81.53859042448498,-0.00037072,2.670011467924141,0.00017264,1,1.0
266,1.1690626837261358,43.284225816394965,-0.00033195,1.053781742958659,1.4533862399266007,-68.06396583297092,-0.21789562370390278,-1.9653754772951684,-0.04593960525765017,-84.64171581303785,0.14951036861664863,54.56065882699454,0.3196625855594684,99.92498901844169,-0.03635708494780777,-18.198257850446097,-0.00037072,0.262946162569369,0.00017264,1,1.0
267,13.152051977665682,192.83132083812782,-0.00033195,1.053781742958659,1.4533862399266007,68.32583754298382,-0.21789562370390278,66.21441503649756,-0.04593960525765017,-30.634624088339876,0.14951036861664863,-88.72294909164846,0.3196625855594684,-2.177027942776252,-0.03635708494780777,0.294960022212333,-0.00037072,37.87016639856628,0.00017264,0,1.0
268,-10.439823674283865,32.73937627844867,-0.00033195,1.053781742958659,1.4533862399266007,49.56189967333712,-0.21789562370390278,-10.292104396936944,-0.04593960525765017,-13.574237810504687,0.14951036861664863,81.14965873346445,0.3196625855594684,-94.08911860732243,-0.03635708494780777,2.371209190596197,-0.00037072,65.86064734583971,0.00017264,0,1.0
269,-1.6454403376689903,55.71933636487867,-0.00033195,1.053781742958659,1.4533862399266007,77.27868657234498,-0.21789562370390278,35.55288143601897,-0.04593960525765017,-99.21665822577394,0.14951036861664863,13.821537694026082,0.3196625855594684,-22.261952245153687,-0.03635708494780777,7.076230163131804,-0.00037072,45.68110217897962,0.00017264,0,1.0
270,-15.163381657113266,273.57169478584916,-0.00033195,1.053781742958659,1.4533862399266007,-0.7475962590100058,-0.21789562370390278,-22.10409845240954,-0.04593960525765017,-31.503530886086043,0.14951036861664863,75.475819361688,0.3196625855594684,-36.595130662119125,-0.03635708494780777,-10.743506850902936,-0.00037072,0.33257942984373745,0.00017264,1,1.0
271,4.680782065896627,23.826163606897172,-0.00033195,1.053781742958659,1.4533862399266007,25.89722163238457,-0.21789562370390278,24.227822787782582,-0.04593960525765017,-15.057549072627964,0.14951036861664863,-30.708522321495415,0.3196625855594684,0.38343922124871843,-0.03635708494780777,0.28334819470877726,-0.00037072,14.53335949105612,0.00017264,0,1.0
272,-2.7690148685129277,64.57804768491737,-0.00033195,1.053781742958659,1.4533862399266007,-61.102508919587336,-0.21789562370390278,-28.70895199891095,-0.04593960525765017,-26.068304432895257,0.14951036861664863,57.75400707991623,0.3196625855594684,56.255886475498656,-0.03635708494780777,-19.48319438155965,-0.00037072,0.18153912253869287,0.00017264,1,1.0
273,-7.875787430912728,28.367855170060018,-0.00033195,1.053781742958659,1.4533862399266007,56.04205002791722,-0.21789562370390278,22.596446630451414,-0.04593960525765017,-57.387121660734316,0.14951036861664863,53.630339973218284,0.3196625855594684,-68.70384647524392,-0.03635708494780777,13.186788008819022,-0.00037072,41.47826884992479,0.00017264,0,1.0
274,2.0402555450714566,127.00849480489148,-0.00033195,1.053781742958659,1.4533862399266007,34.73254458868306,-0.21789562370390278,57.780088634977936,-0.04593960525765017,-87.66619328711333,0.14951036861664863,8.141503268906902,0.3196625855594684,-4.699777214258677,-0.03635708494780777,0.34428613884047365,-0.00037072,39.04481570724019,0.00017264,0,1.0
275,13.525406256137188,275.6695239257848,-0.00033195,1.053781742958659,1.4533862399266007,-17.366920748259822,-0.21789562370390278,39.97006187861483,-0.04593960525765017,-63.24545370072779,0.14951036861664863,-13.24056154941961,0.3196625855594684,75.13630082411557,-0.03635708494780777,0.46393480181466806,-0.00037072,30.65591745223216,0.00017264,0,1.0
276,10.986059888154474,150.56861705178775,-0.00033195,1.053781742958659,1.4533862399266007,10.148719902459048,-0.21789562370390278,32.957060534797726,-0.04593960525765017,-98.37190037748346,0.14951036861664863,-12.294119689531836,0.3196625855594684,81.91272343275782,-0.03635708494780777,0.3156725446451727,-0.00037072,30.262543359383343,0.00017264,0,1.0
277,-1.2083870975777513,2.6211169852203056,-0.00033195,1.053781742958659,1.4533862399266007,-5.574858381357029,-0.21789562370390278,2.9352602194890727,-0.04593960525765017,-40.26720061880441,0.14951036861664863,31.501747399393736,0.3196625855594684,14.543538258038732,-0.03635708494780777,0.592966522238286,-0.00037072,11.374966713109128,0.00017264,0,1.0
278,2.8199200092388437,6.966312958991142,-0.00033195,1.053781742958659,1.4533862399266007,-7.1553387064607,-0.21789562370390278,5.69431819953631,-0.04593960525765017,-23.961420106466367,0.14951036861664863,1.4863565587191072,0.3196625855594684,27.576321438525255,-0.03635708494780777,0.9587047405703863,-0.00037072,3.2334776982065225,0.00017264,0,1.0
279,-0.7204164687167021,4.3272835006647075,-0.00033195,1.053781742958659,1.4533862399266007,7.909510794808664,-0.21789562370390278,14.852071745795591,-0.04593960525765017,-73.02562800811488,0.14951036861664863,29.613385672596696,0.3196625855594684,23.230468231306315,-0.03635708494780777,6.332569532559238,-0.00037072,11.44321743347814,0.00017264,0,1.0
280,-2.927480651356138,70.1515417207562,-0.00033195,1.053781742958659,1.4533862399266007,17.842538645208503,-0.21789562370390278,36.20797570107138,-0.04593960525765017,-95.27567316199705,0.14951036861664863,53.87425503926233,0.3196625855594684,-4.99583555086458,-0.03635708494780777,1.2383908534654147,-0.00037072,39.441976812546656,0.00017264,0,1.0
281,12.204909060599341,204.13254674577314,-0.00033195,1.053781742958659,1.4533862399266007,81.04065481277554,-0.21789562370390278,66.57084858209147,-0.04593960525765017,-99.07865290330069,0.14951036861664863,-59.712758025638756,0.3196625855594684,26.036888754467608,-0.03635708494780777,0.32402300516506344,-0.00037072,54.846550308365266,0.00017264,0,1.0
282,-11.894821592865867,42.12045522403896,-0.00033195,1.053781742958659,1.4533862399266007,66.01751377504542,-0.21789562370390278,-8.085187653918005,-0.04593960525765017,-28.15876472332399,0.14951036861664863,75.79058097748238,0.3196625855594684,-97.61129885858315,-0.03635708494780777,6.827641715569307,-0.00037072,58.91386102875324,0.00017264,0,1.0
283,2.1393175417240524,444.74261937682473,-0.00033195,1.053781742958659,1.4533862399266007,-65.83344108642198,-0.21789562370390278,21.92870685439136,-0.04593960525765017,-11.847224636961815,0.14951036861664863,-34.12804955591656,0.3196625855594684,69.19477661243467,-0.03635708494780777,-76.4288962347184,-0.00037072,0.11571438388759958,0.00017264,1,1.0
284,-5.604862868491278,11.52542684063421,-0.00033195,1.053781742958659,1.4533862399266007,32.117950194656075,-0.21789562370390278,4.758932995516256,-0.04593960525765017,-31.29190526352798,0.14951036861664863,42.04213153072576,0.3196625855594684,-42.86099888293264,-0.03635708494780777,6.4440756948006825,-0.00037072,29.433642155134585,0.00017264,0,1.0
285,11.384638298391721,215.93747115794702,-0.00033195,1.053781742958659,1.4533862399266007,-28.95122262146334,-0.21789562370390278,-0.061170531474919014,-0.04593960525765017,-44.47259568902555,0.14951036861664863,4.704851309022153,0.3196625855594684,88.32166204157302,-0.03635708494780777,0.43888115494695157,-0.00037072,22.948451477338125,0.00017264,0,1.0
286,-3.156968427263571,7.995265471708018,-0.00033195,1.053781742958659,1.4533862399266007,74.605829017975,-0.21789562370390278,38.77717865374025,-0.04593960525765017,-54.26326800751133,0.14951036861664863,-0.880155218243407,0.3196625855594684,-56.61115061364633,-0.03635708494780777,14.474302785917216,-0.00037072,27.071462399413072,0.00017264,0,1.0
287,2.9653230928007765,11.84959594413967,-0.00033195,1.053781742958659,1.4533862399266007,57.872607263891396,-0.21789562370390278,46.235670807546356,-0.04593960525765017,-60.248853350584106,0.14951036861664863,-28.28100985634936,0.3196625855594684,-12.627816169219331,-0.03635708494780777,0.2732193981341453,-0.00037072,28.956123135216615,0.00017264,0,1.0
288,11.187190513960125,241.9261310145488,-0.00033195,1.053781742958659,1.4533862399266007,78.89965740893743,-0.21789562370390278,76.1315661609709,-0.04593960525765017,-84.10531395527417,0.14951036861664863,-50.85332078505486,0.3196625855594684,-1.4126478945044223,-0.03635708494780777,20.573846703937342,-0.00037072,44.2068973229189,0.00017264,0,1.0
289,-10.09684739829274,905.742500340646,-0.00033195,1.053781742958659,1.4533862399266007,-59.39441339573891,-0.21789562370390278,-11.068744699976891,-0.04593960525765017,-0.6100707731662595,0.14951036861664863,0.7059430213096608,0.3196625855594684,31.63650232118374,-0.03635708494780777,-81.51780882417431,-0.00037072,-18.754700827121326,0.00017264,1,1.0
290,-6.4180911558364055,13.435069812786642,-0.00033195,1.053781742958659,1.4533862399266007,84.73993069456843,-0.21789562370390278,31.03266380738594,-0.04593960525765017,-51.74884726300975,0.14951036861664863,21.33682094409101,0.3196625855594684,-81.53319493738846,-0.03635708494780777,22.584386249391276,-0.00037072,33.16395716039291,0.00017264,0,1.0
291,-12.918908247214693,72.36772185808111,-0.00033195,1.053781742958659,1.4533862399266007,85.69925829387977,-0.21789562370390278,0.8000220587897731,-0.04593960525765017,-68.56117106352845,0.14951036861664863,92.78064026211037,0.3196625855594684,-99.71610341174458,-0.03635708494780777,13.81064260153454,-0.00037072,72.18638340848685,0.00017264,0,1.0
292,2.1366087420082103,584.1944426717833,-0.00033195,1.053781742958659,1.4533862399266007,-62.392415134223995,-0.21789562370390278,27.86805217507894,-0.04593960525765017,-1.3261181545403142,0.14951036861664863,-54.87498681575689,0.3196625855594684,64.27420573600952,-0.03635708494780777,-90.59921334869338,-0.00037072,0.201158911223132,0.00017264,1,1.0
293,-4.419587533341456,120.00863356927573,-0.00033195,1.053781742958659,1.4533862399266007,48.969462256979845,-0.21789562370390278,52.545422875297696,-0.04593960525765017,-99.09109287337924,0.14951036861664863,45.08041499018199,0.3196625855594684,-40.306887120906694,-0.03635708494780777,6.03442436339348,-0.00037072,47.6938053269394,0.00017264,0,1.0
294,-9.437289908118371,36.443180436657485,-0.00033195,1.053781742958659,1.4533862399266007,29.25946830357795,-0.21789562370390278,-14.711299556485628,-0.04593960525765017,-41.88691232091639,0.14951036861664863,88.05203409551629,0.3196625855594684,-51.03347817586245,-0.03635708494780777,0.41846391212867573,-0.00037072,53.84775715563826,0.00017264,0,1.0
295,-7.594337858407207,168.1364165050601,-0.00033195,1.053781742958659,1.4533862399266007,-22.486743611990146,-0.21789562370390278,5.129892592429335,-0.04593960525765017,-83.90441506511947,0.14951036861664863,58.7246515663846,0.3196625855594684,30.754016659713002,-0.03635708494780777,-16.191391726498928,-0.00037072,0.22008830781943978,0.00017264,1,1.0
296,17.012520915166725,285.00800445014715,-0.00033195,1.053781742958659,1.4533862399266007,51.08726536526044,-0.21789562370390278,59.84063862872968,-0.04593960525765017,-40.552364415588684,0.14951036861664863,-88.43178811645011,0.3196625855594684,35.8377908375505,-0.03635708494780777,0.3979859050001089,-0.00037072,37.7958275729159,0.00017264,0,1.0
297,-8.058808576087758,34.21090689128784,-0.00033195,1.053781742958659,1.4533862399266007,56.012830407433974,-0.21789562370390278,32.73386278618492,-0.04593960525765017,-95.57823493410262,0.14951036861664863,68.4760505008742,0.3196625855594684,-54.432897134954864,-0.03635708494780777,16.200714013952002,-0.00037072,45.297076830911024,0.00017264,0,1.0
298,12.263716595217236,181.11388198115648,-0.00033195,1.053781742958659,1.4533862399266007,94.11300980806126,-0.21789562370390278,80.09320671038459,-0.04593960525765017,-45.634110864245365,0.14951036861664863,-95.89305269076331,0.3196625855594684,-20.816920979768838,-0.03635708494780777,0.2850177464716097,-0.00037072,47.25863302960455,0.00017264,0,1.0
299,-6.2294793437250595,16.038214004724352,-0.00033195,1.053781742958659,1.4533862399266007,54.14948851887001,-0.21789562370390278,13.92239806592575,-0.04593960525765017,-17.313289918680415,0.14951036861664863,25.09864123344017,0.3196625855594684,-72.49463845182957,-0.03635708494780777,11.37953343136328,-0.00037072,28.618560057051532,0.00017264,0,1.0
300,0.7304817271345984,0.32180177060043824,-0.00033195,1.1211449964209517,4.787338469101568,-16.10707789896486,-0.21789562370390278,28.553962639212962,-0.04593960525765017,-32.9772100116535,0.14951036861664863,87.20836070470907,0.3196625855594684,37.38954736689503,-0.03635708494780777,0.17941173935963928,-0.00037072,0.3729831892267014,0.00017264,0,1.0
301,0.5259647919767675,0.26411329074981643,-0.00033195,1.1211449964209517,4.787338469101568,-44.10390918122455,-0.21789562370390278,41.084570513202706,-0.04593960525765017,-54.395324964431275,0.14951036861664863,-14.86967091584444,0.3196625855594684,52.499922546593766,-0.03635708494780777,-0.13910588510044977,-0.00037072,0.28389420164443246,0.00017264,1,1.0
302,0.5410251819713325,0.13663408636130883,-0.00033195,1.1211449964209517,4.787338469101568,100.0,-0.21789562370390278,67.32189070530278,-0.04593960525765017,-70.30115147319198,0.14951036861664863,-6.055504507389044,0.3196625855594684,-16.33039177303227,-0.03635708494780777,0.32286234184277846,-0.00037072,1.109977897041142,0.00017264,0,1.0
303,0.8303176265267779,0.2173116814912737,-0.00033195,1.1211449964209517,4.787338469101568,43.32279213668705,-0.21789562370390278,67.66485169110571,-0.04593960525765017,-82.17373974526207,0.14951036861664863,-3.6304324728207966,0.3196625855594684,28.808508869139377,-0.03635708494780777,0.34793371790083855,-0.00037072,0.8915736332103417,0.00017264,0,1.0
304,0.08241821244361261,0.08540813727486307,-0.00033195,1.1211449964209517,4.787338469101568,-23.375796110324202,-0.21789562370390278,27.01962711147398,-0.04593960525765017,-65.65113782257976,0.14951036861664863,58.342309882015826,0.3196625855594684,25.679438957045452,-0.03635708494780777,-0.14874545362390013,-0.00037072,0.14829831922105663,0.00017264,1,1.0
305,-0.00015872654113639924,0.011553822404790982,-0.00033195,1.1211449964209517,4.787338469101568,-17.833241878982406,-0.21789562370390278,1.509562810493784,-0.04593960525765017,-49.94267541206909,0.14951036861664863,86.04833821032697,0.3196625855594684,22.34066893253941,-0.03635708494780777,-0.005275073001582864,-0.00037072,0.023092849704139523,0.00017264,1,1.0
306,0.04222649164771872,0.15077684865862095,-0.00033195,1.1211449964209517,4.787338469101568,19.43811715803157,-0.21789562370390278,19.080198171947533,-0.04593960525765017,-49.51812512474413,0.14951036861664863,25.924699009023612,0.3196625855594684,4.842464796601324,-0.03635708494780777,0.02640349196114411,-0.00037072,0.3058482786182872,0.00017264,0,1.0
307,0.7232500327670591,0.21362536891096967,-0.00033195,1.1211449964209517,4.787338469101568,52.711424843997825,-0.21789562370390278,60.1066124242582,-0.04593960525765017,-57.17923747884415,0.14951036861664863,-2.972343524641369,0.3196625855594684,11.009706663343845,-0.03635708494780777,0.34068424926938556,-0.00037072,0.8121623122080783,0.00017264,0,1.0
308,0.47952167838344684,0.1826156620483903,-0.00033195,1.1211449964209517,4.787338469101568,-58.23649053403482,-0.21789562370390278,22.340362401805653,-0.04593960525765017,-55.99412772870339,0.14951036861664863,96.59048228795676,0.3196625855594684,55.810637303412854,-0.03635708494780777,-0.18753883365410892,-0.00037072,0.2276394598334773,0.00017264,1,1.0
309,0.39524913831066827,0.30098697941913793,-0.00033195,1.1211449964209517,4.787338469101568,-79.32303128026415,-0.21789562370390278,-26.842129362360694,-0.04593960525765017,-54.128765854302074,0.14951036861664863,21.801426666533587,0.3196625855594684,93.7795749013238,-0.03635708494780777,-0.20678248247382097,-0.00037072,0.20557927729410436,0.00017264,1,1.0
310,0.7411859948600161,0.24514414818868469,-0.00033195,1.1211449964209517,4.787338469101568,-47.30951272196317,-0.21789562370390278,34.281562009704565,-0.04593960525765017,-99.87182637055027,0.14951036861664863,71.60690182661722,0.3196625855594684,82.26807748429822,-0.03635708494780777,0.1947890514248928,-0.00037072,0.3337094579437049,0.00017264,0,1.0
311,0.056173697223940056,0.1653301844675147,-0.00033195,1.1211449964209517,4.787338469101568,17.460807454477152,-0.21789562370390278,32.12007413226146,-0.04593960525765017,-31.665118966409917,0.14951036861664863,-89.02499625722922,0.3196625855594684,2.34175884080976,-0.03635708494780777,-0.06386777223301389,-0.00037072,0.2800334446497214,0.00017264,1,1.0
312,0.5927885200198283,0.14455057716999062,-0.00033195,1.1211449964209517,4.787338469101568,100.0,-0.21789562370390278,71.69543028516253,-0.04593960525765017,-75.93908562495967,0.14951036861664863,-31.695028396466306,0.3196625855594684,-10.634670867053583,-0.03635708494780777,0.31771519623381517,-0.00037072,1.1739834929806845,0.00017264,0,1.0
313,0.8535243370739498,0.4478633930810496,-0.00033195,1.1211449964209517,4.787338469101568,69.16148166127026,-0.21789562370390278,29.613415995584592,-0.04593960525765017,-29.40188567795858,0.14951036861664863,-68.22768345184802,0.3196625855594684,20.524667148368238,-0.03635708494780777,0.28122867408967617,-0.00037072,1.190755690254855,0.00017264,0,1.0
314,0.42074943773705653,0.16136116146355403,-0.00033195,1.1211449964209517,4.787338469101568,-22.62039191741957,-0.21789562370390278,25.068719714846743,-0.04593960525765017,-32.88310988886977,0.14951036861664863,11.233245457955217,0.3196625855594684,33.2806466193328,-0.03635708494780777,0.00610712880176334,-0.00037072,0.21417635647694974,0.00017264,0,1.0
315,0.3190668549803761,0.009424169761089894,-0.00033195,1.1211449964209517,4.787338469101568,-41.4577353465112,-0.21789562370390278,6.395622707604291,-0.04593960525765017,-21.59303180683569,0.14951036861664863,-55.95911121493739,0.3196625855594684,47.47239821848343,-0.03635708494780777,-0.016782087354160015,-0.00037072,0.01709249284238657,0.00017264,1,1.0
316,0.19474544295043877,0.135050118112599,-0.00033195,1.1211449964209517,4.787338469101568,10.145495972148371,-0.21789562370390278,12.531300699470782,-0.04593960525765017,-32.156949758680376,0.14951036861664863,87.49640135740543,0.3196625855594684,5.87927937306381,-0.03635708494780777,0.14440874474667398,-0.00037072,0.19730127611807075,0.00017264,0,1.0
317,0.5677892784818183,0.2470369637490906,-0.00033195,1.1211449964209517,4.787338469101568,-8.888915015748484,-0.21789562370390278,9.781428402425838,-0.04593960525765017,-19.169181856454223,0.14951036861664863,2.721947230091947,0.3196625855594684,37.67889507811217,-0.03635708494780777,0.16521644973574512,-0.00037072,0.3416937202036766,0.00017264,0,1.0
318,0.0007658719973781536,0.157711059384391,-0.00033195,1.1211449964209517,4.787338469101568,10.913876769581623,-0.21789562370390278,29.54782719203689,-0.04593960525765017,-67.29168601989524,0.14951036861664863,-2.6888391988772797,0.3196625855594684,12.134770964946856,-0.03635708494780777,-0.04718635811238389,-0.00037072,0.2909265695939407,0.00017264,1,1.0
319,0.44643908022517675,0.14714145351193314,-0.00033195,1.1211449964209517,4.787338469101568,96.99160392022864,-0.21789562370390278,46.21275229243983,-0.04593960525765017,-8.482877858504065,0.14951036861664863,32.80895155129293,0.3196625855594684,-42.44557004664017,-0.03635708494780777,0.36869911813999795,-0.00037072,0.7778064969196421,0.00017264,0,1.0
320,0.03149165889153133,0.0534702001131513,-0.00033195,1.1211449964209517,4.787338469101568,-5.862712140912721,-0.21789562370390278,17.45088421969109,-0.04593960525765017,-43.63192415604282,0.14951036861664863,28.183255329924073,0.3196625855594684,13.00051209040124,-0.03635708494780777,-0.04219221449727632,-0.00037072,0.11294970005488202,0.00017264,1,1.0
321,-0.00010707019545544427,0.06790441717212725,-0.00033195,1.1211449964209517,4.787338469101568,12.012846160540297,-0.21789562370390278,17.215300733340122,-0.04593960525765017,-9.891767457433428,0.14951036861664863,-68.19718240674538,0.3196625855594684,-2.8505047170370723,-0.03635708494780777,-0.05545416920491848,-0.00037072,0.1410428277418343,0.00017264,1,1.0
322,0.07385816230173561,0.5237782601379894,-0.00033195,1.1211449964209517,4.787338469101568,-74.54725672139307,-0.21789562370390278,-16.425895089706376,-0.04593960525765017,-78.34973128680059,0.14951036861664863,81.19351386623448,0.3196625855594684,74.71960104983445,-0.03635708494780777,-0.19905120760029282,-0.00037072,-0.03247031219746649,0.00017264,1,1.0
323,1.1746613430942436,0.4322840335114785,-0.00033195,1.1211449964209517,4.787338469101568,62.19073709425973,-0.21789562370390278,69.45507135984884,-0.04593960525765017,-43.2446997815963,0.14951036861664863,-71.5925923482731,0.3196625855594684,26.007521963177524,-0.03635708494780777,0.49800777079808733,-0.00037072,1.0966901471304444,0.00017264,0,1.0
324,0.16398397661211633,0.2276687916414328,-0.00033195,1.1211449964209517,4.787338469101568,30.02899892322039,-0.21789562370390278,37.23196469386057,-0.04593960525765017,-44.83792186718203,0.14951036861664863,79.59498933153127,0.3196625855594684,-10.802655204306557,-0.03635708494780777,0.08410929415441701,-0.00037072,0.35052287345478894,0.00017264,0,1.0
325,0.45630585604260143,0.13626625424534594,-0.00033195,1.1211449964209517,4.787338469101568,99.85245754417298,-0.21789562370390278,44.44344705413619,-0.04593960525765017,-13.714578626581238,0.14951036861664863,19.592515827126725,0.3196625855594684,-38.32881182831666,-0.03635708494780777,0.3523205229807472,-0.00037072,0.862840646558902,0.00017264,0,1.0
326,0.319606698906903,0.21580941418442615,-0.00033195,1.1211449964209517,4.787338469101568,78.63665818013526,-0.21789562370390278,38.76756240680625,-0.04593960525765017,-0.06845371876017335,0.14951036861664863,-60.97379791854137,0.3196625855594684,-31.809663396490016,-0.03635708494780777,0.21174897208954113,-0.00037072,0.6597222469141706,0.00017264,0,1.0
327,0.46190184960668323,0.03692510358163777,-0.00033195,1.1211449964209517,4.787338469101568,-58.983381876611304,-0.21789562370390278,15.07489892808581,-0.04593960525765017,-37.31206754941926,0.14951036861664863,-41.194921974870844,0.3196625855594684,64.02670103003064,-0.03635708494780777,-0.08517545265650328,-0.00037072,0.08521032370556128,0.00017264,1,1.0
328,0.8380101380806426,0.19753678843927397,-0.00033195,1.1211449964209517,4.787338469101568,70.9253965355173,-0.21789562370390278,76.27878347862101,-0.04593960525765017,-85.66656987657551,0.14951036861664863,-89.54605253520664,0.3196625855594684,23.00413532877854,-0.03635708494780777,0.31764851420102536,-0.00037072,1.176102881659625,0.00017264,0,1.0
329,0.7159785531920998,0.1771830158928261,-0.00033195,1.1211449964209517,4.787338469101568,70.17127859775312,-0.21789562370390278,61.501089432264564,-0.04593960525765017,-65.0006163004342,0.14951036861664863,-28.210661890519177,0.3196625855594684,8.666898986750544,-0.03635708494780777,0.3329397652132645,-0.00037072,1.0050980922400927,0.00017264,0,1.0
330,0.586274060116251,0.23576282939121987,-0.00033195,1.1211449964209517,4.787338469101568,25.004385182425885,-0.21789562370390278,25.778259219988023,-0.04593960525765017,-12.821644462699659,0.14951036861664863,4.71445378494268,0.3196625855594684,12.078272893515434,-0.03635708494780777,0.2757990099775796,-0.00037072,0.4612033786128618,0.00017264,0,1.0
331,0.0006422755902544264,0.050104019355839274,-0.00033195,1.1211449964209517,4.787338469101568,-18.234981125972855,-0.21789562370390278,23.702987949272412,-0.04593960525765017,-65.69175531569104,0.14951036861664863,-31.532699358985795,0.3196625855594684,30.022636821963157,-0.03635708494780777,-0.13277344802572622,-0.00037072,0.13348619911603926,0.00017264,1,1.0
332,0.0026537323746790853,0.08578742123425714,-0.00033195,1.1211449964209517,4.787338469101568,-11.939210245725615,-0.21789562370390278,27.98204795141946,-0.04593960525765017,-69.58230669604725,0.14951036861664863,-2.100419008321589,0.3196625855594684,23.99787184246399,-0.03635708494780777,-0.11542334936615484,-0.00037072,0.16657031189159494,0.00017264,1,1.0
333,0.21295454945274972,0.04215166009783472,-0.00033195,1.1211449964209517,4.787338469101568,-46.01416295870032,-0.21789562370390278,2.5765620438674426,-0.04593960525765017,-52.37809818255648,0.14951036861664863,-53.769101241345304,0.3196625855594684,60.553481517200716,-0.03635708494780777,-0.09561263364522272,-0.00037072,0.09494534766580927,0.00017264,1,1.0
334,0.33490684888892897,0.11857907716675535,-0.00033195,1.1211449964209517,4.787338469101568,-7.64552391296029,-0.21789562370390278,13.738767450195278,-0.04593960525765017,-9.255728971820623,0.14951036861664863,-69.41182664680338,0.3196625855594684,25.12412389040151,-0.03635708494780777,0.062053024098437666,-0.00037072,0.18351416071626533,0.00017264,0,1.0
335,1.1679180682402739,0.3456450731418011,-0.00033195,1.1211449964209517,4.787338469101568,-13.81136483876146,-0.21789562370390278,54.872609579207534,-0.04593960525765017,-58.79582331203291,0.14951036861664863,-88.14073164479032,0.3196625855594684,75.56533022565611,-0.03635708494780777,0.344983434789855,-0.00037072,0.6766619965238581,0.00017264,0,1.0
336,0.668924932876031,0.27335058250972066,-0.00033195,1.1211449964209517,4.787338469101568,-8.327374842720916,-0.21789562370390278,49.25992582201264,-0.04593960525765017,-79.4637290617807,0.14951036861664863,-79.75733344401885,0.3196625855594684,58.903019608361,-0.03635708494780777,0.13118265641196208,-0.00037072,0.5629567984368593,0.00017264,0,1.0
337,0.2809647625285019,0.20329667693954617,-0.00033195,1.1211449964209517,4.787338469101568,7.451977597326747,-0.21789562370390278,13.004463622592194,-0.04593960525765017,-17.696919292350604,0.14951036861664863,-94.62190335792985,0.3196625855594684,22.775032021734006,-0.03635708494780777,0.012978219662043655,-0.00037072,0.36275210676853376,0.00017264,0,1.0
338,1.0519692116193557,0.3519499492469812,-0.00033195,1.1211449964209517,4.787338469101568,-34.783844088086404,-0.21789562370390278,36.60070747303524,-0.04593960525765017,-57.9081906192296,0.14951036861664863,0.09622824643440814,0.3196625855594684,79.02592170264731,-0.03635708494780777,0.3357184729525328,-0.00037072,0.44222447485237365,0.00017264,0,1.0
339,0.2906954349170422,0.1321992771457775,-0.00033195,1.1211449964209517,4.787338469101568,-12.534630969671383,-0.21789562370390278,27.06714235237479,-0.04593960525765017,-49.28971089649096,0.14951036861664863,-36.50589522037351,0.3196625855594684,33.70296267456941,-0.03635708494780777,0.017538605123753617,-0.00037072,0.23700075013792504,0.00017264,0,1.0
340,0.5939834747517524,0.21928662059150336,-0.00033195,1.1211449964209517,4.787338469101568,-34.58150915157655,-0.21789562370390278,42.80744903440921,-0.04593960525765017,-80.72240824735162,0.14951036861664863,-80.20830045117148,0.3196625855594684,70.41177039387514,-0.03635708494780777,0.04121523750228859,-0.00037072,0.3723852562398664,0.00017264,0,1.0
341,0.16475882793166657,0.005131816335220191,-0.00033195,1.1211449964209517,4.787338469101568,-23.487116834728667,-0.21789562370390278,0.8983790787440098,-0.04593960525765017,-14.670922442662194,0.14951036861664863,4.2528758249596,0.3196625855594684,25.068504622338285,-0.03635708494780777,-0.022175655651212937,-0.00037072,0.022222792314972487,0.00017264,1,1.0
342,0.20566640308396106,0.1157897934273184,-0.00033195,1.1211449964209517,4.787338469101568,-7.947775137702599,-0.21789562370390278,10.747173193093769,-0.04593960525765017,-49.94788292633419,0.14951036861664863,86.43044409090487,0.3196625855594684,23.954266614581456,-0.03635708494780777,0.10027949030529298,-0.00037072,0.16725128340804435,0.00017264,0,1.0
343,1.0011510219327977,0.5060653983345429,-0.00033195,1.1211449964209517,4.787338469101568,74.5147768813409,-0.21789562370390278,34.980104327712674,-0.04593960525765017,-39.255560164680944,0.14951036861664863,-74.49851626240688,0.3196625855594684,28.54309345003799,-0.03635708494780777,0.3257719873587551,-0.00037072,1.3572779074486392,0.00017264,0,1.0
344,0.08724399810167092,0.0032809695353381496,-0.00033195,1.1211449964209517,4.787338469101568,-12.953122441381318,-0.21789562370390278,7.463314601419176,-0.04593960525765017,-14.538215911903603,0.14951036861664863,-42.87310351676518,0.3196625855594684,17.543525973959287,-0.03635708494780777,-0.03850292104089868,-0.00037072,0.03843727083230275,0.00017264,1,1.0
345,0.1394451192230078,0.009355034497067378,-0.00033195,1.1211449964209517,4.787338469101568,-25.285295654237498,-0.21789562370390278,2.119792669153967,-0.04593960525765017,-28.945473327171023,0.14951036861664863,61.69107969966486,0.3196625855594684,24.939637082327373,-0.03635708494780777,-0.049985699128211256,-0.00037072,0.050585917705172484,0.00017264,1,1.0
346,0.001185700357097308,0.020976006808725325,-0.00033195,1.1211449964209517,4.787338469101568,-14.678466038659476,-0.21789562370390278,16.328755307750292,-0.04593960525765017,-51.488188747248856,0.14951036861664863,14.593528503153724,0.3196625855594684,20.981045179189024,-0.03635708494780777,-0.08183717796764584,-0.00037072,0.0820328393911357,0.00017264,1,1.0
347,0.0014132334772592459,0.15851461495829836,-0.00033195,1.1211449964209517,4.787338469101568,37.39073889448598,-0.21789562370390278,25.468701247916833,-0.04593960525765017,-30.876864946228128,0.14951036861664863,21.965702198238994,0.3196625855594684,-17.160676668534492,-0.03635708494780777,0.050417866752792334,-0.00037072,0.3015513870756604,0.00017264,0,1.0
348,0.4783958653448499,0.17435999201143307,-0.00033195,1.1211449964209517,4.787338469101568,-14.877365341607025,-0.21789562370390278,28.073978550050924,-0.04593960525765017,-37.453741759116525,0.14951036861664863,-41.11189118991608,0.3196625855594684,38.87196143268864,-0.03635708494780777,0.09696509341650245,-0.00037072,0.2667707215457221,0.00017264,0,1.0
349,0.000994408919056694,0.06672245298395936,-0.00033195,1.1211449964209517,4.787338469101568,-10.105783762322979,-0.21789562370390278,23.17162446034405,-0.04593960525765017,-61.319301871125724,0.14951036861664863,-2.4986264357110235,0.3196625855594684,21.76984238279072,-0.03635708494780777,-0.09247738557589757,-0.00037072,0.14711892223051742,0.00017264,1,1.0
350,0.2271286283327583,0.10570573453672599,-0.00033195,1.1211449964209517,4.787338469101568,-65.82993405961224,-0.21789562370390278,-5.707299817390742,-0.04593960525765017,-88.63133441556951,0.14951036861664863,35.06434748588265,0.3196625855594684,82.9181218225417,-0.03635708494780777,-0.12518108570401032,-0.00037072,0.1262485431748706,0.00017264,1,1.0
351,0.9112717575496072,0.31383036761836186,-0.00033195,1.1211449964209517,4.787338469101568,-3.9662452403960815,-0.21789562370390278,36.833345779889015,-0.04593960525765017,-20.099569404850804,0.14951036861664863,-43.64720585223947,0.3196625855594684,44.25209009241021,-0.03635708494780777,0.3205661270740065,-0.00037072,0.45535978157069107,0.00017264,0,1.0
352,0.21143558161274356,0.0046699275774878205,-0.00033195,1.1211449964209517,4.787338469101568,-36.414699700073385,-0.21789562370390278,5.500680292639842,-0.04593960525765017,-37.73909077818483,0.14951036861664863,4.811312439044697,0.3196625855594684,41.73689475093736,-0.03635708494780777,-0.013771186694900338,-0.00037072,0.014207472746986275,0.00017264,1,1.0
353,0.23901757194900872,0.10157206313634505,-0.00033195,1.1211449964209517,4.787338469101568,-31.09869610815076,-0.21789562370390278,33.787654772560735,-0.04593960525765017,-63.433790525598745,0.14951036861664863,-85.14514309022363,0.3196625855594684,47.08728023477459,-0.03635708494780777,-0.1226041534152334,-0.00037072,0.19229957330135927,0.00017264,1,1.0
354,0.0017301533685490644,0.07691697552809915,-0.00033195,1.1211449964209517,4.787338469101568,-15.899668894857816,-0.21789562370390278,23.905928210957857,-0.04593960525765017,-90.5983189594047,0.14951036861664863,89.3834709130006,0.3196625855594684,28.7924516608621,-0.03635708494780777,-0.0557750356478388,-0.00037072,0.15707996793787016,0.00017264,1,1.0
355,0.44375402442133016,0.1419638002717197,-0.00033195,1.1211449964209517,4.787338469101568,-34.077343161221066,-0.21789562370390278,16.910170586902257,-0.04593960525765017,-55.9887492991978,0.14951036861664863,-15.71378725701549,0.3196625855594684,57.77937791980947,-0.03635708494780777,0.0675621498860919,-0.00037072,0.20854085304748116,0.00017264,0,1.0
356,0.39894851816860544,0.09141252519276939,-0.00033195,1.1211449964209517,4.787338469101568,-78.64614037153245,-0.21789562370390278,1.8150159028738813,-0.04593960525765017,-80.11376395504817,0.14951036861664863,-63.82222395693539,0.3196625855594684,99.36596569009606,-0.03635708494780777,-0.12005399735426572,-0.00037072,0.12050000355014878,0.00017264,1,1.0
357,0.6082493421884899,0.15118213413984716,-0.00033195,1.1211449964209517,4.787338469101568,71.20873225522998,-0.21789562370390278,60.43854875227009,-0.04593960525765017,-87.63395945753534,0.14951036861664863,49.01874499630412,0.3196625855594684,6.2217308254969295,-0.03635708494780777,0.33438440129259656,-0.00037072,0.991041827641705,0.00017264,0,1.0
358,0.8742727912919529,0.21290666495618787,-0.00033195,1.1211449964209517,4.787338469101568,51.871350711160126,-0.21789562370390278,66.52688019631223,-0.04593960525765017,-77.10416990747721,0.14951036861664863,-64.04902209650847,0.3196625855594684,31.724018752017283,-0.03635708494780777,0.33043497464441934,-0.00037072,1.027487198083195,0.00017264,0,1.0
359,0.5215332215275816,0.12030014398249207,-0.00033195,1.1211449964209517,4.787338469101568,-68.86228824668456,-0.21789562370390278,-10.491889588505593,-0.04593960525765017,-21.625957698686403,0.14951036861664863,70.33755934306095,0.3196625855594684,66.46316326359688,-0.03635708494780777,-0.14894371677170096,-0.00037072,0.14740990100674176,0.00017264,1,1.0
360,1.1856309891726575,0.3895121264977477,-0.00033195,1.1211449964209517,4.787338469101568,-1.3453123191492464,-0.21789562370390278,72.5402821387666,-0.04593960525765017,-74.66156669701986,0.14951036861664863,-32.23915323392857,0.3196625855594684,63.56633109258872,-0.03635708494780777,0.3685321420108837,-0.00037072,0.7579903524108073,0.00017264,0,1.0
361,0.48826376155826245,0.02579551946464245,-0.00033195,1.1211449964209517,4.787338469101568,-59.531736123828516,-0.21789562370390278,6.718132974893548,-0.04593960525765017,-20.876577866283014,0.14951036861664863,-87.66918333122752,0.3196625855594684,66.94137646991709,-0.03635708494780777,-0.023327184578240418,-0.00037072,0.024157260436041533,0.00017264,1,1.0
362,0.59966779809877,0.18437525637567462,-0.00033195,1.1211449964209517,4.787338469101568,56.48184709748997,-0.21789562370390278,51.942277043107836,-0.04593960525765017,-78.0929282487556,0.14951036861664863,50.86305821609561,0.3196625855594684,11.928874163643796,-0.03635708494780777,0.3156477467717858,-0.00037072,0.8649125475111712,0.00017264,0,1.0
363,0.5520315979540351,0.17031247957502516,-0.00033195,1.1211449964209517,4.787338469101568,-67.90653831042215,-0.21789562370390278,23.90646848176749,-0.04593960525765017,-50.8769658227247,0.14951036861664863,44.36467097050672,0.3196625855594684,65.78787062197208,-0.03635708494780777,-0.20876371126133741,-0.00037072,0.21251580998786096,0.00017264,1,1.0
364,0.0003510553886749146,0.07956644138516597,-0.00033195,1.1211449964209517,4.787338469101568,21.572613532416298,-0.21789562370390278,7.940730232048677,-0.04593960525765017,-6.766724459641954,0.14951036861664863,39.88954965562851,0.3196625855594684,-14.358904016508903,-0.03635708494780777,0.06309297629643154,-0.00037072,0.11962816490995776,0.00017264,0,1.0
365,0.5138774494109506,0.05183946262188517,-0.00033195,1.1211449964209517,4.787338469101568,-60.01104577530474,-0.21789562370390278,11.814899793575963,-0.04593960525765017,-23.58304280610279,0.14951036861664863,-44.83470896252878,0.3196625855594684,62.72276697550153,-0.03635708494780777,-0.0965273289498999,-0.00037072,0.09689412405444911,0.00017264,1,1.0
366,0.7445552610645545,0.24067875049338794,-0.00033195,1.1211449964209517,4.787338469101568,43.23173373621836,-0.21789562370390278,55.175675130580274,-0.04593960525765017,-53.80635986600365,0.14951036861664863,74.14494630687324,0.3196625855594684,9.48037769931695,-0.03635708494780777,0.3920682502551287,-0.00037072,0.6874614482389085,0.00017264,0,1.0
367,0.1419836521525047,0.06663037316283894,-0.00033195,1.1211449964209517,4.787338469101568,-46.301643658874454,-0.21789562370390278,22.013582779691248,-0.04593960525765017,-90.07956885942403,0.14951036861664863,-89.17297159554202,0.3196625855594684,68.18731444451278,-0.03635708494780777,-0.17107974319968006,-0.00037072,0.1714043226658598,0.00017264,1,1.0
368,0.5659344265572248,0.21447921129066028,-0.00033195,1.1211449964209517,4.787338469101568,-31.422536272899706,-0.21789562370390278,39.54925867260117,-0.04593960525765017,-99.8968690427099,0.14951036861664863,18.073054083899365,0.3196625855594684,68.67096308633576,-0.03635708494780777,0.10728779881629802,-0.00037072,0.382886673007457,0.00017264,0,1.0
369,0.10921008736085958,0.0010366342594537857,-0.00033195,1.1211449964209517,4.787338469101568,-16.155311968896992,-0.21789562370390278,3.294770832417753,-0.04593960525765017,-13.271517434730434,0.14951036861664863,-13.65270242718442,0.3196625855594684,18.786957700503095,-0.03635708494780777,-0.010002236056290229,-0.00037072,0.010088497452926918,0.00017264,1,1.0
370,0.0038704545030762384,0.0008016278699698642,-0.00033195,1.1211449964209517,4.787338469101568,-1.2877677643578749,-0.21789562370390278,0.29190388536750467,-0.04593960525765017,-3.2834775802664744,0.14951036861664863,19.814236063854572,0.3196625855594684,0.18902790530393826,-0.03635708494780777,-0.01599144476633326,-0.00037072,0.016147712250193437,0.00017264,1,1.0
371,0.6711683844422947,0.19764234500377495,-0.00033195,1.1211449964209517,4.787338469101568,81.88616136177068,-0.21789562370390278,54.727609089506885,-0.04593960525765017,-1.4282786623509314,0.14951036861664863,-69.06756938491661,0.3196625855594684,-21.72858408720685,-0.03635708494780777,0.36072916752787876,-0.00037072,0.817832978813444,0.00017264,0,1.0
372,0.5522804056849266,0.1599705879654705,-0.00033195,1.1211449964209517,4.787338469101568,83.12554689381676,-0.21789562370390278,46.489615037105914,-0.04593960525765017,-21.124406855866646,0.14951036861664863,9.458175341016984,0.3196625855594684,-22.512763412217023,-0.03635708494780777,0.35519356822500675,-0.00037072,0.8226171450830002,0.00017264,0,1.0
373,0.43461079155316606,0.11354981180228585,-0.00033195,1.1211449964209517,4.787338469101568,99.91267106863607,-0.21789562370390278,65.5937836242677,-0.04593960525765017,-94.62680204544615,0.14951036861664863,74.90308930446109,0.3196625855594684,-17.417144750835458,-0.03635708494780777,0.3238403493770548,-0.00037072,1.0966432868959577,0.00017264,0,1.0
374,0.7862842168151878,0.2213155933754688,-0.00033195,1.1211449964209517,4.787338469101568,27.08808597975274,-0.21789562370390278,46.59520523371721,-0.04593960525765017,-74.60150784431717,0.14951036861664863,68.71642163665831,0.3196625855594684,33.931859059815395,-0.03635708494780777,0.36664290687092177,-0.00037072,0.7317836648078615,0.00017264,0,1.0
375,0.5492816045936104,0.2120109790552721,-0.00033195,1.1211449964209517,4.787338469101568,-12.407808415633792,-0.21789562370390278,28.16232398395565,-0.04593960525765017,-42.36861333648122,0.14951036861664863,26.05207013837121,0.3196625855594684,37.11100132270729,-0.03635708494780777,0.17110003561983428,-0.00037072,0.2912421172827335,0.00017264,0,1.0
376,0.08483316234848548,0.20332023703807134,-0.00033195,1.1211449964209517,4.787338469101568,5.292721522407081,-0.21789562370390278,35.63442377853803,-0.04593960525765017,-64.83309654203083,0.14951036861664863,-96.67390097140859,0.3196625855594684,24.033199672493954,-0.03635708494780777,-0.09661686249216384,-0.00037072,0.35113940142969724,0.00017264,1,1.0
377,0.619850838151653,0.16871453517993273,-0.00033195,1.1211449964209517,4.787338469101568,-38.19666391767822,-0.21789562370390278,21.63732792712857,-0.04593960525765017,-32.49055012472143,0.14951036861664863,-77.86042975117998,0.3196625855594684,61.253440282437026,-0.03635708494780777,0.10056637792435716,-0.00037072,0.20291896286738761,0.00017264,0,1.0
378,0.7360034930892816,0.1712719839624208,-0.00033195,1.1211449964209517,4.787338469101568,90.03284248780415,-0.21789562370390278,79.20930651993422,-0.04593960525765017,-91.62741535098309,0.14951036861664863,-74.2954270265784,0.3196625855594684,9.093434352813802,-0.03635708494780777,0.31169448605531674,-0.00037072,1.266763717901826,0.00017264,0,1.0
379,0.0007569849824325681,0.14720175097668722,-0.00033195,1.1211449964209517,4.787338469101568,23.984671312167542,-0.21789562370390278,24.045967709642728,-0.04593960525765017,-64.91622340034195,0.14951036861664863,98.6703361980664,0.3196625855594684,-1.9180327667046113,-0.03635708494780777,0.06504507243663682,-0.00037072,0.29472956259952143,0.00017264,0,1.0
380,0.5708085174075299,0.3127807786938057,-0.00033195,1.1211449964209517,4.787338469101568,68.05946139403419,-0.21789562370390278,76.43137219905425,-0.04593960525765017,-65.81608364586612,0.14951036861664863,-81.80853505638495,0.3196625855594684,-0.41750760219919447,-0.03635708494780777,0.2201873039492902,-0.00037072,0.9010818330006579,0.00017264,0,1.0
381,0.6212229524063744,0.16256051850456502,-0.00033195,1.1211449964209517,4.787338469101568,90.76818775525291,-0.21789562370390278,53.810557359288914,-0.04593960525765017,-27.00435856457561,0.14951036861664863,-51.50376653163152,0.3196625855594684,-17.115182049933352,-0.03635708494780777,0.33535561092565336,-0.00037072,0.9831375672897432,0.00017264,0,1.0
382,1.3674680489879436,0.5107605618699663,-0.00033195,1.1211449964209517,4.787338469101568,27.871690395415392,-0.21789562370390278,64.47778787163098,-0.04593960525765017,-61.08534781401657,0.14951036861664863,-82.4687387377081,0.3196625855594684,63.491911035630864,-0.03635708494780777,0.4892965978169788,-0.00037072,1.0763351835906778,0.00017264,0,1.0
383,0.2603329613257214,0.06466462441832299,-0.00033195,1.1211449964209517,4.787338469101568,-36.574270577868326,-0.21789562370390278,-4.090608640367544,-0.04593960525765017,-21.12247191668018,0.14951036861664863,-60.29118642158183,0.3196625855594684,48.1455046138389,-0.03635708494780777,-0.06696851698682527,-0.00037072,0.10258085395517996,0.00017264,1,1.0
384,0.06505626786313287,0.11483734989701394,-0.00033195,1.1211449964209517,4.787338469101568,-47.64928735245285,-0.21789562370390278,-5.455815143473984,-0.04593960525765017,-86.94101283398477,0.14951036861664863,39.390327329386366,0.3196625855594684,65.07340011809109,-0.03635708494780777,-0.15118767891049312,-0.00037072,0.152561995902172,0.00017264,1,1.0
385,0.42768361913646075,0.04591210433976766,-0.00033195,1.1211449964209517,4.787338469101568,-57.06020552111277,-0.21789562370390278,-0.7729372603083833,-0.04593960525765017,-26.117999484554566,0.14951036861664863,17.751818265103616,0.3196625855594684,58.602236614948055,-0.03635708494780777,-0.07955137281432233,-0.00037072,0.07924830794727043,0.00017264,1,1.0
386,0.3259019015133132,0.03563930791257199,-0.00033195,1.1211449964209517,4.787338469101568,-67.3314607898489,-0.21789562370390278,-1.3520225574110887,-0.04593960525765017,-75.88244620342455,0.14951036861664863,87.52221549284057,0.3196625855594684,74.97544543982566,-0.03635708494780777,-0.04173573064657165,-0.00037072,0.04191519789325152,0.00017264,1,1.0
387,0.3638904014984631,0.014101094424766241,-0.00033195,1.1211449964209517,4.787338469101568,-60.31809748322566,-0.21789562370390278,16.775336360848772,-0.04593960525765017,-63.82208182429988,0.14951036861664863,-71.81908018643809,0.3196625855594684,74.40085781972198,-0.03635708494780777,-0.07086489471096759,-0.00037072,0.07083977093640671,0.00017264,1,1.0
388,0.34379751947941095,0.01285394488931633,-0.00033195,1.1211449964209517,4.787338469101568,-47.38675691364223,-0.21789562370390278,5.97566729837959,-0.04593960525765017,-29.51174843447508,0.14951036861664863,-35.11718565193673,0.3196625855594684,53.29786113666713,-0.03635708494780777,-0.020963710741213185,-0.00037072,0.021287869036033316,0.00017264,1,1.0
389,1.1470000127955338,0.3364403209915366,-0.00033195,1.1211449964209517,4.787338469101568,-19.904261996381102,-0.21789562370390278,54.97913413270619,-0.04593960525765017,-86.79808958394497,0.14951036861664863,10.722566698047,0.3196625855594684,80.58431010160602,-0.03635708494780777,0.3826713602252132,-0.00037072,0.6579066207248123,0.00017264,0,1.0
390,0.4714071434405802,0.020437450403022802,-0.00033195,1.1211449964209517,4.787338469101568,-70.2783381906089,-0.21789562370390278,10.797425152199216,-0.04593960525765017,-55.220769434518616,0.14951036861664863,-45.7616606719984,0.3196625855594684,80.85574838051902,-0.03635708494780777,-0.026330828451820526,-0.00037072,0.026380397856494563,0.00017264,1,1.0
391,0.13998087760659128,0.04191221494163741,-0.00033195,1.1211449964209517,4.787338469101568,-16.089100474268196,-0.21789562370390278,21.954613468390676,-0.04593960525765017,-24.203061114701118,0.14951036861664863,-80.68514029067508,0.3196625855594684,22.334304818206274,-0.03635708494780777,-0.10728637949960733,-0.00037072,0.1101837579494878,0.00017264,1,1.0
392,0.28613406701151567,0.009963153334577675,-0.00033195,1.1211449964209517,4.787338469101568,-45.45937232670709,-0.21789562370390278,4.705131831169579,-0.04593960525765017,-38.896895948448865,0.14951036861664863,-5.591827329868374,0.3196625855594684,51.65070913098129,-0.03635708494780777,-0.010168739853781372,-0.00037072,0.010741362597577658,0.00017264,1,1.0
393,0.05036662752943919,0.04443192379553172,-0.00033195,1.1211449964209517,4.787338469101568,-30.21558823633398,-0.21789562370390278,-5.643427243254046,-0.04593960525765017,-50.84989639052141,0.14951036861664863,36.309870670786346,0.3196625855594684,39.71589794781766,-0.03635708494780777,-0.0887204632161401,-0.00037072,0.08862579811588928,0.00017264,1,1.0
394,0.060491009552599506,0.2749479000757681,-0.00033195,1.1211449964209517,4.787338469101568,53.89459579199106,-0.21789562370390278,50.82607372254605,-0.04593960525765017,-77.41476313688756,0.14951036861664863,80.03732899172216,0.3196625855594684,-18.254468465971197,-0.03635708494780777,0.09405255247368141,-0.00037072,0.5315456405756934,0.00017264,0,1.0
395,1.0442579398648024,0.33662353699451053,-0.00033195,1.1211449964209517,4.787338469101568,-46.97747485132884,-0.21789562370390278,33.308375060623156,-0.04593960525765017,-30.896106440943875,0.14951036861664863,-93.48519244401761,0.3196625855594684,82.05376827849149,-0.03635708494780777,0.23980172095204313,-0.00037072,0.3401304196338669,0.00017264,0,1.0
396,0.0028522710792810435,0.1685556788115939,-0.00033195,1.1211449964209517,4.787338469101568,44.43753040920319,-0.21789562370390278,24.91339903121231,-0.04593960525765017,-5.328568357714059,0.14951036861664863,-67.00037783314184,0.3196625855594684,-23.195090830504316,-0.03635708494780777,0.013026356621859303,-0.00037072,0.3200279082955046,0.00017264,0,1.0
397,0.9407702394431288,0.2296272254463685,-0.00033195,1.1211449964209517,4.787338469101568,33.01404260178831,-0.21789562370390278,66.96338349428052,-0.04593960525765017,-98.36397356281387,0.14951036861664863,-35.6376105306743,0.3196625855594684,50.57385019072723,-0.03635708494780777,0.3336577096216275,-0.00037072,0.9955289221080301,0.00017264,0,1.0
398,0.22116758345778026,0.19206245603673405,-0.00033195,1.1211449964209517,4.787338469101568,4.706519871319851,-0.21789562370390278,37.9605553390056,-0.04593960525765017,-57.95063415432798,0.14951036861664863,-42.87038119123628,0.3196625855594684,21.49364852929211,-0.03635708494780777,-0.0035317122453486505,-0.00037072,0.33585445535663316,0.00017264,1,1.0
399,0.6199327504374358,0.17215055413800348,-0.00033195,1.1211449964209517,4.787338469101568,68.75293617634654,-0.21789562370390278,50.37114032732299,-0.04593960525765017,-39.85535516052247,0.14951036861664863,27.295571966200917,0.3196625855594684,-7.561420101665599,-0.03635708494780777,0.3627635098355525,-0.00037072,0.804500780814004,0.00017264,0,1.0
400,0.06053204801604661,0.10487332521368979,-0.00033195,2.1555968919717063,3.134572259162862,-47.70862151013661,-0.21789562370390278,5.810805797128584,-0.04593960525765017,-57.98461535749932,0.14951036861664863,60.68494867246534,0.3196625855594684,41.54276675115551,-0.03635708494780777,-0.20378676356015976,-0.00037072,0.20473439637888854,0.00017264,1,1.0
401,0.9136567595815314,0.21476926133379848,-0.00033195,2.1555968919717063,3.134572259162862,-41.80180263653397,-0.21789562370390278,9.779203697802092,-0.04593960525765017,-21.408624838209935,0.14951036861664863,-57.36439111644115,0.3196625855594684,54.865140162688895,-0.03635708494780777,-0.20276956613750252,-0.00037072,0.19999951369499314,0.00017264,1,1.0
402,0.6412705461372212,3.9184539143634867,-0.00033195,2.1555968919717063,3.134572259162862,-19.931612918297237,-0.21789562370390278,34.03760030653994,-0.04593960525765017,-100.0,0.14951036861664863,72.83827581596758,0.3196625855594684,26.858682411885518,-0.03635708494780777,-0.5718435456644801,-0.00037072,1.6620059775211011,0.00017264,1,1.0
403,-0.5156332174817961,3.1771492876309746,-0.00033195,2.1555968919717063,3.134572259162862,54.35820797222823,-0.21789562370390278,20.088568501193606,-0.04593960525765017,-0.2798937259611495,0.14951036861664863,0.40669433099840735,0.3196625855594684,-69.86650761619363,-0.03635708494780777,-0.6938090754943759,-0.00037072,0.8832034960599177,0.00017264,1,1.0
404,0.2622329298281135,0.09540933605363847,-0.00033195,2.1555968919717063,3.134572259162862,52.23023460872633,-0.21789562370390278,16.23442895513315,-0.04593960525765017,-96.24223693753899,0.14951036861664863,57.53549892761553,0.3196625855594684,22.17348400273165,-0.03635708494780777,0.47802155476909425,-0.00037072,0.5190712084573124,0.00017264,0,1.0
405,0.6386353194488437,0.19024595185611945,-0.00033195,2.1555968919717063,3.134572259162862,-48.59586432613688,-0.21789562370390278,5.652067507769355,-0.04593960525765017,-75.82033719310165,0.14951036861664863,27.822353960996967,0.3196625855594684,80.41745310847766,-0.03635708494780777,-0.05396995298616308,-0.00037072,0.2202694174314782,0.00017264,1,1.0
406,0.3789208834767851,0.45472822653468337,-0.00033195,2.1555968919717063,3.134572259162862,47.344369540142196,-0.21789562370390278,1.5947053564832554,-0.04593960525765017,-14.032524173126992,0.14951036861664863,6.982718328364112,0.3196625855594684,-1.596993847524372,-0.03635708494780777,0.13614574780791522,-0.00037072,0.7030582788542602,0.00017264,0,1.0
407,0.004365629192710718,0.0625282308773354,-0.00033195,2.1555968919717063,3.134572259162862,26.255284252396038,-0.21789562370390278,6.4540661054977715,-0.04593960525765017,-18.59421443568524,0.14951036861664863,-20.690204987210443,0.3196625855594684,-0.6328138980457364,-0.03635708494780777,-0.16361712528893324,-0.00037072,0.16886878827728447,0.00017264,1,1.0
408,0.8248854022430504,0.21117539316095385,-0.00033195,2.1555968919717063,3.134572259162862,2.7429547695607677,-0.21789562370390278,11.311082294091912,-0.04593960525765017,-20.505543974522986,0.14951036861664863,-89.64652957032621,0.3196625855594684,40.514491614049795,-0.03635708494780777,-0.2761775467738735,-0.00037072,0.27668671113743215,0.00017264,1,1.0
409,0.338014733578072,0.17036652813387215,-0.00033195,2.1555968919717063,3.134572259162862,62.36233287539842,-0.21789562370390278,16.038177773564154,-0.04593960525765017,-66.83070912831684,0.14951036861664863,4.591780026043912,0.3196625855594684,10.178453621158786,-0.03635708494780777,0.3193392011238435,-0.00037072,0.4690220917401925,0.00017264,0,1.0
410,0.8427342135035076,0.30041065181494,-0.00033195,2.1555968919717063,3.134572259162862,-58.75898522460758,-0.21789562370390278,12.880564356366968,-0.04593960525765017,-66.04457163220538,0.14951036861664863,-21.009550116304712,0.3196625855594684,81.4306317460793,-0.03635708494780777,-0.2983133647249551,-0.00037072,0.22943597654701703,0.00017264,1,1.0
411,0.000731206635074727,0.0507992460585118,-0.00033195,2.1555968919717063,3.134572259162862,-54.591179065723566,-0.21789562370390278,-1.7919464312813596,-0.04593960525765017,-47.19504294158939,0.14951036861664863,80.5026320908506,0.3196625855594684,42.06328393907195,-0.03635708494780777,-0.0882006096082073,-0.00037072,0.1351773754670908,0.00017264,1,1.0
412,0.24214721688130003,0.7344364704950255,-0.00033195,2.1555968919717063,3.134572259162862,-13.750501949548521,-0.21789562370390278,-6.713790380916928,-0.04593960525765017,-33.64789654773306,0.14951036861664863,89.04764581759099,0.3196625855594684,27.82087216297038,-0.03635708494780777,-0.0506770710782366,-0.00037072,0.8237864807301597,0.00017264,1,1.0
413,0.36791482908125195,0.11127236715190252,-0.00033195,2.1555968919717063,3.134572259162862,90.71236704793245,-0.21789562370390278,22.33621723723709,-0.04593960525765017,-89.35212157429291,0.14951036861664863,6.921508584758177,0.3196625855594684,6.837505342866794,-0.03635708494780777,0.4125874295821167,-0.00037072,0.6378938364164034,0.00017264,0,1.0
414,0.004498356591251085,0.3372655551117507,-0.00033195,2.1555968919717063,3.134572259162862,-28.984118579168513,-0.21789562370390278,-5.7828193100292715,-0.04593960525765017,-34.84985069694551,0.14951036861664863,87.71006450120636,0.3196625855594684,27.298071540126084,-0.03635708494780777,-0.08596201461350766,-0.00037072,0.4622519782104976,0.00017264,1,1.0
415,0.27164167132697814,0.015103675135961944,-0.00033195,2.1555968919717063,3.134572259162862,-13.093040074907904,-0.21789562370390278,3.2715476872291864,-0.04593960525765017,-17.366095520646503,0.14951036861664863,-10.847676802461704,0.3196625855594684,23.397653978569497,-0.03635708494780777,-0.06577661245117485,-0.00037072,0.06600985719323,0.00017264,1,1.0
416,0.683398628905913,0.24868001019612396,-0.00033195,2.1555968919717063,3.134572259162862,-19.75325762458902,-0.21789562370390278,10.898987621922144,-0.04593960525765017,-81.77064900839277,0.14951036861664863,7.401836063545706,0.3196625855594684,71.4223915043717,-0.03635708494780777,-0.03397799030248955,-0.00037072,0.3293668368307063,0.00017264,1,1.0
417,1.11651215189202,1.5240054029491032,-0.00033195,2.1555968919717063,3.134572259162862,48.28242005378809,-0.21789562370390278,2.21581248509691,-0.04593960525765017,-71.43401560610013,0.14951036861664863,72.98742282627452,0.3196625855594684,45.90961793111104,-0.03635708494780777,0.28908728013966745,-0.00037072,1.6986680377666619,0.00017264,0,1.0
418,0.5635046509303236,0.04931117543041975,-0.00033195,2.1555968919717063,3.134572259162862,-60.089139271793776,-0.21789562370390278,5.293541033307396,-0.04593960525765017,-65.50687452865354,0.14951036861664863,24.194068416374733,0.3196625855594684,75.96824322552492,-0.03635708494780777,-0.09300363643203982,-0.00037072,0.09193501219855701,0.00017264,1,1.0
419,-0.5022918602315471,2.6482282835754454,-0.00033195,2.1555968919717063,3.134572259162862,82.25040745771732,-0.21789562370390278,17.907996872471724,-0.04593960525765017,-27.699107865474094,0.14951036861664863,85.39136849962433,0.3196625855594684,-76.10337344923275,-0.03635708494780777,-0.19018630182206964,-0.00037072,1.3348027402059301,0.00017264,1,1.0
420,0.2827784589437757,0.010397509820394535,-0.00033195,2.1555968919717063,3.134572259162862,-49.45293634594622,-0.21789562370390278,1.5233412012035068,-0.04593960525765017,-42.82116699494471,0.14951036861664863,36.008343507082934,0.3196625855594684,49.50799587352484,-0.03635708494780777,-0.020901237620851852,-0.00037072,0.02103656256162214,0.00017264,1,1.0
421,0.6237377886782824,0.5968141286360228,-0.00033195,2.1555968919717063,3.134572259162862,0.7773060811194417,-0.21789562370390278,2.616570906331477,-0.04593960525765017,-42.71273018435829,0.14951036861664863,54.141763452264954,0.3196625855594684,32.05104257261876,-0.03635708494780777,0.16919314886915332,-0.00037072,0.8417047259307431,0.00017264,0,1.0
422,0.40078224743522917,2.498885523108516,-0.00033195,2.1555968919717063,3.134572259162862,70.87894530342471,-0.21789562370390278,36.05481712790259,-0.04593960525765017,-81.87520317301328,0.14951036861664863,33.46345389502594,0.3196625855594684,-22.43812446628937,-0.03635708494780777,-0.20045720966080316,-0.00037072,1.5804727691454588,0.00017264,1,1.0
423,0.1947144613738958,0.21075735496953768,-0.00033195,2.1555968919717063,3.134572259162862,-7.562436069019506,-0.21789562370390278,10.138390196719376,-0.04593960525765017,-41.234232481153015,0.14951036861664863,12.999813450202973,0.3196625855594684,20.514401388082618,-0.03635708494780777,-0.13584227342951752,-0.00037072,0.2982228308081102,0.00017264,1,1.0
424,2.094916062673432,2.9466290905891874,-0.00033195,2.1555968919717063,3.134572259162862,-30.97462599424436,-0.21789562370390278,5.356473783935279,-0.04593960525765017,-43.436940816780925,0.14951036861664863,48.82433303753637,0.3196625855594684,78.95034541334513,-0.03635708494780777,0.27463445210223236,-0.00037072,1.9713268162140785,0.00017264,0,1.0
425,0.3679638525420994,0.08579469856830876,-0.00033195,2.1555968919717063,3.134572259162862,-56.707659432939586,-0.21789562370390278,-3.2903161582284968,-0.04593960525765017,-2.211486743767329,0.14951036861664863,17.348094462977382,0.3196625855594684,34.339708887402594,-0.03635708494780777,-0.15325848385684837,-0.00037072,0.15360411856492712,0.00017264,1,1.0
426,0.9769430520624101,1.042736250909022,-0.00033195,2.1555968919717063,3.134572259162862,37.25222970238177,-0.21789562370390278,24.474636603131355,-0.04593960525765017,-86.18453471849563,0.14951036861664863,52.16843804853484,0.3196625855594684,24.539085734849575,-0.03635708494780777,0.28819855983427656,-0.00037072,1.4237172582428452,0.00017264,0,1.0
427,1.1116543759854356,0.20375836404744074,-0.00033195,2.1555968919717063,3.134572259162862,-63.873002079660914,-0.21789562370390278,8.084971183868928,-0.04593960525765017,-32.75471865556353,0.14951036861664863,-49.7089231070424,0.3196625855594684,78.82519111362045,-0.03635708494780777,-0.13509397855763544,-0.00037072,0.1367290069370209,0.00017264,1,1.0
428,0.8726182151526137,0.5356649592646217,-0.00033195,2.1555968919717063,3.134572259162862,-74.62046311991945,-0.21789562370390278,12.193053007105568,-0.04593960525765017,-41.8006118263154,0.14951036861664863,-17.790745512443394,0.3196625855594684,68.56855689297247,-0.03635708494780777,-0.39465514063550483,-0.00037072,0.3718779169210851,0.00017264,1,1.0
429,0.20032681997776924,0.3854826899901732,-0.00033195,2.1555968919717063,3.134572259162862,-61.80975581255084,-0.21789562370390278,9.822282300666226,-0.04593960525765017,-63.32303371354867,0.14951036861664863,56.669535093319254,0.3196625855594684,48.856458206516834,-0.03635708494780777,-0.37691993858030065,-0.00037072,0.3748158074507946,0.00017264,1,1.0
430,0.4698973057745506,0.14671956162775823,-0.00033195,2.1555968919717063,3.134572259162862,82.6038087470905,-0.21789562370390278,19.719483298040476,-0.04593960525765017,-86.51251017808046,0.14951036861664863,4.776896707720113,0.3196625855594684,15.451743449457801,-0.03635708494780777,0.4025342930834924,-0.00037072,0.6447199292878317,0.00017264,0,1.0
431,-0.001026446027338146,0.28324794661297525,-0.00033195,2.1555968919717063,3.134572259162862,62.77614102760099,-0.21789562370390278,5.903551797921862,-0.04593960525765017,-16.140714244331868,0.14951036861664863,40.043218750271066,0.3196625855594684,-31.93813393057553,-0.03635708494780777,0.20510709188490545,-0.00037072,0.7501321361695461,0.00017264,0,1.0
432,0.18496606955594808,1.4675028363818468,-0.00033195,2.1555968919717063,3.134572259162862,96.80419892810713,-0.21789562370390278,29.71414939369839,-0.04593960525765017,-51.47379690105953,0.14951036861664863,8.893304692939576,0.3196625855594684,-45.300107729648076,-0.03635708494780777,-0.04851561582925168,-0.00037072,1.2774154894268186,0.00017264,1,1.0
433,0.3875027382569659,0.2514871546402561,-0.00033195,2.1555968919717063,3.134572259162862,87.74271471178919,-0.21789562370390278,15.500162544693136,-0.04593960525765017,-20.63418286874897,0.14951036861664863,-69.26868691118351,0.3196625855594684,-16.12890683228453,-0.03635708494780777,0.09757750264415227,-0.00037072,0.46729821030285196,0.00017264,0,1.0
434,0.0033063252190770887,0.04164259819392696,-0.00033195,2.1555968919717063,3.134572259162862,-4.9556308548732195,-0.21789562370390278,5.879446771809984,-0.04593960525765017,-48.47390433650102,0.14951036861664863,23.54262758462174,0.3196625855594684,25.450503488838557,-0.03635708494780777,-0.13083722976539747,-0.00037072,0.1325338337640326,0.00017264,1,1.0
435,0.0022517029907008074,0.12418563630771828,-0.00033195,2.1555968919717063,3.134572259162862,4.689642487476152,-0.21789562370390278,0.6882988322375285,-0.04593960525765017,-4.839558845129647,0.14951036861664863,20.014362252725853,0.3196625855594684,-4.2586114308579,-0.03635708494780777,0.0015559249488374116,-0.00037072,0.22863350664839474,0.00017264,0,1.0
436,-0.0010498890776766412,0.223352586080895,-0.00033195,2.1555968919717063,3.134572259162862,-48.40949168115385,-0.21789562370390278,2.7060545512605363,-0.04593960525765017,-53.6236280421004,0.14951036861664863,88.48218297331198,0.3196625855594684,34.819181166533596,-0.03635708494780777,-0.14853399697227204,-0.00037072,0.34874686498076085,0.00017264,1,1.0
437,0.0007387883241602999,0.15349999525673577,-0.00033195,2.1555968919717063,3.134572259162862,67.36014738676495,-0.21789562370390278,10.54295185132002,-0.04593960525765017,-69.58383492968812,0.14951036861664863,95.1524778984179,0.3196625855594684,-12.210572532042715,-0.03635708494780777,0.35758398818473336,-0.00037072,0.9634918192461492,0.00017264,0,1.0
438,0.1958119407818495,2.0884680722958975,-0.00033195,2.1555968919717063,3.134572259162862,24.306409749862908,-0.21789562370390278,27.927972939305906,-0.04593960525765017,-29.374005291226414,0.14951036861664863,-57.97962359345674,0.3196625855594684,-14.575031433587137,-0.03635708494780777,-0.8111420261579928,-0.00037072,0.8155364647396363,0.00017264,1,1.0
439,0.8531241045030018,0.128905942751099,-0.00033195,2.1555968919717063,3.134572259162862,-73.27884644702615,-0.21789562370390278,0.8240196452588269,-0.04593960525765017,-20.694211717737666,0.14951036861664863,-12.858067418374814,0.3196625855594684,69.06962674487372,-0.03635708494780777,-0.04152330425234595,-0.00037072,0.04191410435200371,0.00017264,1,1.0
440,0.015656385477453405,0.12903590223790407,-0.00033195,2.1555968919717063,3.134572259162862,5.706062897848135,-0.21789562370390278,10.320363614464421,-0.04593960525765017,-86.07043441924539,0.14951036861664863,62.759214615735154,0.3196625855594684,34.5285232200539,-0.03635708494780777,0.09468607524479572,-0.00037072,0.26176124844461185,0.00017264,0,1.0
441,0.3767636648205491,0.039787466070695096,-0.00033195,2.1555968919717063,3.134572259162862,-81.90939887676089,-0.21789562370390278,-0.4027705682687072,-0.04593960525765017,-55.204995187185936,0.14951036861664863,64.07237329967198,0.3196625855594684,70.68264027702006,-0.03635708494780777,-0.08748840367216543,-0.00037072,0.08825844897956697,0.00017264,1,1.0
442,0.0007728446751991136,0.0505119515799747,-0.00033195,2.1555968919717063,3.134572259162862,88.17819924358078,-0.21789562370390278,17.419282938990115,-0.04593960525765017,-86.95040846454984,0.14951036861664863,53.99217330763784,0.3196625855594684,-7.219687626761097,-0.03635708494780777,0.5254335438670932,-0.00037072,0.5504219010036471,0.00017264,0,1.0
443,0.03377159314802436,0.10309112518200551,-0.00033195,2.1555968919717063,3.134572259162862,5.935670263098991,-0.21789562370390278,9.03114306373927,-0.04593960525765017,-59.46406304819986,0.14951036861664863,16.491898360199528,0.3196625855594684,27.383893111299564,-0.03635708494780777,-0.1789565155645695,-0.00037072,0.21618697247963117,0.00017264,1,1.0
444,1.7679904657378493,1.1808890071062503,-0.00033195,2.1555968919717063,3.134572259162862,65.6367945987275,-0.21789562370390278,18.12478656138394,-0.04593960525765017,-59.07561954099129,0.14951036861664863,-98.7110880337949,0.3196625855594684,62.609375428839215,-0.03635708494780777,0.3056662108045731,-0.00037072,1.0314576214995868,0.00017264,0,1.0
445,0.17333146576516711,0.08381599801309704,-0.00033195,2.1555968919717063,3.134572259162862,89.71095568930708,-0.21789562370390278,16.131073260998637,-0.04593960525765017,-62.14541049266274,0.14951036861664863,15.561092021665981,0.3196625855594684,-11.502185537811124,-0.03635708494780777,0.4828358058857807,-0.00037072,0.517983797489447,0.00017264,0,1.0
446,0.9336444473687868,0.38846660295480023,-0.00033195,2.1555968919717063,3.134572259162862,70.53663135924864,-0.21789562370390278,17.729393641395394,-0.04593960525765017,-67.81262192689583,0.14951036861664863,-35.10259961706758,0.3196625855594684,30.538912827725465,-0.03635708494780777,0.3753830083405276,-0.00037072,0.7236359908133403,0.00017264,0,1.0
447,0.012371844879565552,0.7169845698477487,-0.00033195,2.1555968919717063,3.134572259162862,-44.0984093726375,-0.21789562370390278,15.61523467857554,-0.04593960525765017,-90.89519167426062,0.14951036861664863,84.22827942275552,0.3196625855594684,42.46095830229926,-0.03635708494780777,-0.4033598837690685,-0.00037072,0.5613647627446047,0.00017264,1,1.0
448,0.7895568057837379,0.43324614943065104,-0.00033195,2.1555968919717063,3.134572259162862,-55.19036742136406,-0.21789562370390278,14.17581662699026,-0.04593960525765017,-48.80677478250815,0.14951036861664863,-24.304737551833878,0.3196625855594684,62.96125650985661,-0.03635708494780777,-0.36481611829904703,-0.00037072,0.3488108881788339,0.00017264,1,1.0
449,0.4966391076875558,0.26623149973696425,-0.00033195,2.1555968919717063,3.134572259162862,50.612285833199856,-0.21789562370390278,16.667575113512797,-0.04593960525765017,-56.74665289764271,0.14951036861664863,-36.31287734156394,0.3196625855594684,20.084165909108105,-0.03635708494780777,0.03742249074578835,-0.00037072,0.4578240982865169,0.00017264,0,1.0
450,1.537435996318489,0.7236245401818968,-0.00033195,2.1555968919717063,3.134572259162862,-71.31659208659528,-0.21789562370390278,20.342407343289704,-0.04593960525765017,-55.47427318407938,0.14951036861664863,-89.07940776496517,0.3196625855594684,99.9087244738649,-0.03635708494780777,-0.4197692741045182,-0.00037072,0.42130767085444604,0.00017264,1,1.0
451,0.15115888069828887,0.45129006473235517,-0.00033195,2.1555968919717063,3.134572259162862,37.31171072934867,-0.21789562370390278,20.078342120305503,-0.04593960525765017,-56.995410772735354,0.14951036861664863,-38.29740513259494,0.3196625855594684,11.01154674917092,-0.03635708494780777,-0.40256690708823445,-0.00037072,0.43306995801848863,0.00017264,1,1.0
452,1.8397248552040835,1.2536048707170093,-0.00033195,2.1555968919717063,3.134572259162862,63.76683096411119,-0.21789562370390278,20.83983475662542,-0.04593960525765017,-87.71544360351004,0.14951036861664863,-83.33952706043114,0.3196625855594684,79.9910099774355,-0.03635708494780777,0.3005170212052083,-0.00037072,1.1264731547024116,0.00017264,0,1.0
453,1.063534535925502,1.0558678904892205,-0.00033195,2.1555968919717063,3.134572259162862,29.103520201753284,-0.21789562370390278,1.3568375575609333,-0.04593960525765017,-13.328682995344423,0.14951036861664863,-44.16829617439265,0.3196625855594684,36.27951888537594,-0.03635708494780777,0.02155377761416749,-0.00037072,0.8529554119729366,0.00017264,0,1.0
454,-0.012605669357537153,0.8573703650066449,-0.00033195,2.1555968919717063,3.134572259162862,64.53547561412938,-0.21789562370390278,21.537451830781336,-0.04593960525765017,-60.16505393093521,0.14951036861664863,48.36834184312565,0.3196625855594684,-26.55183289109627,-0.03635708494780777,-0.00036645895572590126,-0.00037072,0.9873648416972856,0.00017264,1,1.0
455,1.150451819320101,0.48832546800564736,-0.00033195,2.1555968919717063,3.134572259162862,17.850503251156574,-0.21789562370390278,12.460225914815549,-0.04593960525765017,-16.975126431493628,0.14951036861664863,-83.66410309961027,0.3196625855594684,36.45316991764064,-0.03635708494780777,0.227234168963327,-0.00037072,0.34622267328771456,0.00017264,0,1.0
456,0.1304503016140159,0.018421081303345792,-0.00033195,2.1555968919717063,3.134572259162862,-9.703419545130053,-0.21789562370390278,4.581356048718931,-0.04593960525765017,-32.988147859376305,0.14951036861664863,7.602714321451953,0.3196625855594684,24.219896376201614,-0.03635708494780777,-0.09567913671271142,-0.00037072,0.09560362314040785,0.00017264,1,1.0
457,-0.13957088889179037,1.1663639614859178,-0.00033195,2.1555968919717063,3.134572259162862,94.28150840765699,-0.21789562370390278,22.9859677370127,-0.04593960525765017,-51.71405436565856,0.14951036861664863,47.00454284167922,0.3196625855594684,-50.4746738691498,-0.03635708494780777,0.04913090115038565,-0.00037072,1.1227881262868675,0.00017264,0,1.0
458,0.8016764448500483,0.4208781535394862,-0.00033195,2.1555968919717063,3.134572259162862,-26.16657871466719,-0.21789562370390278,10.668216455404748,-0.04593960525765017,-99.96052467671905,0.14951036861664863,77.19328436101681,0.3196625855594684,73.94359777188625,-0.03635708494780777,0.2954133173509076,-0.00037072,0.6747344591639751,0.00017264,0,1.0
459,-0.0006275057919176708,0.019299579655481378,-0.00033195,2.1555968919717063,3.134572259162862,-37.783044238346356,-0.21789562370390278,3.174151532557313,-0.04593960525765017,-65.60088435529651,0.14951036861664863,67.01052485609479,0.3196625855594684,45.517962658572195,-0.03635708494780777,-0.03141633078902338,-0.00037072,0.04900763996367784,0.00017264,1,1.0
460,-0.00682186783690053,0.558736830035119,-0.00033195,2.1555968919717063,3.134572259162862,1.2058235970015136,-0.21789562370390278,9.235078174933282,-0.04593960525765017,-0.15271824060853983,0.14951036861664863,-6.167564570313229,0.3196625855594684,-15.388129156769939,-0.03635708494780777,-0.38197614815131764,-0.00037072,0.4314870619253336,0.00017264,1,1.0
461,0.7546249538178476,0.3380931247758096,-0.00033195,2.1555968919717063,3.134572259162862,28.69161589756638,-0.21789562370390278,15.381490431742112,-0.04593960525765017,-31.71331964049169,0.14951036861664863,-99.12727410726998,0.3196625855594684,33.26374131486168,-0.03635708494780777,-0.34791864895958224,-0.00037072,0.3989722535502713,0.00017264,1,1.0
462,0.0018791679498491032,0.19327623310289171,-0.00033195,2.1555968919717063,3.134572259162862,81.23459557878883,-0.21789562370390278,12.698122628435016,-0.04593960525765017,-47.742893971745076,0.14951036861664863,60.955972147549126,0.3196625855594684,-30.43663551283631,-0.03635708494780777,0.32550567205093056,-0.00037072,0.9193690383940227,0.00017264,0,1.0
463,0.042071523785435994,0.14680237147148006,-0.00033195,2.1555968919717063,3.134572259162862,90.77180704261549,-0.21789562370390278,8.487861411213185,-0.04593960525765017,-50.703024924698695,0.14951036861664863,47.05197477177507,0.3196625855594684,-19.419872109639883,-0.03635708494780777,0.34877294122626046,-0.00037072,0.8167048693535456,0.00017264,0,1.0
464,0.829116704404965,0.9044790470763364,-0.00033195,2.1555968919717063,3.134572259162862,-69.34066177797126,-0.21789562370390278,9.57359660226841,-0.04593960525765017,-0.5992035829338415,0.14951036861664863,-52.652954556126566,0.3196625855594684,45.164787944712714,-0.03635708494780777,-0.5305740750540731,-0.00037072,0.35007272327522243,0.00017264,1,1.0
465,0.8731121351435522,0.7487377660303363,-0.00033195,2.1555968919717063,3.134572259162862,-22.116470594198507,-0.21789562370390278,12.995140211552181,-0.04593960525765017,-6.9930425463623855,0.14951036861664863,-51.55963977803745,0.3196625855594684,27.017826503436883,-0.03635708494780777,-0.22356749214138666,-0.00037072,0.5325194633677028,0.00017264,1,1.0
466,1.801162969230071,1.63475003895573,-0.00033195,2.1555968919717063,3.134572259162862,13.61116464025884,-0.21789562370390278,5.630534387326567,-0.04593960525765017,-23.870506517744783,0.14951036861664863,-73.75819590097869,0.3196625855594684,70.0095355065379,-0.03635708494780777,0.1719225466584351,-0.00037072,1.02979503155489,0.00017264,0,1.0
467,0.990510869854637,1.074376704930728,-0.00033195,2.1555968919717063,3.134572259162862,-77.74414206985392,-0.21789562370390278,16.000010644221632,-0.04593960525765017,-37.72918897171105,0.14951036861664863,-52.78058356863018,0.3196625855594684,71.85654419822932,-0.03635708494780777,-0.6079985005286758,-0.00037072,0.3920544939170786,0.00017264,1,1.0
468,0.003748048564687634,0.42454419583182856,-0.00033195,2.1555968919717063,3.134572259162862,3.491515426865626,-0.21789562370390278,-4.396948149452362,-0.04593960525765017,-12.569537350662966,0.14951036861664863,69.91131642825125,0.3196625855594684,-1.4595330091493854,-0.03635708494780777,-0.021752029851039467,-0.00037072,0.6482581871690762,0.00017264,1,1.0
469,0.02434192344508168,0.3107551365430987,-0.00033195,2.1555968919717063,3.134572259162862,48.49688174777589,-0.21789562370390278,15.66774955505049,-0.04593960525765017,-29.960894790339168,0.14951036861664863,-39.531755638010914,0.3196625855594684,-10.738470122208474,-0.03635708494780777,-0.27527815047576726,-0.00037072,0.35723177169246884,0.00017264,1,1.0
470,0.7195984368570415,0.11784099324998448,-0.00033195,2.1555968919717063,3.134572259162862,-12.891950996071422,-0.21789562370390278,7.828679427675061,-0.04593960525765017,-18.83114918556923,0.14951036861664863,-61.52131911235335,0.3196625855594684,41.23605911485714,-0.03635708494780777,-0.17672842135958958,-0.00037072,0.17970093880897034,0.00017264,1,1.0
471,0.013201733661705184,4.543454806032457,-0.00033195,2.1555968919717063,3.134572259162862,-60.442269769714954,-0.21789562370390278,29.15824380745602,-0.04593960525765017,-71.23931038831523,0.14951036861664863,54.72923872974046,0.3196625855594684,16.064822507844138,-0.03635708494780777,-1.2366783945124247,-0.00037072,1.2159841682857457,0.00017264,1,1.0
472,0.26269245275437825,0.04112238440336048,-0.00033195,2.1555968919717063,3.134572259162862,-59.434366464863814,-0.21789562370390278,-2.616921716301736,-0.04593960525765017,-25.60375536330995,0.14951036861664863,42.41423277247292,0.3196625855594684,44.26333247999234,-0.03635708494780777,-0.10569059336502977,-0.00037072,0.10538627611053748,0.00017264,1,1.0
473,0.0030034005726917723,0.16949911141019705,-0.00033195,2.1555968919717063,3.134572259162862,85.06313674199122,-0.21789562370390278,10.791058995146143,-0.04593960525765017,-4.683620085685633,0.14951036861664863,-28.938727315997298,0.3196625855594684,-40.397318289026586,-0.03635708494780777,0.23003990015132023,-0.00037072,0.34893104368740263,0.00017264,0,1.0
474,0.0009584710323685686,0.14197290150123665,-0.00033195,2.1555968919717063,3.134572259162862,39.20704648801207,-0.21789562370390278,4.618727953286591,-0.04593960525765017,-16.344021610439306,0.14951036861664863,11.245356987361186,0.3196625855594684,-12.736376303448282,-0.03635708494780777,0.16632097998009465,-0.00037072,0.2683353727208915,0.00017264,0,1.0
475,0.3966736592673281,0.19313596301530475,-0.00033195,2.1555968919717063,3.134572259162862,-85.25659191769687,-0.21789562370390278,-9.010897881373529,-0.04593960525765017,-13.365718931688956,0.14951036861664863,52.735967985498924,0.3196625855594684,56.16958468734394,-0.03635708494780777,-0.22935179726642813,-0.00037072,0.2333668463110931,0.00017264,1,1.0
476,0.34019305081130324,0.11696869221257247,-0.00033195,2.1555968919717063,3.134572259162862,90.83253804833923,-0.21789562370390278,19.14788939466961,-0.04593960525765017,-68.67472295270404,0.14951036861664863,-1.2167262115765098,0.3196625855594684,-3.2114870746141055,-0.03635708494780777,0.44585551930938583,-0.00037072,0.5695483431241473,0.00017264,0,1.0
477,0.028051229358172114,0.29147123776034467,-0.00033195,2.1555968919717063,3.134572259162862,-18.734968623348355,-0.21789562370390278,-5.61319456445747,-0.04593960525765017,-28.91372435466524,0.14951036861664863,49.641119775108834,0.3196625855594684,28.802217677508704,-0.03635708494780777,-0.1877071853970047,-0.00037072,0.3281723855334565,0.00017264,1,1.0
478,0.5421331080246994,0.0885502239426635,-0.00033195,2.1555968919717063,3.134572259162862,-41.266963769422134,-0.21789562370390278,9.89571853395836,-0.04593960525765017,-74.46731163869886,0.14951036861664863,9.417675515756466,0.3196625855594684,71.294503862037,-0.03635708494780777,-0.19372932058914508,-0.00037072,0.1949601257024939,0.00017264,1,1.0
479,1.3397264766661745,1.221891542913115,-0.00033195,2.1555968919717063,3.134572259162862,39.619870364764424,-0.21789562370390278,4.504102602449595,-0.04593960525765017,-17.553212376930563,0.14951036861664863,-52.062879416540795,0.3196625855594684,39.25378800383153,-0.03635708494780777,0.17733260182565014,-0.00037072,1.01636808724869,0.00017264,0,1.0
480,0.7845975730317952,1.9064477706135472,-0.00033195,2.1555968919717063,3.134572259162862,-43.74417554492615,-0.21789562370390278,-10.379758904799713,-0.04593960525765017,-61.4149126749745,0.14951036861664863,65.0693160378314,0.3196625855594684,89.13706269979875,-0.03635708494780777,-0.3604650128940675,-0.00037072,0.9927943013975714,0.00017264,1,1.0
481,1.1169302854521468,1.4946704432002393,-0.00033195,2.1555968919717063,3.134572259162862,-22.79184321768736,-0.21789562370390278,-6.63204759416053,-0.04593960525765017,-15.58007336273248,0.14951036861664863,-21.043604776291865,0.3196625855594684,67.63755413155047,-0.03635708494780777,-0.24862356687386505,-0.00037072,0.8389837684189692,0.00017264,1,1.0
482,0.9452092790306837,0.13128374745604604,-0.00033195,2.1555968919717063,3.134572259162862,-65.05133760662736,-0.21789562370390278,4.8436736722906275,-0.04593960525765017,-34.57159964316314,0.14951036861664863,-26.869515169508965,0.3196625855594684,76.28584004234996,-0.03635708494780777,-0.06862589744552333,-0.00037072,0.0688013982644422,0.00017264,1,1.0
483,1.2998233791731233,0.6876025088188606,-0.00033195,2.1555968919717063,3.134572259162862,85.84429677241637,-0.21789562370390278,16.693872160677685,-0.04593960525765017,-26.451745948336846,0.14951036861664863,-99.84468837827164,0.3196625855594684,18.68207478487878,-0.03635708494780777,0.3800626171699906,-0.00037072,0.7980225227255637,0.00017264,0,1.0
484,0.011039341463573882,0.5295195599693577,-0.00033195,2.1555968919717063,3.134572259162862,-12.354858975329991,-0.21789562370390278,7.74293911169346,-0.04593960525765017,-3.2811287358092867,0.14951036861664863,6.760485073684916,0.3196625855594684,-7.873687834934106,-0.03635708494780777,-0.38790508143914393,-0.00037072,0.43051544658951935,0.00017264,1,1.0
485,0.6221774562415412,0.8317662665438257,-0.00033195,2.1555968919717063,3.134572259162862,50.0961208378715,-0.21789562370390278,31.606430493007394,-0.04593960525765017,-99.61223847284235,0.14951036861664863,-20.786471228129145,0.3196625855594684,28.224297914354633,-0.03635708494780777,-0.10384240479211237,-0.00037072,0.8260308892467404,0.00017264,1,1.0
486,0.30026276643601185,2.0426412622779875,-0.00033195,2.1555968919717063,3.134572259162862,-84.51229746820681,-0.21789562370390278,10.820812274840375,-0.04593960525765017,-8.607717508576663,0.14951036861664863,6.978988344636571,0.3196625855594684,26.129962218861206,-0.03635708494780777,-0.8977447661907999,-0.00037072,0.6021317584394427,0.00017264,1,1.0
487,0.002349473072116963,0.0030955601171014594,-0.00033195,2.1555968919717063,3.134572259162862,-32.13948195576522,-0.21789562370390278,0.5911553424638428,-0.04593960525765017,-38.773337329474366,0.14951036861664863,48.568576283511085,0.3196625855594684,30.67187221823973,-0.03635708494780777,-0.018237744217787788,-0.00037072,0.01896501228200813,0.00017264,1,1.0
488,-0.0012472595857011548,0.4922206114425912,-0.00033195,2.1555968919717063,3.134572259162862,26.99829671498011,-0.21789562370390278,17.069828008950925,-0.04593960525765017,-84.32939121558972,0.14951036861664863,85.56354760835848,0.3196625855594684,6.363669205200793,-0.03635708494780777,0.05646579533834595,-0.00037072,0.7964700939458021,0.00017264,0,1.0
489,1.1116288724505305,0.2040709834489011,-0.00033195,2.1555968919717063,3.134572259162862,-58.22427696300843,-0.21789562370390278,9.788201669772288,-0.04593960525765017,-49.30890664373232,0.14951036861664863,-47.98760845502262,0.3196625855594684,86.87927998476069,-0.03635708494780777,-0.18385142929744117,-0.00037072,0.18318689355371023,0.00017264,1,1.0
490,0.6024442512926422,0.05584489322284232,-0.00033195,2.1555968919717063,3.134572259162862,-33.03461350744913,-0.21789562370390278,3.369248358282506,-0.04593960525765017,-15.1480584771726,0.14951036861664863,-28.649514160522344,0.3196625855594684,42.213705589851905,-0.03635708494780777,-0.05618018910109931,-0.00037072,0.056231110878747236,0.00017264,1,1.0
491,0.7927632058114509,0.2010500915081428,-0.00033195,2.1555968919717063,3.134572259162862,-70.33126484638072,-0.21789562370390278,2.659537430772527,-0.04593960525765017,-10.33537331353064,0.14951036861664863,-16.794777365136863,0.3196625855594684,55.56415098882722,-0.03635708494780777,-0.18297645194156023,-0.00037072,0.1851131979496732,0.00017264,1,1.0
492,1.4162901631350744,1.3978510068759853,-0.00033195,2.1555968919717063,3.134572259162862,69.6056786178729,-0.21789562370390278,14.529043967274484,-0.04593960525765017,-9.63053595752945,0.14951036861664863,-45.949973207067494,0.3196625855594684,3.5661253837239633,-0.03635708494780777,0.47188150519672056,-0.00037072,1.2979360472445407,0.00017264,0,1.0
493,0.24402915299225217,0.7048436709484751,-0.00033195,2.1555968919717063,3.134572259162862,45.61122456143888,-0.21789562370390278,-1.312602169083286,-0.04593960525765017,-39.994299570664744,0.14951036861664863,90.64082547474838,0.3196625855594684,0.21862319255387933,-0.03635708494780777,0.16255578038346818,-0.00037072,1.1941789497849546,0.00017264,0,1.0
494,0.7674805940405965,0.13930331164240162,-0.00033195,2.1555968919717063,3.134572259162862,-6.184727638587624,-0.21789562370390278,8.181661487741442,-0.04593960525765017,-11.297301029121638,0.14951036861664863,-77.15849303619888,0.3196625855594684,37.13703769042958,-0.03635708494780777,-0.19617301664277023,-0.00037072,0.19641011839427816,0.00017264,1,1.0
495,0.7436450666703122,0.09635111787903022,-0.00033195,2.1555968919717063,3.134572259162862,-44.23408365333238,-0.21789562370390278,1.1006020629513733,-0.04593960525765017,-3.8675955940363487,0.14951036861664863,-36.83582610137545,0.3196625855594684,46.99509705120226,-0.03635708494780777,-0.015291025534108344,-0.00037072,0.014435297718195034,0.00017264,1,1.0
496,0.08268401939401354,0.19317028889720664,-0.00033195,2.1555968919717063,3.134572259162862,32.20668523444588,-0.21789562370390278,4.823743292579923,-0.04593960525765017,-42.35931419560932,0.14951036861664863,38.617278018019014,0.3196625855594684,6.009777518615102,-0.03635708494780777,0.1774400837206539,-0.00037072,0.41818289429562405,0.00017264,0,1.0
497,0.5884864939572567,0.07389388276120931,-0.00033195,2.1555968919717063,3.134572259162862,-36.06212740168926,-0.21789562370390278,5.363022218007298,-0.04593960525765017,-41.9687241902265,0.14951036861664863,-12.633652684343735,0.3196625855594684,57.462337841326914,-0.03635708494780777,-0.132280068737621,-0.00037072,0.12961432722490446,0.00017264,1,1.0
498,1.3131393618811895,2.2808677030814826,-0.00033195,2.1555968919717063,3.134572259162862,-30.033348263024585,-0.21789562370390278,-6.763782322635037,-0.04593960525765017,-53.914038362463906,0.14951036861664863,77.91861921206679,0.3196625855594684,81.27829284275322,-0.03635708494780777,0.018359392590114765,-0.00037072,1.5088522187863909,0.00017264,0,1.0
499,0.0013960735396113533,0.7719966006431123,-0.00033195,2.1555968919717063,3.134572259162862,-12.815458573609376,-0.21789562370390278,-11.613963257952017,-0.04593960525765017,-10.716315904631307,0.14951036861664863,89.71890749246776,0.3196625855594684,10.877635617968494,-0.03635708494780777,-0.1728815794173414,-0.00037072,0.776036010802494,0.00017264,1,1.0
500,-0.4505207204222499,1.6237182397274887,-0.00033195,0.7631940241558249,2.47659447396597,65.03663951279074,-0.21789562370390278,43.08312707628439,-0.04593960525765017,-20.841948312515157,0.14951036861664863,0.7582282244145104,0.3196625855594684,-57.957671055910666,-0.03635708494780777,2.676650680996325,-0.00037072,10.522798106321417,0.00017264,0,1.0
501,-0.18074518297004127,2.0103139966210444,-0.00033195,0.7631940241558249,2.47659447396597,66.12704755439317,-0.21789562370390278,59.821802830007876,-0.04593960525765017,-43.33835144336662,0.14951036861664863,9.105982089365583,0.3196625855594684,-52.95039657407103,-0.03635708494780777,3.2872950125447487,-0.00037072,11.502303040246801,0.00017264,0,1.0
502,1.8139169726571145,1.1138894231974104,-0.00033195,0.7631940241558249,2.47659447396597,-30.02182901508588,-0.21789562370390278,9.630883624355707,-0.04593960525765017,-47.51619864944315,0.14951036861664863,0.01132279821696644,0.3196625855594684,59.42731473356971,-0.03635708494780777,-0.2860291239883697,-0.00037072,0.283557285396899,0.00017264,1,1.0
503,-1.7960469122494234,7.550371111744002,-0.00033195,0.7631940241558249,2.47659447396597,60.57786476632177,-0.21789562370390278,18.961032702955233,-0.04593960525765017,-73.4346936761589,0.14951036861664863,89.27454826287142,0.3196625855594684,-46.48612913771955,-0.03635708494780777,1.4549996511825354,-0.00037072,11.891124202972943,0.00017264,0,1.0
504,-1.064993344577637,2.787945428750959,-0.00033195,0.7631940241558249,2.47659447396597,87.62801872902496,-0.21789562370390278,60.6904761957361,-0.04593960525765017,-61.84757111523455,0.14951036861664863,23.58552632979462,0.3196625855594684,-69.38462011783696,-0.03635708494780777,2.8585792594729007,-0.00037072,15.59445412837443,0.00017264,0,1.0
505,0.9233735939733876,0.6023767220967245,-0.00033195,0.7631940241558249,2.47659447396597,55.18473900393952,-0.21789562370390278,82.9121235821098,-0.04593960525765017,-91.0223753899768,0.14951036861664863,-52.53728945950608,0.3196625855594684,-5.175691283220291,-0.03635708494780777,0.29134353691036985,-0.00037072,15.573401923564075,0.00017264,0,1.0
506,1.3614951451240744,8.3358196925514,-0.00033195,0.7631940241558249,2.47659447396597,25.14898024938631,-0.21789562370390278,26.603157141590344,-0.04593960525765017,-11.018089307622457,0.14951036861664863,52.80365918008417,0.3196625855594684,-23.802160068440283,-0.03635708494780777,3.685234006561937,-0.00037072,6.119014782417097,0.00017264,0,1.0
507,5.259093735444015,19.277109053889692,-0.00033195,0.7631940241558249,2.47659447396597,-24.284753233177717,-0.21789562370390278,78.36312250225288,-0.04593960525765017,-85.94026685366963,0.14951036861664863,-25.807028950988187,0.3196625855594684,82.30333956985042,-0.03635708494780777,1.627031639994236,-0.00037072,7.970621166535773,0.00017264,0,1.0
508,0.8165169708941944,0.5133407323188495,-0.00033195,0.7631940241558249,2.47659447396597,64.34232091689769,-0.21789562370390278,75.39082843059856,-0.04593960525765017,-36.714007223285115,0.14951036861664863,-93.63569292712943,0.3196625855594684,-30.486924683984864,-0.03635708494780777,0.25515313453772404,-0.00037072,14.41344010242014,0.00017264,0,1.0
509,0.15912973834999855,0.04576419225124578,-0.00033195,0.7631940241558249,2.47659447396597,31.029085690726298,-0.21789562370390278,43.95920889429664,-0.04593960525765017,-50.657132528888766,0.14951036861664863,-16.171029582954535,0.3196625855594684,-8.106136602399596,-0.03635708494780777,0.2585568333529129,-0.00037072,7.953979037699877,0.00017264,0,1.0
510,0.3784609903752245,15.418407279791086,-0.00033195,0.7631940241558249,2.47659447396597,-29.875820742940082,-0.21789562370390278,-0.7440373377335118,-0.04593960525765017,-31.030463960526482,0.14951036861664863,-74.24216762966083,0.3196625855594684,59.10434449739009,-0.03635708494780777,-5.610671278775838,-0.00037072,0.23959820720188318,0.00017264,1,1.0
511,1.0734201131897907,1.2622236547848098,-0.00033195,0.7631940241558249,2.47659447396597,10.60471740895609,-0.21789562370390278,35.685969357041245,-0.04593960525765017,-72.11582013732655,0.14951036861664863,-1.9914769085255248,0.3196625855594684,26.698664569351976,-0.03635708494780777,0.2827258413221778,-0.00037072,7.288459701303095,0.00017264,0,1.0
512,4.319330650335473,5.7548568797281385,-0.00033195,0.7631940241558249,2.47659447396597,-30.32190944637663,-0.21789562370390278,49.598689151179556,-0.04593960525765017,-78.73331251584577,0.14951036861664863,-61.468508639161385,0.3196625855594684,94.94931180414518,-0.03635708494780777,0.27008117271256804,-0.00037072,5.60084183099332,0.00017264,0,1.0
513,1.9513034335399755,2.5881829620579726,-0.00033195,0.7631940241558249,2.47659447396597,8.455934023008076,-0.21789562370390278,67.03461589337014,-0.04593960525765017,-100.0,0.14951036861664863,1.9341214361746868,0.3196625855594684,36.98221248542967,-0.03635708494780777,1.3182364409260887,-0.00037072,8.394260310159078,0.00017264,0,1.0
514,-0.021674436752474602,4.783551777284587,-0.00033195,0.7631940241558249,2.47659447396597,-29.505100230483254,-0.21789562370390278,-12.884015207726735,-0.04593960525765017,-63.6647647924775,0.14951036861664863,84.28880812682665,0.3196625855594684,43.18553857377418,-0.03635708494780777,-2.2038003606561416,-0.00037072,0.2255427206778141,0.00017264,1,1.0
515,0.8675682971727624,0.5887536416134623,-0.00033195,0.7631940241558249,2.47659447396597,-33.25830404632544,-0.21789562370390278,10.268159615732625,-0.04593960525765017,-95.19926100907155,0.14951036861664863,67.07265661459596,0.3196625855594684,64.96972040321907,-0.03635708494780777,-0.27906695098364626,-0.00037072,0.2896125732096752,0.00017264,1,1.0
516,-0.3771569211842696,1.4267922019406685,-0.00033195,0.7631940241558249,2.47659447396597,47.822789159676084,-0.21789562370390278,29.448056378498297,-0.04593960525765017,-19.034311892930813,0.14951036861664863,19.999100280810133,0.3196625855594684,-44.35773769551303,-0.03635708494780777,2.633782207890636,-0.00037072,7.49995082272987,0.00017264,0,1.0
517,-0.003929580739192584,0.831737215686904,-0.00033195,0.7631940241558249,2.47659447396597,31.65350262944499,-0.21789562370390278,47.76427559130355,-0.04593960525765017,-87.35823219828255,0.14951036861664863,62.27743771828538,0.3196625855594684,-8.757808691343143,-0.03635708494780777,2.6969003173988444,-0.00037072,8.042848262479298,0.00017264,0,1.0
518,2.7845673054091638,7.319800896124378,-0.00033195,0.7631940241558249,2.47659447396597,-52.48394684368549,-0.21789562370390278,-6.367184607401297,-0.04593960525765017,-48.60772637871359,0.14951036861664863,9.669073045628672,0.3196625855594684,89.16957758058867,-0.03635708494780777,-1.974945708475685,-0.00037072,0.22614108662087484,0.00017264,1,1.0
519,0.3699552757378761,0.23209549294319082,-0.00033195,0.7631940241558249,2.47659447396597,63.13530682460969,-0.21789562370390278,66.6583953744096,-0.04593960525765017,-30.202168838812035,0.14951036861664863,-79.16646498192398,0.3196625855594684,-36.5330786562811,-0.03635708494780777,0.25804408266504986,-0.00037072,13.137709331575765,0.00017264,0,1.0
520,-1.0923540507392575,2.552667350513792,-0.00033195,0.7631940241558249,2.47659447396597,72.3538893576751,-0.21789562370390278,47.213614548578605,-0.04593960525765017,-51.478678187644554,0.14951036861664863,34.75496473886896,0.3196625855594684,-61.055327262808866,-0.03635708494780777,2.709734694701237,-0.00037072,12.301562572745325,0.00017264,0,1.0
521,1.9929862157310323,5.831182563787046,-0.00033195,0.7631940241558249,2.47659447396597,40.61715028700841,-0.21789562370390278,88.12230746509456,-0.04593960525765017,-89.17462786889156,0.14951036861664863,-14.393341265860712,0.3196625855594684,2.656794096855088,-0.03635708494780777,3.064341659997446,-0.00037072,12.604696769866923,0.00017264,0,1.0
522,2.4430079962544053,3.8180905927525495,-0.00033195,0.7631940241558249,2.47659447396597,56.84401441866999,-0.21789562370390278,91.74806770245273,-0.04593960525765017,-76.37814301345284,0.14951036861664863,-96.9890190580596,0.3196625855594684,4.522577690732634,-0.03635708494780777,1.0918186199960456,-0.00037072,17.56782060621122,0.00017264,0,1.0
523,-0.00016609524394839426,0.030300266121276977,-0.00033195,0.7631940241558249,2.47659447396597,21.030859687952955,-0.21789562370390278,23.86357441917667,-0.04593960525765017,-25.083091290399317,0.14951036861664863,-6.433408197939051,0.3196625855594684,-10.042559848469946,-0.03635708494780777,0.39938517588709566,-0.00037072,4.703786285642825,0.00017264,0,1.0
524,1.8191605233682813,12.788606236898719,-0.00033195,0.7631940241558249,2.47659447396597,28.8707175699578,-0.21789562370390278,81.38321091829395,-0.04593960525765017,-78.75378395575041,0.14951036861664863,33.31120429844405,0.3196625855594684,-3.8875997464462553,-0.03635708494780777,3.244416098142453,-0.00037072,9.671295195971426,0.00017264,0,1.0
525,-0.06553628410172241,0.9257612261193927,-0.00033195,0.7631940241558249,2.47659447396597,93.07237505710522,-0.21789562370390278,67.92430955160528,-0.04593960525765017,-2.5298725500741863,0.14951036861664863,-81.9748695897409,0.3196625855594684,-77.24904165033563,-0.03635708494780777,1.769075296051831,-0.00037072,15.88533909657139,0.00017264,0,1.0
526,0.9729084108712125,13.966890336630245,-0.00033195,0.7631940241558249,2.47659447396597,-49.00136376938946,-0.21789562370390278,-39.314809155170146,-0.04593960525765017,-7.116833782705649,0.14951036861664863,47.753463163691364,0.3196625855594684,53.749392242039,-0.03635708494780777,-6.368781691192684,-0.00037072,0.24450740864492415,0.00017264,1,1.0
527,-0.015389072733310805,0.6449092290675079,-0.00033195,0.7631940241558249,2.47659447396597,44.851595561076174,-0.21789562370390278,28.68855382813291,-0.04593960525765017,-2.0523952163385704,0.14951036861664863,-15.343823262838638,0.3196625855594684,-40.32922941924341,-0.03635708494780777,1.8813433091101937,-0.00037072,7.216807434871973,0.00017264,0,1.0
528,-0.03949008045553626,6.223075238667267,-0.00033195,0.7631940241558249,2.47659447396597,60.82332858554759,-0.21789562370390278,45.187098720805004,-0.04593960525765017,-85.16660137714454,0.14951036861664863,11.565219698895861,0.3196625855594684,-19.032624521515565,-0.03635708494780777,0.7905007120121574,-0.00037072,15.837755452848835,0.00017264,0,1.0
529,1.6053428166241241,9.820247882800274,-0.00033195,0.7631940241558249,2.47659447396597,-46.424183114751536,-0.21789562370390278,-17.93846077940181,-0.04593960525765017,-57.30393114996139,0.14951036861664863,26.63417901663151,0.3196625855594684,80.7452642990933,-0.03635708494780777,-2.637096198526085,-0.00037072,0.2071503129306489,0.00017264,1,1.0
530,-1.235723291642609,3.2600592911513635,-0.00033195,0.7631940241558249,2.47659447396597,71.5884853503093,-0.21789562370390278,27.622462333910356,-0.04593960525765017,-8.400044524024908,0.14951036861664863,44.40160690237477,0.3196625855594684,-79.48368268407263,-0.03635708494780777,3.7650219662291464,-0.00037072,9.417530737443847,0.00017264,0,1.0
531,1.2285525142923963,0.787253681639071,-0.00033195,0.7631940241558249,2.47659447396597,37.89757431913039,-0.21789562370390278,48.66640349989895,-0.04593960525765017,-9.010507726639476,0.14951036861664863,-86.16702607005479,0.3196625855594684,-13.508046539923567,-0.03635708494780777,0.2580504086103872,-0.00037072,9.168878053646694,0.00017264,0,1.0
532,0.9208201476337461,2.0739422050265093,-0.00033195,0.7631940241558249,2.47659447396597,39.49355972103451,-0.21789562370390278,81.017076295156,-0.04593960525765017,-95.64022355720716,0.14951036861664863,-5.252415829716492,0.3196625855594684,-1.0164064636103651,-0.03635708494780777,1.554698913708867,-0.00037072,11.670739479696627,0.00017264,0,1.0
533,-0.03447123849086564,0.6590234370798097,-0.00033195,0.7631940241558249,2.47659447396597,41.491748969858,-0.21789562370390278,58.29180127677452,-0.04593960525765017,-99.9816930139681,0.14951036861664863,50.80387937964837,0.3196625855594684,-11.052195961689897,-0.03635708494780777,2.3851212849584904,-0.00037072,10.604825041752262,0.00017264,0,1.0
534,-0.9228443032821847,2.6966259784580897,-0.00033195,0.7631940241558249,2.47659447396597,70.11472312653423,-0.21789562370390278,42.091031361309305,-0.04593960525765017,-37.076963563484696,0.14951036861664863,43.33658568700092,0.3196625855594684,-65.74526153172145,-0.03635708494780777,3.661175087916046,-0.00037072,10.894642331463988,0.00017264,0,1.0
535,0.004982109939369206,0.03854287854794777,-0.00033195,0.7631940241558249,2.47659447396597,58.36334155211579,-0.21789562370390278,71.51966815780126,-0.04593960525765017,-71.88938481881068,0.14951036861664863,-37.00263184364496,0.3196625855594684,-24.50865314538783,-0.03635708494780777,0.2568810364156455,-0.00037072,13.553817884779036,0.00017264,0,1.0
536,0.9975590914196366,4.748495483318014,-0.00033195,0.7631940241558249,2.47659447396597,49.86414889948437,-0.21789562370390278,77.60373852123227,-0.04593960525765017,-99.7792280327271,0.14951036861664863,45.5519043750052,0.3196625855594684,-15.556470757065767,-0.03635708494780777,4.465844450990009,-0.00037072,12.436143900010318,0.00017264,0,1.0
537,1.3761435329398517,0.7244110441301718,-0.00033195,0.7631940241558249,2.47659447396597,3.747833115992319,-0.21789562370390278,25.80609746732871,-0.04593960525765017,-18.0015745895681,0.14951036861664863,-38.883049018094795,0.3196625855594684,16.653696494853694,-0.03635708494780777,0.28090509181148304,-0.00037072,3.669945310015628,0.00017264,0,1.0
538,1.1620251555538963,0.6716563894556717,-0.00033195,0.7631940241558249,2.47659447396597,-25.272149208344555,-0.21789562370390278,10.005781388219154,-0.04593960525765017,-56.2847202530453,0.14951036861664863,18.408624693642185,0.3196625855594684,51.06054962724761,-0.03635708494780777,-0.388499684949432,-0.00037072,0.4033945239589496,0.00017264,1,1.0
539,2.4064121330320125,9.356231604375512,-0.00033195,0.7631940241558249,2.47659447396597,21.98755062879077,-0.21789562370390278,40.093355088395796,-0.04593960525765017,-68.80255489663139,0.14951036861664863,-46.0573330748559,0.3196625855594684,35.83029337657667,-0.03635708494780777,0.2722081396895035,-0.00037072,12.571126047050154,0.00017264,0,1.0
540,0.8257678742311435,29.87070801669175,-0.00033195,0.7631940241558249,2.47659447396597,60.46833019265666,-0.21789562370390278,13.683809936747709,-0.04593960525765017,-87.77377988923854,0.14951036861664863,77.47503754564265,0.3196625855594684,-11.457489653149079,-0.03635708494780777,2.19051615862781,-0.00037072,18.991282932913528,0.00017264,0,1.0
541,1.21940993637237,4.579785769511487,-0.00033195,0.7631940241558249,2.47659447396597,45.728788083370816,-0.21789562370390278,82.99671000559847,-0.04593960525765017,-73.71596417078297,0.14951036861664863,-15.184432756338316,0.3196625855594684,-13.817018631080993,-0.03635708494780777,2.495055212267146,-0.00037072,11.66670006020168,0.00017264,0,1.0
542,-0.0523333151935404,0.8591979375598687,-0.00033195,0.7631940241558249,2.47659447396597,21.412703406799682,-0.21789562370390278,6.261278356301608,-0.04593960525765017,-9.586927066380726,0.14951036861664863,14.647550275388873,0.3196625855594684,-16.630232446570126,-0.03635708494780777,0.9969346001022996,-0.00037072,4.256178376611591,0.00017264,0,1.0
543,2.7973538250472174,2.536775753640222,-0.00033195,0.7631940241558249,2.47659447396597,-11.063532535479649,-0.21789562370390278,36.09781020837175,-0.04593960525765017,-38.30701215128096,0.14951036861664863,-57.30567359418241,0.3196625855594684,50.452513538582224,-0.03635708494780777,0.2699647290794629,-0.00037072,4.473047571170287,0.00017264,0,1.0
544,0.25717544412868854,6.199943420310364,-0.00033195,0.7631940241558249,2.47659447396597,9.205415865394388,-0.21789562370390278,-17.45816948667259,-0.04593960525765017,-27.12457801014436,0.14951036861664863,79.04941872329923,0.3196625855594684,0.20806702650282968,-0.03635708494780777,0.3152593312658585,-0.00037072,5.673767347908074,0.00017264,0,1.0
545,1.106788533162666,0.45803791707360414,-0.00033195,0.7631940241558249,2.47659447396597,-16.21562873093686,-0.21789562370390278,15.332848395233354,-0.04593960525765017,-55.49585127926679,0.14951036861664863,21.604341469229443,0.3196625855594684,40.5961936032733,-0.03635708494780777,0.30217384687540594,-0.00037072,1.4574946551109442,0.00017264,0,1.0
546,2.4110793023472317,14.789909609171962,-0.00033195,0.7631940241558249,2.47659447396597,51.12516404309661,-0.21789562370390278,50.683821505528044,-0.04593960525765017,-49.64963166486776,0.14951036861664863,32.592411031412254,0.3196625855594684,-18.07243768867846,-0.03635708494780777,6.574316102868913,-0.00037072,12.791260938928655,0.00017264,0,1.0
547,3.1753765591766934,35.47381098130978,-0.00033195,0.7631940241558249,2.47659447396597,54.31990425244125,-0.21789562370390278,24.987590433737875,-0.04593960525765017,-39.2939035682629,0.14951036861664863,77.29025751029074,0.3196625855594684,-18.83228012573284,-0.03635708494780777,7.378097687456063,-0.00037072,15.910444075149286,0.00017264,0,1.0
548,0.5112685190990053,0.15675843319029092,-0.00033195,0.7631940241558249,2.47659447396597,14.78453937861647,-0.21789562370390278,24.86064073767835,-0.04593960525765017,-20.547377384879532,0.14951036861664863,-22.168897117664525,0.3196625855594684,-0.5997485840747553,-0.03635708494780777,0.26934931844437626,-0.00037072,4.287358281341081,0.00017264,0,1.0
549,0.8478953908522402,1.6461958187777044,-0.00033195,0.7631940241558249,2.47659447396597,-13.805416518714752,-0.21789562370390278,-5.782525076997399,-0.04593960525765017,-9.939616675952946,0.14951036861664863,9.258748501563762,0.3196625855594684,23.0837456766309,-0.03635708494780777,-0.6839723671015756,-0.00037072,0.6492646498669685,0.00017264,1,1.0
550,2.8933499071003252,2.561287827645817,-0.00033195,0.7631940241558249,2.47659447396597,-11.848826480651926,-0.21789562370390278,49.10727717304729,-0.04593960525765017,-74.48658949212678,0.14951036861664863,-40.29675507747472,0.3196625855594684,62.59314554501011,-0.03635708494780777,0.2619929002204895,-0.00037072,6.1169269035780545,0.00017264,0,1.0
551,-0.05363961903326975,0.8568291570598806,-0.00033195,0.7631940241558249,2.47659447396597,22.30161661394413,-0.21789562370390278,20.78077700253593,-0.04593960525765017,-41.9860960699427,0.14951036861664863,54.541781420525666,0.3196625855594684,-14.39591372584215,-0.03635708494780777,2.650047299047215,-0.00037072,4.447725164324989,0.00017264,0,1.0
552,1.2669919716778224,1.3252749354536446,-0.00033195,0.7631940241558249,2.47659447396597,1.596032406196066,-0.21789562370390278,37.96214336251367,-0.04593960525765017,-43.50349646030665,0.14951036861664863,-13.355695279843586,0.3196625855594684,20.583134838868926,-0.03635708494780777,0.2929742351165445,-0.00037072,4.045151006560202,0.00017264,0,1.0
553,-0.42267739953843986,1.6118152802426227,-0.00033195,0.7631940241558249,2.47659447396597,87.37869299084758,-0.21789562370390278,75.30861473441458,-0.04593960525765017,-59.17196094684279,0.14951036861664863,-12.238248565712102,0.3196625855594684,-63.43565029583478,-0.03635708494780777,2.6635474671723314,-0.00037072,16.264861361741087,0.00017264,0,1.0
554,0.7874863242778072,0.7511849432190977,-0.00033195,0.7631940241558249,2.47659447396597,20.513061805353942,-0.21789562370390278,57.79408772324438,-0.04593960525765017,-74.5468191451457,0.14951036861664863,-10.142467886286296,0.3196625855594684,10.890557238954251,-0.03635708494780777,0.38298213698670036,-0.00037072,7.860327911738268,0.00017264,0,1.0
555,-0.031430395779999065,0.6653552601921221,-0.00033195,0.7631940241558249,2.47659447396597,37.49117826654816,-0.21789562370390278,33.085534647087435,-0.04593960525765017,-34.36516858033216,0.14951036861664863,17.145614639980884,0.3196625855594684,-26.31846154650458,-0.03635708494780777,2.149213208518514,-0.00037072,7.122978511498101,0.00017264,0,1.0
556,-0.886967392543343,19.131043886600537,-0.00033195,0.7631940241558249,2.47659447396597,-34.82350656084548,-0.21789562370390278,-5.7461570843199645,-0.04593960525765017,-40.672185159292326,0.14951036861664863,79.03772823172109,0.3196625855594684,25.146638148597038,-0.03635708494780777,-7.288039436966384,-0.00037072,0.2385830684388197,0.00017264,1,1.0
557,2.1729807300226502,1.4229924151088946,-0.00033195,0.7631940241558249,2.47659447396597,-23.037950664533138,-0.21789562370390278,34.32462390212875,-0.04593960525765017,-88.78980013876523,0.14951036861664863,10.66535944085144,0.3196625855594684,67.43720298422049,-0.03635708494780777,0.27027477637126074,-0.00037072,3.587418451182566,0.00017264,0,1.0
558,2.4591860870956195,4.09838168130579,-0.00033195,0.7631940241558249,2.47659447396597,6.6299498385964535,-0.21789562370390278,33.98907402225911,-0.04593960525765017,-40.65675206705423,0.14951036861664863,-58.851107907704076,0.3196625855594684,37.27543177908711,-0.03635708494780777,0.2588257938152143,-0.00037072,7.825390832912516,0.00017264,0,1.0
559,-0.7974954748412113,5.3861067905538285,-0.00033195,0.7631940241558249,2.47659447396597,63.93053350455421,-0.21789562370390278,39.33998216952736,-0.04593960525765017,-27.862861461455225,0.14951036861664863,82.03355794378605,0.3196625855594684,-72.813364755027,-0.03635708494780777,5.854684556069461,-0.00037072,7.821213468404107,0.00017264,0,1.0
560,-1.2749409030268142,3.192839434072231,-0.00033195,0.7631940241558249,2.47659447396597,74.56112639407931,-0.21789562370390278,37.32194536714577,-0.04593960525765017,-26.177529622344764,0.14951036861664863,47.18888449626393,0.3196625855594684,-76.84200036315866,-0.03635708494780777,3.750107246785641,-0.00037072,10.570186372506198,0.00017264,0,1.0
561,0.6448519159092768,12.35822068854719,-0.00033195,0.7631940241558249,2.47659447396597,-39.67780672111477,-0.21789562370390278,27.695285818771662,-0.04593960525765017,-80.39931787546301,0.14951036861664863,-31.67417590319852,0.3196625855594684,74.295831776994,-0.03635708494780777,-5.192685891291168,-0.00037072,0.2806004747980446,0.00017264,1,1.0
562,-2.0749164007165524,37.0871383655747,-0.00033195,0.7631940241558249,2.47659447396597,-19.87083852341707,-0.21789562370390278,25.063188003326314,-0.04593960525765017,-74.35525269831355,0.14951036861664863,-45.88015168363236,0.3196625855594684,37.898658054451,-0.03635708494780777,-8.399258539940782,-0.00037072,0.2693013557776105,0.00017264,1,1.0
563,-0.5378946343598062,1.7604481313839981,-0.00033195,0.7631940241558249,2.47659447396597,30.627951008775565,-0.21789562370390278,19.39214533438748,-0.04593960525765017,-45.74647535625615,0.14951036861664863,77.22203391888904,0.3196625855594684,-26.94364186322171,-0.03635708494780777,3.159573372712576,-0.00037072,5.115669746282315,0.00017264,0,1.0
564,2.8719963216364075,2.435608361993313,-0.00033195,0.7631940241558249,2.47659447396597,-30.131409574136658,-0.21789562370390278,41.922573033613574,-0.04593960525765017,-99.2183103129886,0.14951036861664863,3.6499275979217782,0.3196625855594684,82.63380509898475,-0.03635708494780777,0.2682354289816966,-0.00037072,3.978455053515684,0.00017264,0,1.0
565,0.02569402107844132,0.038273472210789694,-0.00033195,0.7631940241558249,2.47659447396597,29.950105216562374,-0.21789562370390278,29.10378169337989,-0.04593960525765017,-13.964150595347943,0.14951036861664863,-29.14910553684107,0.3196625855594684,-19.612896855870545,-0.03635708494780777,0.2617008485369645,-0.00037072,5.886223785571147,0.00017264,0,1.0
566,0.924090834378969,1.368727536545075,-0.00033195,0.7631940241558249,2.47659447396597,-2.4145903131556152,-0.21789562370390278,12.038419987202053,-0.04593960525765017,-13.288976588717798,0.14951036861664863,15.826153824831094,0.3196625855594684,8.27800814579805,-0.03635708494780777,0.28393651736487946,-0.00037072,2.1014279406973313,0.00017264,0,1.0
567,-0.04653251250735124,3.4559076431854736,-0.00033195,0.7631940241558249,2.47659447396597,96.80574345589717,-0.21789562370390278,80.62147976441803,-0.04593960525765017,-17.30479007263535,0.14951036861664863,-43.51691879483456,0.3196625855594684,-85.6020737017856,-0.03635708494780777,3.778184629396926,-0.00037072,15.60191147568056,0.00017264,0,1.0
568,0.49898647550009345,0.10764172859386673,-0.00033195,0.7631940241558249,2.47659447396597,24.236382484282508,-0.21789562370390278,56.86419344366513,-0.04593960525765017,-91.6359376606387,0.14951036861664863,2.6811879431775196,0.3196625855594684,12.75570925320531,-0.03635708494780777,0.2624036257070701,-0.00037072,9.131461113301516,0.00017264,0,1.0
569,2.8070861124165623,6.209095365988153,-0.00033195,0.7631940241558249,2.47659447396597,-49.51251593745098,-0.21789562370390278,21.433707562815847,-0.04593960525765017,-53.28396285772714,0.14951036861664863,-67.47719083077025,0.3196625855594684,95.30789087870397,-0.03635708494780777,-3.171859741479687,-0.00037072,0.224096686873412,0.00017264,1,1.0
570,-0.7577778897267384,2.326611312180544,-0.00033195,0.7631940241558249,2.47659447396597,56.144898265765306,-0.21789562370390278,33.496955571425794,-0.04593960525765017,-36.288222812712284,0.14951036861664863,51.52714757363358,0.3196625855594684,-52.82483890494491,-0.03635708494780777,3.4736594919189936,-0.00037072,8.712498531295049,0.00017264,0,1.0
571,-0.024257942194967796,0.7491086827469923,-0.00033195,0.7631940241558249,2.47659447396597,73.12187611066717,-0.21789562370390278,81.83375948362377,-0.04593960525765017,-94.4133082504399,0.14951036861664863,0.42651852153864417,0.3196625855594684,-35.74597318348557,-0.03635708494780777,2.18035753923406,-0.00037072,16.23224885570564,0.00017264,0,1.0
572,0.5413641216979879,0.19990037063477906,-0.00033195,0.7631940241558249,2.47659447396597,2.3769612553546646,-0.21789562370390278,36.54713954566955,-0.04593960525765017,-95.02966912769944,0.14951036861664863,35.85078439969265,0.3196625855594684,32.069644093144866,-0.03635708494780777,0.28592131903425466,-0.00037072,5.6020504218640195,0.00017264,0,1.0
573,1.7364212619240562,1.1099060694832859,-0.00033195,0.7631940241558249,2.47659447396597,-8.759808719869962,-0.21789562370390278,13.730353653095206,-0.04593960525765017,-4.562754152982604,0.14951036861664863,-39.76476562963067,0.3196625855594684,26.642925194163478,-0.03635708494780777,0.30844867993185676,-0.00037072,1.5097971871369382,0.00017264,0,1.0
574,-1.8783774331714844,4.312600945158966,-0.00033195,0.7631940241558249,2.47659447396597,87.05561424952879,-0.21789562370390278,50.909086260781635,-0.04593960525765017,-78.63871081172645,0.14951036861664863,96.63063982209242,0.3196625855594684,-78.73481160463189,-0.03635708494780777,4.322320466056292,-0.00037072,14.062110901020096,0.00017264,0,1.0
575,-0.0018299483423818153,0.6074102574947832,-0.00033195,0.7631940241558249,2.47659447396597,69.75793241493419,-0.21789562370390278,77.6159193869463,-0.04593960525765017,-85.53422490265658,0.14951036861664863,-5.520556725004677,0.3196625855594684,-34.91902550258575,-0.03635708494780777,1.9702415827918882,-0.00037072,15.358023327651612,0.00017264,0,1.0
576,0.6639027252788903,4.025945280164189,-0.00033195,0.7631940241558249,2.47659447396597,-32.94293822495991,-0.21789562370390278,-9.029641788989366,-0.04593960525765017,-66.04310079822265,0.14951036861664863,63.99848109756001,0.3196625855594684,55.70256313090693,-0.03635708494780777,-1.4755273181782038,-0.00037072,0.2416695905445998,0.00017264,1,1.0
577,3.944235013943292,4.960001490749641,-0.00033195,0.7631940241558249,2.47659447396597,-24.510247449354306,-0.21789562370390278,36.586280023437695,-0.04593960525765017,-33.09398595802469,0.14951036861664863,-81.09040637905376,0.3196625855594684,72.13476168031676,-0.03635708494780777,0.26387914901527343,-0.00037072,3.864045026670074,0.00017264,0,1.0
578,3.2635055173736562,3.268908122561036,-0.00033195,0.7631940241558249,2.47659447396597,-19.382932956933768,-0.21789562370390278,43.848790473550395,-0.04593960525765017,-64.50689205914303,0.14951036861664863,-47.536100488966206,0.3196625855594684,69.50511511234373,-0.03635708494780777,0.26319243189258446,-0.00037072,4.978576111541933,0.00017264,0,1.0
579,-0.4496898596516059,8.662317377962207,-0.00033195,0.7631940241558249,2.47659447396597,-22.46249041968187,-0.21789562370390278,14.898491429137277,-0.04593960525765017,-88.946262642655,0.14951036861664863,38.778170418520176,0.3196625855594684,46.918683445930704,-0.03635708494780777,-2.5933301391887364,-0.00037072,0.6211674624734737,0.00017264,1,1.0
580,-0.1358229545492292,7.5292848834179456,-0.00033195,0.7631940241558249,2.47659447396597,-30.004851751249053,-0.21789562370390278,-14.343835584228339,-0.04593960525765017,-42.3922630861215,0.14951036861664863,74.78580234505067,0.3196625855594684,33.52617107298183,-0.03635708494780777,-3.7954158658611274,-0.00037072,0.248331874686603,0.00017264,1,1.0
581,-0.006576739158464129,0.763581154445909,-0.00033195,0.7631940241558249,2.47659447396597,15.415277089077039,-0.21789562370390278,36.37398382555168,-0.04593960525765017,-69.50556554036174,0.14951036861664863,53.334188255854606,0.3196625855594684,-0.04907819836906906,-0.03635708494780777,1.6244587905328969,-0.00037072,4.773134877204041,0.00017264,0,1.0
582,1.6045761240911534,1.259775138354383,-0.00033195,0.7631940241558249,2.47659447396597,4.410434756216504,-0.21789562370390278,32.542932397430995,-0.04593960525765017,-14.88441900205122,0.14951036861664863,-48.92197856507601,0.3196625855594684,15.763613311176714,-0.03635708494780777,0.28626529774962384,-0.00037072,3.8797168447791797,0.00017264,0,1.0
583,0.8983387399818229,12.662076149072147,-0.00033195,0.7631940241558249,2.47659447396597,-56.72896292109968,-0.21789562370390278,0.09430544425779236,-0.04593960525765017,-72.02723991242547,0.14951036861664863,68.95608115497839,0.3196625855594684,73.32584980538161,-0.03635708494780777,-6.3057209894201005,-0.00037072,0.241048060794403,0.00017264,1,1.0
584,0.039434585547675094,0.023300167172489287,-0.00033195,0.7631940241558249,2.47659447396597,14.566287903159832,-0.21789562370390278,14.161730734054457,-0.04593960525765017,-8.219200806472397,0.14951036861664863,-10.890402382769643,0.3196625855594684,-9.258665808426267,-0.03635708494780777,0.27403203853512714,-0.00037072,2.9078347581972763,0.00017264,0,1.0
585,-2.1980698219691117,5.885892335313882,-0.00033195,0.7631940241558249,2.47659447396597,74.25638930789793,-0.21789562370390278,33.23007931803578,-0.04593960525765017,-80.06444055179946,0.14951036861664863,98.16902251109522,0.3196625855594684,-64.18419294481,-0.03635708494780777,2.500371048483003,-0.00037072,12.828558185245303,0.00017264,0,1.0
586,-0.17669200494440362,1.1335431455675562,-0.00033195,0.7631940241558249,2.47659447396597,53.27547255930196,-0.21789562370390278,45.46113308117401,-0.04593960525765017,-45.80285062186683,0.14951036861664863,17.253911093205524,0.3196625855594684,-37.942468491911505,-0.03635708494780777,2.5719611151650077,-0.00037072,10.050276654559774,0.00017264,0,1.0
587,-1.0546282964319023,2.5883927457664657,-0.00033195,0.7631940241558249,2.47659447396597,56.510666694713755,-0.21789562370390278,46.055564274911504,-0.04593960525765017,-89.34736957027275,0.14951036861664863,90.08217109476243,0.3196625855594684,-40.10237085930056,-0.03635708494780777,3.461700100738423,-0.00037072,10.732001295557154,0.00017264,0,1.0
588,0.5310725959589991,1.1007895765922804,-0.00033195,0.7631940241558249,2.47659447396597,-17.39517571733774,-0.21789562370390278,-3.35871431640107,-0.04593960525765017,-37.60061953617414,0.14951036861664863,35.302773258819954,0.3196625855594684,31.51390711566531,-0.03635708494780777,-0.5029719876390661,-0.00037072,0.44569476219386633,0.00017264,1,1.0
589,-1.6513578297115636,10.153760923624835,-0.00033195,0.7631940241558249,2.47659447396597,59.22095485479676,-0.21789562370390278,5.72358906207825,-0.04593960525765017,-55.383098335769475,0.14951036861664863,84.47898925319986,0.3196625855594684,-47.616754365169975,-0.03635708494780777,1.0296540409159958,-0.00037072,11.929790141351525,0.00017264,0,1.0
590,-0.8070374074548861,2.5800625948872744,-0.00033195,0.7631940241558249,2.47659447396597,93.67710468506104,-0.21789562370390278,76.67160564901917,-0.04593960525765017,-74.63190431243261,0.14951036861664863,23.625079118050955,0.3196625855594684,-71.29199301188002,-0.03635708494780777,3.625203928389759,-0.00037072,16.95411971583338,0.00017264,0,1.0
591,-1.940759394180459,14.341329516195534,-0.00033195,0.7631940241558249,2.47659447396597,-6.649445173939117,-0.21789562370390278,-30.196439536075733,-0.04593960525765017,-32.808008706960024,0.14951036861664863,75.9285776067047,0.3196625855594684,2.4577213180940456,-0.03635708494780777,-3.1525473019938826,-0.00037072,0.2394107172419797,0.00017264,1,1.0
592,-0.09343373480293504,4.377394868515562,-0.00033195,0.7631940241558249,2.47659447396597,45.18781794109475,-0.21789562370390278,61.78964712663821,-0.04593960525765017,-74.64285033279654,0.14951036861664863,64.86842915537251,0.3196625855594684,-32.938469351255144,-0.03635708494780777,3.754834608357493,-0.00037072,8.735356074531722,0.00017264,0,1.0
593,0.8226102318612094,0.45299053156757296,-0.00033195,0.7631940241558249,2.47659447396597,38.45960863251616,-0.21789562370390278,43.818975648018956,-0.04593960525765017,-6.02770501567298,0.14951036861664863,-74.18763965328681,0.3196625855594684,-19.62723438271211,-0.03635708494780777,0.2639958439122987,-0.00037072,8.40063845562726,0.00017264,0,1.0
594,0.6668976057303231,0.28349890851128867,-0.00033195,0.7631940241558249,2.47659447396597,27.053317203868797,-0.21789562370390278,35.691311206578746,-0.04593960525765017,-17.105182434014328,0.14951036861664863,-46.38203861063652,0.3196625855594684,-9.283461689298232,-0.03635708494780777,0.27736157066821,-0.00037072,6.597818752683951,0.00017264,0,1.0
595,0.8004976213494526,0.31718692639232493,-0.00033195,0.7631940241558249,2.47659447396597,-26.09216198706911,-0.21789562370390278,16.839926422227933,-0.04593960525765017,-99.98207491705276,0.14951036861664863,74.79186834581533,0.3196625855594684,57.33228110627251,-0.03635708494780777,0.3114016997100506,-0.00037072,1.2717298160239225,0.00017264,0,1.0
596,1.0911562744261447,0.4033417442899929,-0.00033195,0.7631940241558249,2.47659447396597,19.410478221397355,-0.21789562370390278,62.86052257479859,-0.04593960525765017,-97.96560086408552,0.14951036861664863,-8.712058311614786,0.3196625855594684,24.786452123128754,-0.03635708494780777,0.2569917665808914,-0.00037072,9.552171518947908,0.00017264,0,1.0
597,0.8154740492046537,5.754362466606796,-0.00033195,0.7631940241558249,2.47659447396597,60.12848753799672,-0.21789562370390278,63.478584178674375,-0.04593960525765017,-23.365106392723565,0.14951036861664863,-7.674301892052009,0.3196625855594684,-49.06225765941,-0.03635708494780777,4.3355285312397775,-0.00037072,10.394075175578363,0.00017264,0,1.0
598,2.862980325964193,2.7458293346215203,-0.00033195,0.7631940241558249,2.47659447396597,-25.72107601816044,-0.21789562370390278,20.293020017304784,-0.04593960525765017,-32.019922061160266,0.14951036861664863,-40.148523384087056,0.3196625855594684,61.027472067792296,-0.03635708494780777,0.286182702025365,-0.00037072,1.7890382376075769,0.00017264,0,1.0
599,-0.2566108767549964,1.2435080730847559,-0.00033195,0.7631940241558249,2.47659447396597,19.814748593806964,-0.21789562370390278,11.407208462788697,-0.04593960525765017,-30.46121621084286,0.14951036861664863,65.69493471254793,0.3196625855594684,-19.22501201069604,-0.03635708494780777,2.6619459809073236,-0.00037072,3.2548874473234157,0.00017264,0,1.0
600,0.007331278089408153,8.876669062773753e-06,-0.00033195,4.121352885726401,32.50711697721612,37.81840818748623,-0.21789562370390278,88.71045095508104,-0.04593960525765017,-29.45850396205814,0.14951036861664863,97.50187236905482,0.3196625855594684,-34.3567435540634,-0.03635708494780777,-0.00027463934756577534,-0.00037072,0.00027461730396893954,0.00017264,1,1.0
601,0.004633929737506833,2.2160246173641186e-06,-0.00033195,4.121352885726401,32.50711697721612,-88.7964957685453,-0.21789562370390278,45.529901190854005,-0.04593960525765017,-23.92473617460035,0.14951036861664863,-29.83755186861457,0.3196625855594684,6.381396968323051,-0.03635708494780777,-0.00014097630013287706,-0.00037072,0.00014097594544548454,0.00017264,1,1.0
602,3.902148790503151e-05,2.985995935270841e-05,-0.00033195,4.121352885726401,32.50711697721612,-88.00297017085913,-0.21789562370390278,1.1591181349386754,-0.04593960525765017,-92.0874212777804,0.14951036861664863,-27.48474490319121,0.3196625855594684,39.46962267014153,-0.03635708494780777,-1.1776696160298923e-05,-0.00037072,7.140323738422948e-05,0.00017264,1,1.0
603,0.004469798550638348,4.847314668709014e-06,-0.00033195,4.121352885726401,32.50711697721612,-17.303343195925617,-0.21789562370390278,68.54725261862578,-0.04593960525765017,-93.11717474693886,0.14951036861664863,-52.316514523699034,0.3196625855594684,-10.696855680408436,-0.03635708494780777,-0.00020210018970253342,-0.00037072,0.00020218631021522347,0.00017264,1,1.0
604,0.0016989892230106177,3.254621678265999e-05,-0.00033195,4.121352885726401,32.50711697721612,-1.9110321348356998,-0.21789562370390278,4.931844334334274,-0.04593960525765017,-0.21898294356703168,0.14951036861664863,-35.001274693074464,0.3196625855594684,14.16964033233322,-0.03635708494780777,1.5273869061795697e-05,-0.00037072,4.978343193104591e-05,0.00017264,0,1.0
605,0.006354260560301665,4.222583246569492e-06,-0.00033195,4.121352885726401,32.50711697721612,-68.3134212949624,-0.21789562370390278,61.235372902776746,-0.04593960525765017,-5.03731477712643,0.14951036861664863,13.897519550929204,0.3196625855594684,-4.598281133107793,-0.03635708494780777,-0.00019331611774164634,-0.00037072,0.00019330790629387942,0.00017264,1,1.0
606,0.00482509076603236,3.9925181065221676e-06,-0.00033195,4.121352885726401,32.50711697721612,56.77075621551709,-0.21789562370390278,58.729770098448846,-0.04593960525765017,-4.996614296591374,0.14951036861664863,6.876814034357947,0.3196625855594684,-30.369119397825905,-0.03635708494780777,-0.00018292930317685084,-0.00037072,0.0001829885130256816,0.00017264,1,1.0
607,0.0017259534008253674,3.1259438504423285e-07,-0.00033195,4.121352885726401,32.50711697721612,-38.71339117628913,-0.21789562370390278,16.448301304564417,-0.04593960525765017,-12.162830138488777,0.14951036861664863,98.90606095257485,0.3196625855594684,3.5649430032995677,-0.03635708494780777,-5.135545937585235e-05,-0.00037072,5.1400617194046483e-05,0.00017264,1,1.0
608,4.071233101698124e-05,5.152058604601239e-05,-0.00033195,4.121352885726401,32.50711697721612,16.07231718924642,-0.21789562370390278,0.5917060387507632,-0.04593960525765017,-81.08938685653692,0.14951036861664863,66.94198983850963,0.3196625855594684,26.381005646573325,-0.03635708494780777,-9.479375129104993e-06,-0.00037072,0.00011236680680470466,0.00017264,1,1.0
609,0.006881648702953044,6.3826108964296535e-06,-0.00033195,4.121352885726401,32.50711697721612,10.373632211906225,-0.21789562370390278,74.57696707404288,-0.04593960525765017,-2.3794897846684093,0.14951036861664863,57.08941644398282,0.3196625855594684,-25.943848187573803,-0.03635708494780777,-0.00023446319199493435,-0.00037072,0.0002344905871138261,0.00017264,1,1.0
610,0.004004614381088953,3.3704677765477446e-06,-0.00033195,4.121352885726401,32.50711697721612,-69.33719975256668,-0.21789562370390278,58.00595889532525,-0.04593960525765017,-95.74031518136093,0.14951036861664863,35.388501333950785,0.3196625855594684,3.5513246327363444,-0.03635708494780777,-0.00017012596684562914,-0.00037072,0.00017010083725439674,0.00017264,1,1.0
611,1.0288063454790691e-05,7.471793845514807e-07,-0.00033195,4.121352885726401,32.50711697721612,90.31368600179458,-0.21789562370390278,26.99461756104126,-0.04593960525765017,-70.01631268925252,0.14951036861664863,3.9607157582137194,0.3196625855594684,-22.4037076010689,-0.03635708494780777,-7.554345723033041e-05,-0.00037072,7.55570818762092e-05,0.00017264,1,1.0
612,0.007572436635373218,0.00010889258347665996,-0.00033195,4.121352885726401,32.50711697721612,76.49459225456688,-0.21789562370390278,65.28233099045536,-0.04593960525765017,-77.46196743502323,0.14951036861664863,-81.42607318063676,0.3196625855594684,18.68390162041183,-0.03635708494780777,-4.524000371859289e-05,-0.00037072,0.00025705416360911806,0.00017264,1,1.0
613,0.0006171158728555347,3.378017653550042e-07,-0.00033195,4.121352885726401,32.50711697721612,-4.629354775164554,-0.21789562370390278,18.9744226350055,-0.04593960525765017,-53.9313966484684,0.14951036861664863,27.38050416211286,0.3196625855594684,-0.9932733612262904,-0.03635708494780777,-5.298834632826643e-05,-0.00037072,5.29955999794124e-05,0.00017264,1,1.0
614,0.0038214360582035783,4.591024539016363e-05,-0.00033195,4.121352885726401,32.50711697721612,-78.91565253559038,-0.21789562370390278,19.936304667957742,-0.04593960525765017,-24.739782741996034,0.14951036861664863,-79.20302766383223,0.3196625855594684,33.97891081581365,-0.03635708494780777,3.972695528359728e-06,-0.00037072,8.737308427574505e-05,0.00017264,0,1.0
615,0.003992185643983498,2.7425904811884474e-06,-0.00033195,4.121352885726401,32.50711697721612,-99.42599123378744,-0.21789562370390278,52.909498465975005,-0.04593960525765017,-88.23305556373536,0.14951036861664863,7.870032793903245,0.3196625855594684,11.106108352734896,-0.03635708494780777,-0.00015535891189423533,-0.00037072,0.0001553543413256435,0.00017264,1,1.0
616,0.0018462985238665514,9.254107566673092e-07,-0.00033195,4.121352885726401,32.50711697721612,-70.38414604615723,-0.21789562370390278,31.7744815700762,-0.04593960525765017,-80.34316282391892,0.14951036861664863,-61.91859177288629,0.3196625855594684,11.320630686317546,-0.03635708494780777,-8.961119601212195e-05,-0.00037072,8.963990922454391e-05,0.00017264,1,1.0
617,0.005803242005469579,4.13682972431467e-06,-0.00033195,4.121352885726401,32.50711697721612,-96.06527205828523,-0.21789562370390278,62.40958709747319,-0.04593960525765017,-46.566148742294125,0.14951036861664863,10.936804480303696,0.3196625855594684,4.156094023224585,-0.03635708494780777,-0.0001910431662931165,-0.00037072,0.00019107843764392703,0.00017264,1,1.0
618,0.0058503222219672,5.290467814197112e-06,-0.00033195,4.121352885726401,32.50711697721612,-92.77050246664227,-0.21789562370390278,71.66174764397364,-0.04593960525765017,-82.64989749719867,0.14951036861664863,72.08171596859268,0.3196625855594684,3.04842884398256,-0.03635708494780777,-0.00021529065238437832,-0.00037072,0.00021529521079784414,0.00017264,1,1.0
619,0.0007024273962127504,1.310178676227284e-06,-0.00033195,4.121352885726401,32.50711697721612,49.44187202516378,-0.21789562370390278,36.52572256818024,-0.04593960525765017,-99.59997916761863,0.14951036861664863,88.7381721176447,0.3196625855594684,-14.788450579788218,-0.03635708494780777,-0.00010231575183278116,-0.00037072,0.00010234702997784676,0.00017264,1,1.0
620,0.0024317867200651464,1.6395679969611337e-06,-0.00033195,4.121352885726401,32.50711697721612,-70.27880695735777,-0.21789562370390278,41.72409131849044,-0.04593960525765017,-97.83751932831319,0.14951036861664863,27.38993688837233,0.3196625855594684,9.122815999209385,-0.03635708494780777,-0.00011902606439575255,-0.00037072,0.00011901506187510871,0.00017264,1,1.0
621,0.000305631940681009,2.3172181465139417e-08,-0.00033195,4.121352885726401,32.50711697721612,-19.424173901438124,-0.21789562370390278,5.237258039090484,-0.04593960525765017,-14.5079079066705,0.14951036861664863,-98.56895393818402,0.3196625855594684,3.976286523183174,-0.03635708494780777,-1.422331553280502e-05,-0.00037072,1.4225194689757295e-05,0.00017264,1,1.0
622,0.004347517236601249,2.1882056745163052e-06,-0.00033195,4.121352885726401,32.50711697721612,-66.91749870048143,-0.21789562370390278,45.07193698727458,-0.04593960525765017,-23.848649599611043,0.14951036861664863,-64.14272258720003,0.3196625855594684,2.0087269295040127,-0.03635708494780777,-0.00013884548059740114,-0.00037072,0.0001388710541784071,0.00017264,1,1.0
623,1.5405796996622798e-05,0.00010150324776779575,-0.00033195,4.121352885726401,32.50711697721612,-77.43088298209436,-0.21789562370390278,-41.88786047305322,-0.04593960525765017,-25.973173675650244,0.14951036861664863,13.318880431737222,0.3196625855594684,77.449740323357,-0.03635708494780777,-9.983329615127325e-05,-0.00037072,0.00029582186747211913,0.00017264,1,1.0
624,0.003165116447239885,2.3342506349039228e-06,-0.00033195,4.121352885726401,32.50711697721612,72.96480908587492,-0.21789562370390278,45.347885997938526,-0.04593960525765017,-12.960426086810031,0.14951036861664863,-84.41621740039413,0.3196625855594684,-28.598357989160775,-0.03635708494780777,-0.000138790685467036,-0.00037072,0.00013879648433294374,0.00017264,1,1.0
625,0.0018810409228815516,1.8704217952551832e-05,-0.00033195,4.121352885726401,32.50711697721612,-94.75902391188313,-0.21789562370390278,15.38358574877868,-0.04593960525765017,-53.40134733493191,0.14951036861664863,-59.71820934161856,0.3196625855594684,28.287494271517318,-0.03635708494780777,-1.648531101158869e-05,-0.00037072,5.363565344971487e-05,0.00017264,1,1.0
626,0.007660019964915247,7.926885466966083e-06,-0.00033195,4.121352885726401,32.50711697721612,-44.132505456947904,-0.21789562370390278,84.82892785954829,-0.04593960525765017,-34.6943116804878,0.14951036861664863,38.3899271488091,0.3196625855594684,-15.047867404900838,-0.03635708494780777,-0.00026264217577109304,-0.00037072,0.00026264371311659264,0.00017264,1,1.0
627,0.00354508661979774,1.293355874577329e-05,-0.00033195,4.121352885726401,32.50711697721612,-22.9220059915215,-0.21789562370390278,54.01539279832995,-0.04593960525765017,-95.74487845474881,0.14951036861664863,46.990460280290954,0.3196625855594684,-0.34867786579416205,-0.03635708494780777,-0.0001419285545569874,-0.00037072,0.00016226936759544891,0.00017264,1,1.0
628,0.003209489482504757,2.2607960255981534e-06,-0.00033195,4.121352885726401,32.50711697721612,-30.728787871154477,-0.21789562370390278,46.9189514891624,-0.04593960525765017,-68.92805092620554,0.14951036861664863,94.82468522577891,0.3196625855594684,-3.4376054727198304,-0.03635708494780777,-0.00013883400872010293,-0.00037072,0.00013882055180191346,0.00017264,1,1.0
629,8.940690382525053e-06,6.641971154932765e-05,-0.00033195,4.121352885726401,32.50711697721612,-38.156090889792175,-0.21789562370390278,-11.226280104518796,-0.04593960525765017,-80.44432858709622,0.14951036861664863,-12.133450177458903,0.3196625855594684,48.65654866062489,-0.03635708494780777,-3.337090195589215e-05,-0.00037072,0.00016507373581432457,0.00017264,1,1.0
630,0.003650100341324469,2.971195681309884e-06,-0.00033195,4.121352885726401,32.50711697721612,66.50649163534116,-0.21789562370390278,51.125089062129526,-0.04593960525765017,-22.91725234348868,0.14951036861664863,93.34285757812657,0.3196625855594684,-28.98818387090305,-0.03635708494780777,-0.00015689251048723799,-0.00037072,0.00015693018767619176,0.00017264,1,1.0
631,0.002344509073163593,1.848347992892417e-06,-0.00033195,4.121352885726401,32.50711697721612,-25.260384483057788,-0.21789562370390278,43.64614678701864,-0.04593960525765017,-87.79271830076534,0.14951036861664863,-29.02394312784652,0.3196625855594684,-1.6133256595112992,-0.03635708494780777,-0.00012539216285168157,-0.00037072,0.00012539155231088678,0.00017264,1,1.0
632,0.0002057906427747338,3.2249222178995297e-07,-0.00033195,4.121352885726401,32.50711697721612,95.0623855594045,-0.21789562370390278,16.61472612072558,-0.04593960525765017,-16.18115667083519,0.14951036861664863,-8.91485292287747,0.3196625855594684,-24.21838001147152,-0.03635708494780777,-4.879766950637452e-05,-0.00037072,4.879890696389433e-05,0.00017264,1,1.0
633,0.002874125293254524,1.85899772648661e-06,-0.00033195,4.121352885726401,32.50711697721612,-25.971657998307947,-0.21789562370390278,42.89250928454842,-0.04593960525765017,-60.5479252989351,0.14951036861664863,-78.36970509338843,0.3196625855594684,-3.128574854876881,-0.03635708494780777,-0.00012609767908609428,-0.00037072,0.0001260961032761011,0.00017264,1,1.0
634,0.003974468243913184,3.169437547801694e-06,-0.00033195,4.121352885726401,32.50711697721612,78.60463754940515,-0.21789562370390278,52.185602333782256,-0.04593960525765017,-2.870004962934866,0.14951036861664863,-92.67215935170465,0.3196625855594684,-32.72293721880288,-0.03635708494780777,-0.00016159383734940213,-0.00037072,0.00016157250322440498,0.00017264,1,1.0
635,2.458860619892079e-06,3.0640423911571405e-05,-0.00033195,4.121352885726401,32.50711697721612,76.38257408365094,-0.21789562370390278,19.24712850063231,-0.04593960525765017,-96.88747116115879,0.14951036861664863,53.55910970394124,0.3196625855594684,-0.9020079666632188,-0.03635708494780777,-1.9705443490934794e-05,-0.00037072,8.059562488577811e-05,0.00017264,1,1.0
636,0.00170539480786273,1.6946199681431937e-06,-0.00033195,4.121352885726401,32.50711697721612,76.7079465458475,-0.21789562370390278,39.81234398158377,-0.04593960525765017,-53.08307196465055,0.14951036861664863,-60.20640834425285,0.3196625855594684,-24.631371766871887,-0.03635708494780777,-0.00011634973003327569,-0.00037072,0.00011637991609938296,0.00017264,1,1.0
637,0.007825584996125224,3.585276709365343e-05,-0.00033195,4.121352885726401,32.50711697721612,71.81165469460755,-0.21789562370390278,81.15381873836884,-0.04593960525765017,-6.827254108739623,0.14951036861664863,-11.848412164098182,0.3196625855594684,-27.01897339884926,-0.03635708494780777,-0.00020798284675002454,-0.00037072,0.0002657502442089056,0.00017264,1,1.0
638,0.001019122372985517,6.729182589549717e-07,-0.00033195,4.121352885726401,32.50711697721612,-59.94202386203093,-0.21789562370390278,27.93361046736652,-0.04593960525765017,-99.78838856699286,0.14951036861664863,87.3967262183605,0.3196625855594684,11.225835495166267,-0.03635708494780777,-7.652938597881125e-05,-0.00037072,7.654354595784686e-05,0.00017264,1,1.0
639,0.001337394542740168,8.106532566249029e-06,-0.00033195,4.121352885726401,32.50711697721612,67.47540653299002,-0.21789562370390278,32.89487214362249,-0.04593960525765017,-60.188362515833994,0.14951036861664863,81.07425664378802,0.3196625855594684,-17.201126185392916,-0.03635708494780777,-8.4710726394228e-05,-0.00037072,9.879625080218224e-05,0.00017264,1,1.0
640,0.0016210598444757283,1.029375535588101e-06,-0.00033195,4.121352885726401,32.50711697721612,-19.43578485330576,-0.21789562370390278,32.69986368925892,-0.04593960525765017,-73.3874078450172,0.14951036861664863,35.4649101354781,0.3196625855594684,-0.737367708363388,-0.03635708494780777,-9.340306472485976e-05,-0.00037072,9.341062850957928e-05,0.00017264,1,1.0
641,0.001005048921278365,2.7872569009213286e-05,-0.00033195,4.121352885726401,32.50711697721612,22.94837715767914,-0.21789562370390278,22.57600610358019,-0.04593960525765017,-84.26629082409937,0.14951036861664863,-16.584726349812616,0.3196625855594684,7.366559815510068,-0.03635708494780777,-2.6938526236442224e-05,-0.00037072,8.206737022675739e-05,0.00017264,1,1.0
642,0.003978703619970049,4.810420463493647e-06,-0.00033195,4.121352885726401,32.50711697721612,58.962249881608976,-0.21789562370390278,67.20438110642097,-0.04593960525765017,-75.66943773705798,0.14951036861664863,-5.630512560460005,0.3196625855594684,-28.04578765046592,-0.03635708494780777,-0.00019957490714659775,-0.00037072,0.0001995636478077702,0.00017264,1,1.0
643,0.0004086770189377126,4.906458854031789e-07,-0.00033195,4.121352885726401,32.50711697721612,-15.07235839353462,-0.21789562370390278,23.458665241880926,-0.04593960525765017,-85.9433765875029,0.14951036861664863,13.427074934549799,0.3196625855594684,2.3302254756247773,-0.03635708494780777,-6.37541711508394e-05,-0.00037072,6.377653305693577e-05,0.00017264,1,1.0
644,0.0035233003822805324,3.1490903981871097e-06,-0.00033195,4.121352885726401,32.50711697721612,-39.05433917781721,-0.21789562370390278,56.25860466161008,-0.04593960525765017,-95.55284284579773,0.14951036861664863,19.29869789898819,0.3196625855594684,-2.2782993338499855,-0.03635708494780777,-0.00016418465407527465,-0.00037072,0.0001641919371925377,0.00017264,1,1.0
645,1.602892696416752e-05,4.639164548231293e-06,-0.00033195,4.121352885726401,32.50711697721612,-23.8496672861228,-0.21789562370390278,0.1732618151375788,-0.04593960525765017,-18.548960227286198,0.14951036861664863,-0.7200241190074737,0.3196625855594684,8.614840542308599,-0.03635708494780777,-2.3880633834675087e-06,-0.00037072,1.166298007160564e-05,0.00017264,1,1.0
646,0.0047818801352913845,3.900286025886034e-06,-0.00033195,4.121352885726401,32.50711697721612,-79.24227363002456,-0.21789562370390278,61.949040963575506,-0.04593960525765017,-83.96328388286871,0.14951036861664863,97.05373801479047,0.3196625855594684,3.2586821163934263,-0.03635708494780777,-0.00018460112714960893,-0.00037072,0.00018459960127616408,0.00017264,1,1.0
647,3.69817627174987e-05,3.8236586144164957e-07,-0.00033195,4.121352885726401,32.50711697721612,25.096754095899865,-0.21789562370390278,20.335000400867923,-0.04593960525765017,-71.59371846553904,0.14951036861664863,30.799882442071763,0.3196625855594684,-6.402272877526806,-0.03635708494780777,-5.559221349063822e-05,-0.00037072,5.55916065153049e-05,0.00017264,1,1.0
648,0.0008560803202406324,5.669578435657784e-06,-0.00033195,4.121352885726401,32.50711697721612,-74.74543667472757,-0.21789562370390278,19.412380727344864,-0.04593960525765017,-84.7524946197097,0.14951036861664863,-24.11027644057844,0.3196625855594684,18.882899129483004,-0.03635708494780777,-4.416985329689966e-05,-0.00037072,5.49814008802841e-05,0.00017264,1,1.0
649,1.663737291759113e-05,5.016554384257714e-08,-0.00033195,4.121352885726401,32.50711697721612,11.744435781795607,-0.21789562370390278,7.191595933600053,-0.04593960525765017,-25.623280691775058,0.14951036861664863,80.99689083097572,0.3196625855594684,-3.128269158663846,-0.03635708494780777,-1.9908589846242433e-05,-0.00037072,1.9908056660026978e-05,0.00017264,1,1.0
650,0.0024641655441790616,8.219199335374871e-07,-0.00033195,4.121352885726401,32.50711697721612,-1.675244909853377,-0.21789562370390278,26.79809651779622,-0.04593960525765017,-0.907230200885665,0.14951036861664863,-90.62474002335753,0.3196625855594684,-7.7256001590111385,-0.03635708494780777,-8.345157626290531e-05,-0.00037072,8.347950731358015e-05,0.00017264,1,1.0
651,0.00028691442493159575,4.7796104051474e-05,-0.00033195,4.121352885726401,32.50711697721612,-20.287892833394107,-0.21789562370390278,5.830604319863772,-0.04593960525765017,-98.38163239257119,0.14951036861664863,-86.19546936319163,0.3196625855594684,32.68031186931602,-0.03635708494780777,-5.886591497912368e-06,-0.00037072,0.00010144720388875713,0.00017264,1,1.0
652,0.005200806037321427,4.015167132236333e-06,-0.00033195,4.121352885726401,32.50711697721612,-10.222589393256975,-0.21789562370390278,60.19400952348938,-0.04593960525765017,-25.538870214743152,0.14951036861664863,33.813723269312824,0.3196625855594684,-15.115167417862267,-0.03635708494780777,-0.000185885043231326,-0.00037072,0.00018590618458832518,0.00017264,1,1.0
653,0.005096300156692534,5.920193591683095e-06,-0.00033195,4.121352885726401,32.50711697721612,60.52483012011133,-0.21789562370390278,73.49098641537124,-0.04593960525765017,-52.15191492991622,0.14951036861664863,4.444484928375281,0.3196625855594684,-32.22091708478978,-0.03635708494780777,-0.00022244957835655037,-0.00037072,0.00022247499305648477,0.00017264,1,1.0
654,2.1346575071545066e-05,1.4302656866225639e-05,-0.00033195,4.121352885726401,32.50711697721612,83.81453217974594,-0.21789562370390278,15.07689135869505,-0.04593960525765017,-47.14846029513432,0.14951036861664863,11.160398546253095,0.3196625855594684,-12.439326057644372,-0.03635708494780777,-2.4133921559199422e-05,-0.00037072,5.2383007196613026e-05,0.00017264,1,1.0
655,0.004059980664066053,3.9380168124871505e-06,-0.00033195,4.121352885726401,32.50711697721612,-17.580124975421413,-0.21789562370390278,61.98107442653993,-0.04593960525765017,-86.37418161624596,0.14951036861664863,39.01538326942995,0.3196625855594684,-9.451129286547953,-0.03635708494780777,-0.0001831143550476616,-0.00037072,0.00018311952156878556,0.00017264,1,1.0
656,6.524767425450384e-07,3.642195142782116e-07,-0.00033195,4.121352885726401,32.50711697721612,-14.017530836774855,-0.21789562370390278,20.53675177652508,-0.04593960525765017,-89.6310156264662,0.14951036861664863,-53.85728596131371,0.3196625855594684,3.586372330572307,-0.03635708494780777,-5.4656388064730984e-05,-0.00037072,5.4685288288267874e-05,0.00017264,1,1.0
657,0.0016680819392133656,1.6641539464948122e-06,-0.00033195,4.121352885726401,32.50711697721612,50.03697621306953,-0.21789562370390278,39.99817922592489,-0.04593960525765017,-71.26872174539056,0.14951036861664863,87.17369581824292,0.3196625855594684,-18.195238992577035,-0.03635708494780777,-0.00011593567264378756,-0.00037072,0.00011597515795544945,0.00017264,1,1.0
658,0.002853284682279324,1.5542570955830937e-06,-0.00033195,4.121352885726401,32.50711697721612,-43.35249406897783,-0.21789562370390278,39.04204862539767,-0.04593960525765017,-57.39808774022728,0.14951036861664863,78.68341363854154,0.3196625855594684,0.9267690079527734,-0.03635708494780777,-0.00011576274831553272,-0.00037072,0.00011575371491740358,0.00017264,1,1.0
659,0.00023003424965752683,9.279330397344147e-09,-0.00033195,4.121352885726401,32.50711697721612,-37.79456868199466,-0.21789562370390278,-1.8125884016344789,-0.04593960525765017,-1.5772560532722568,0.14951036861664863,80.52089728342416,0.3196625855594684,8.418404004035791,-0.03635708494780777,-5.415783151212659e-06,-0.00037072,5.41378178179458e-06,0.00017264,1,1.0
660,0.0026367192345124898,1.5163720104669789e-05,-0.00033195,4.121352885726401,32.50711697721612,-81.5383975950578,-0.21789562370390278,19.692208043437788,-0.04593960525765017,-26.924884976245945,0.14951036861664863,-15.09020265132576,0.3196625855594684,20.149084492543352,-0.03635708494780777,-3.655162253208379e-05,-0.00037072,6.624802409735004e-05,0.00017264,1,1.0
661,0.006487853933542679,5.7567765187677365e-06,-0.00033195,4.121352885726401,32.50711697721612,-89.8229741460361,-0.21789562370390278,73.52835351923686,-0.04593960525765017,-57.753183680264094,0.14951036861664863,-63.17861393857745,0.3196625855594684,0.46899820130554515,-0.03635708494780777,-0.0002236082404583174,-0.00037072,0.000223723741733882,0.00017264,1,1.0
662,0.006759062952421409,8.408555874693592e-06,-0.00033195,4.121352885726401,32.50711697721612,91.43937744485723,-0.21789562370390278,85.79258182766281,-0.04593960525765017,-16.547942070827077,0.14951036861664863,29.09399355723197,0.3196625855594684,-45.55399198980734,-0.03635708494780777,-0.00026590225794332717,-0.00037072,0.00026590855061147154,0.00017264,1,1.0
663,0.006424957911970595,7.800320163617318e-06,-0.00033195,4.121352885726401,32.50711697721612,68.67824031048617,-0.21789562370390278,83.38437926449255,-0.04593960525765017,-28.660188713967276,0.14951036861664863,-86.74515661971762,0.3196625855594684,-38.55843221374696,-0.03635708494780777,-0.00025608597958179646,-0.00037072,0.0002560773960132875,0.00017264,1,1.0
664,0.004108297192201717,3.635246183049222e-06,-0.00033195,4.121352885726401,32.50711697721612,-2.8734086078798606,-0.21789562370390278,58.46503999530101,-0.04593960525765017,-64.3651975887927,0.14951036861664863,87.23734622872212,0.3196625855594684,-13.335920212990093,-0.03635708494780777,-0.00017512634054755414,-0.00037072,0.0001751914246635548,0.00017264,1,1.0
665,0.002711591938792796,2.283668017854728e-06,-0.00033195,4.121352885726401,32.50711697721612,44.34458835609698,-0.21789562370390278,43.59235026113913,-0.04593960525765017,-43.14647941326622,0.14951036861664863,82.69299642370589,0.3196625855594684,-20.17880440078271,-0.03635708494780777,-0.00013037962393859103,-0.00037072,0.00013084231755714116,0.00017264,1,1.0
666,0.0059445783519353895,6.939102255061173e-06,-0.00033195,4.121352885726401,32.50711697721612,83.52858369648985,-0.21789562370390278,78.09569152313759,-0.04593960525765017,-25.93604087411095,0.14951036861664863,100.0,0.3196625855594684,-40.97148555035886,-0.03635708494780777,-0.00024096269668590634,-0.00037072,0.00024101179385182424,0.00017264,1,1.0
667,0.007558953141377408,6.170819881444025e-06,-0.00033195,4.121352885726401,32.50711697721612,-67.40202566675106,-0.21789562370390278,73.34098536336501,-0.04593960525765017,-3.061786363167477,0.14951036861664863,62.37729983659178,0.3196625855594684,-8.941403742663349,-0.03635708494780777,-0.00023194511341609585,-0.00037072,0.00023211718922069765,0.00017264,1,1.0
668,0.0036343098938681788,1.9155134401586363e-06,-0.00033195,4.121352885726401,32.50711697721612,-98.09348184338275,-0.21789562370390278,43.67348312848127,-0.04593960525765017,-66.2921661480537,0.14951036861664863,49.704613270924135,0.3196625855594684,11.896738444705445,-0.03635708494780777,-0.0001296727676559638,-0.00037072,0.00012965149333878188,0.00017264,1,1.0
669,0.001161843240095559,2.1267103748505927e-06,-0.00033195,4.121352885726401,32.50711697721612,95.47272543826075,-0.21789562370390278,45.59797601770176,-0.04593960525765017,-95.73722939070345,0.14951036861664863,79.13445235865557,0.3196625855594684,-27.729637171979633,-0.03635708494780777,-0.0001302110092274668,-0.00037072,0.00013021443947761182,0.00017264,1,1.0
670,0.006579813428012902,1.4523639125855785e-05,-0.00033195,4.121352885726401,32.50711697721612,52.129427027062356,-0.21789562370390278,90.13741892227871,-0.04593960525765017,-69.14023460474534,0.14951036861664863,-0.5150768610321785,0.3196625855594684,-31.675492045770167,-0.03635708494780777,-0.00026343470232826694,-0.00037072,0.0002751225069859412,0.00017264,1,1.0
671,0.0028134142291475614,3.689680800888833e-06,-0.00033195,4.121352885726401,32.50711697721612,68.18736144489529,-0.21789562370390278,59.63734897479261,-0.04593960525765017,-91.57495012307112,0.14951036861664863,0.6621419282017302,0.3196625855594684,-26.396671079727554,-0.03635708494780777,-0.0001739039084937162,-0.00037072,0.00017391374130462273,0.00017264,1,1.0
672,0.004335218059904177,5.406578369692272e-06,-0.00033195,4.121352885726401,32.50711697721612,18.924611230694957,-0.21789562370390278,47.205049176698466,-0.04593960525765017,-0.4953597063038949,0.14951036861664863,-9.008008388550808,0.3196625855594684,-17.607593425037127,-0.03635708494780777,-0.00014344245067054464,-0.00037072,0.00014921477775449552,0.00017264,1,1.0
673,0.00047845620064020534,2.590745216023014e-07,-0.00033195,4.121352885726401,32.50711697721612,11.735522122547778,-0.21789562370390278,16.32380866026052,-0.04593960525765017,-41.438479463700624,0.14951036861664863,18.010296841916457,0.3196625855594684,-4.559047348295298,-0.03635708494780777,-4.596640679175096e-05,-0.00037072,4.5970390123273023e-05,0.00017264,1,1.0
674,0.006750374661284911,6.486972488773993e-06,-0.00033195,4.121352885726401,32.50711697721612,5.159745120434566,-0.21789562370390278,75.69705723359297,-0.04593960525765017,-12.17215753003152,0.14951036861664863,-58.451101177860764,0.3196625855594684,-23.990314907211882,-0.03635708494780777,-0.00023570260244279315,-0.00037072,0.0002356805982361589,0.00017264,1,1.0
675,0.003714065291267542,1.4757304285452459e-06,-0.00033195,4.121352885726401,32.50711697721612,-62.071836604287505,-0.21789562370390278,36.78971450333459,-0.04593960525765017,-16.4477086037261,0.14951036861664863,-18.33366782704655,0.3196625855594684,2.8592151155098016,-0.03635708494780777,-0.00011419842611742943,-0.00037072,0.00011422779325682639,0.00017264,1,1.0
676,0.004777756816222754,4.871922932364107e-06,-0.00033195,4.121352885726401,32.50711697721612,-52.15415262282196,-0.21789562370390278,69.39454808560208,-0.04593960525765017,-99.42575006207666,0.14951036861664863,-28.468719664831987,0.3196625855594684,-3.1775620629394776,-0.03635708494780777,-0.00020459454342793156,-0.00037072,0.0002046079382385636,0.00017264,1,1.0
677,0.00024644123129967605,3.573723358176158e-07,-0.00033195,4.121352885726401,32.50711697721612,62.77169140999156,-0.21789562370390278,17.636701000192904,-0.04593960525765017,-35.907938678061576,0.14951036861664863,96.04289501097362,0.3196625855594684,-16.556744495523617,-0.03635708494780777,-5.0630887696987696e-05,-0.00037072,5.0681134356638735e-05,0.00017264,1,1.0
678,0.004160981767197276,5.415726720182072e-05,-0.00033195,4.121352885726401,32.50711697721612,-23.5759618081505,-0.21789562370390278,34.89554888813189,-0.04593960525765017,-59.52087434468573,0.14951036861664863,-69.8181089423115,0.3196625855594684,23.68010220654671,-0.03635708494780777,-2.7047268960118947e-05,-0.00037072,0.0001337497408729781,0.00017264,1,1.0
679,0.00624748444520054,6.5035627564902e-06,-0.00033195,4.121352885726401,32.50711697721612,-18.352212790821422,-0.21789562370390278,77.41912791986488,-0.04593960525765017,-55.089511096438095,0.14951036861664863,63.500593759843994,0.3196625855594684,-16.691370333017115,-0.03635708494780777,-0.00023602128472651604,-0.00037072,0.00023607435046126048,0.00017264,1,1.0
680,0.003084227264420144,3.179666494744768e-05,-0.00033195,4.121352885726401,32.50711697721612,14.203162428150021,-0.21789562370390278,29.11363707504164,-0.04593960525765017,-29.412190729551156,0.14951036861664863,-37.23917517083943,0.3196625855594684,4.653520981793791,-0.03635708494780777,-4.135692874708428e-05,-0.00037072,0.0001035712407561109,0.00017264,1,1.0
681,1.0448778112943577e-05,8.558795872538872e-07,-0.00033195,4.121352885726401,32.50711697721612,90.02242733038894,-0.21789562370390278,26.07245088978624,-0.04593960525765017,-65.91986212331238,0.14951036861664863,-23.29699749428627,0.3196625855594684,-22.183363101101868,-0.03635708494780777,-7.276413481650728e-05,-0.00037072,7.309258940892726e-05,0.00017264,1,1.0
682,0.007444757599980661,0.00010813725544586773,-0.00033195,4.121352885726401,32.50711697721612,36.94814988646265,-0.21789562370390278,54.89880692785474,-0.04593960525765017,-60.197724458848505,0.14951036861664863,-16.932057195969485,0.3196625855594684,28.922784715524006,-0.03635708494780777,-1.690092475818499e-05,-0.00037072,0.00022919946763836876,0.00017264,1,1.0
683,0.0007082852593763966,6.01305090317352e-06,-0.00033195,4.121352885726401,32.50711697721612,63.686224722564845,-0.21789562370390278,32.37258315168766,-0.04593960525765017,-84.40846462192579,0.14951036861664863,99.3652743975723,0.3196625855594684,-15.378412376825136,-0.03635708494780777,-8.393532278110172e-05,-0.00037072,9.397097890496777e-05,0.00017264,1,1.0
684,0.00019752295544942815,4.719640130425584e-09,-0.00033195,4.121352885726401,32.50711697721612,-83.44112122552468,-0.21789562370390278,-0.35342800451798384,-0.04593960525765017,-25.58492490514941,0.14951036861664863,-83.02735793479387,0.3196625855594684,20.162869734962367,-0.03635708494780777,-4.6154754221626855e-06,-0.00037072,4.615600914561718e-06,0.00017264,1,1.0
685,0.0013796062013262242,5.70764228805243e-07,-0.00033195,4.121352885726401,32.50711697721612,-60.447722039886926,-0.21789562370390278,25.251980127742694,-0.04593960525765017,-70.14031865227031,0.14951036861664863,-32.30725350702403,0.3196625855594684,10.36836959203257,-0.03635708494780777,-7.067333688768354e-05,-0.00037072,7.066907266705167e-05,0.00017264,1,1.0
686,0.004052138934059564,5.734867836708236e-06,-0.00033195,4.121352885726401,32.50711697721612,91.56183807390916,-0.21789562370390278,73.2681845745939,-0.04593960525765017,-82.29167276853246,0.14951036861664863,-21.273181336518448,0.3196625855594684,-36.33322782629731,-0.03635708494780777,-0.0002171627669838236,-0.00037072,0.00021715867187676916,0.00017264,1,1.0
687,0.0014494592001561678,2.8433639173483174e-05,-0.00033195,4.121352885726401,32.50711697721612,50.692272277553975,-0.21789562370390278,20.375551030794,-0.04593960525765017,-46.88148737189722,0.14951036861664863,93.41513195999036,0.3196625855594684,-0.8819864812228466,-0.03635708494780777,-2.047175238588751e-05,-0.00037072,7.676444838745805e-05,0.00017264,1,1.0
688,0.006941996554882764,6.655054262226573e-06,-0.00033195,4.121352885726401,32.50711697721612,-45.322280173488,-0.21789562370390278,78.05725212791431,-0.04593960525765017,-37.82677622601232,0.14951036861664863,-0.6735033454451302,0.3196625855594684,-12.246798296901899,-0.03635708494780777,-0.0002405926693949359,-0.00037072,0.00024059366627331722,0.00017264,1,1.0
689,0.0031016608178190616,2.7533271150193244e-06,-0.00033195,4.121352885726401,32.50711697721612,-28.019676168576176,-0.21789562370390278,52.6771878460963,-0.04593960525765017,-95.40924918927332,0.14951036861664863,64.23389603997472,0.3196625855594684,-3.676454807759773,-0.03635708494780777,-0.00015318892237737498,-0.00037072,0.00015319457501944696,0.00017264,1,1.0
690,0.001233387797856751,8.616991857825904e-07,-0.00033195,4.121352885726401,32.50711697721612,-43.35769620963798,-0.21789562370390278,30.627275824672545,-0.04593960525765017,-93.42596792522393,0.14951036861664863,66.0700395528948,0.3196625855594684,6.429004528880305,-0.03635708494780777,-8.521874724579798e-05,-0.00037072,8.520425611187533e-05,0.00017264,1,1.0
691,2.491938348084667e-05,9.999070821384505e-08,-0.00033195,4.121352885726401,32.50711697721612,-35.841894577974685,-0.21789562370390278,11.434665642503223,-0.04593960525765017,-61.61757967640419,0.14951036861664863,-26.050904752292336,0.3196625855594684,8.846573332831236,-0.03635708494780777,-2.9713174274484294e-05,-0.00037072,2.972148146202814e-05,0.00017264,1,1.0
692,2.0425286252769625e-05,3.2626164682092496e-05,-0.00033195,4.121352885726401,32.50711697721612,52.80029777706857,-0.21789562370390278,0.9755043296121102,-0.04593960525765017,-35.38613174307485,0.14951036861664863,65.09608557875177,0.3196625855594684,6.143365509914536,-0.03635708494780777,-2.4545396492649995e-06,-0.00037072,6.767589832002346e-05,0.00017264,1,1.0
693,0.006803778161645145,6.7547033828047496e-06,-0.00033195,4.121352885726401,32.50711697721612,-21.727683257161544,-0.21789562370390278,78.37151254807829,-0.04593960525765017,-33.330984080019356,0.14951036861664863,-47.428605390766386,0.3196625855594684,-17.52566634322928,-0.03635708494780777,-0.00024146998125517324,-0.00037072,0.00024147870838665578,0.00017264,1,1.0
694,0.007303140926872002,7.907982837096155e-06,-0.00033195,4.121352885726401,32.50711697721612,38.2621736166911,-0.21789562370390278,83.0648461367594,-0.04593960525765017,-4.0307198095305825,0.14951036861664863,-31.84654944182573,0.3196625855594684,-34.09160950607519,-0.03635708494780777,-0.00025966540343818126,-0.00037072,0.0002597064438794037,0.00017264,1,1.0
695,9.944474977173056e-07,3.4613377409210555e-05,-0.00033195,4.121352885726401,32.50711697721612,-21.00667112867135,-0.21789562370390278,-13.0463087523444,-0.04593960525765017,-10.799817938292076,0.14951036861664863,-86.6629542066202,0.3196625855594684,25.766876192698554,-0.03635708494780777,-3.167861674302873e-05,-0.00037072,0.00010017177237070618,0.00017264,1,1.0
696,0.006339705760347475,7.393490906452718e-06,-0.00033195,4.121352885726401,32.50711697721612,0.4046412457692969,-0.21789562370390278,82.62871026254888,-0.04593960525765017,-62.57834094884933,0.14951036861664863,5.194785676840862,0.3196625855594684,-21.523665038406584,-0.03635708494780777,-0.0002505629311028853,-0.00037072,0.00025063852035397136,0.00017264,1,1.0
697,1.4834638633028866e-05,7.940128275765369e-07,-0.00033195,4.121352885726401,32.50711697721612,55.41068903290144,-0.21789562370390278,28.906183398743362,-0.04593960525765017,-93.29246115343207,0.14951036861664863,-3.9676790923892815,0.3196625855594684,-13.763119517663906,-0.03635708494780777,-7.947499848468367e-05,-0.00037072,7.94775162698252e-05,0.00017264,1,1.0
698,0.00790929942472726,7.42987402103603e-06,-0.00033195,4.121352885726401,32.50711697721612,-73.84305191829661,-0.21789562370390278,82.01933680010315,-0.04593960525765017,-24.564792999285885,0.14951036861664863,-4.3474705202649355,0.3196625855594684,-8.447698572498178,-0.03635708494780777,-0.00025557891141210693,-0.00037072,0.00025557818580130415,0.00017264,1,1.0
699,0.00424712933024788,2.3167150035112726e-06,-0.00033195,4.121352885726401,32.50711697721612,-68.00273823312638,-0.21789562370390278,46.69708181149855,-0.04593960525765017,-35.4574593253443,0.14951036861664863,-64.19096567413519,0.3196625855594684,2.623805063611417,-0.03635708494780777,-0.00014221634636030726,-0.00037072,0.00014226478970083626,0.00017264,1,1.0
700,0.8051816578789351,3.9491726643097005,-0.00033195,1.2158541232221989,2.735354949826481,63.05610309314533,-0.21789562370390278,14.232411484653891,-0.04593960525765017,-84.95978526222052,0.14951036861664863,64.81147836332853,0.3196625855594684,5.719559699833156,-0.03635708494780777,1.1931888313961514,-0.00037072,4.794830075904154,0.00017264,0,1.0
701,-1.1399886121716576,6.20836055316531,-0.00033195,1.2158541232221989,2.735354949826481,-0.5185561424296575,-0.21789562370390278,5.549121032241343,-0.04593960525765017,-33.437657401678685,0.14951036861664863,97.66886509121366,0.3196625855594684,-21.28144160199816,-0.03635708494780777,-1.2367572601617436,-0.00037072,1.1317889565511003,0.00017264,1,1.0
702,0.9866605944331116,3.029902498860664,-0.00033195,1.2158541232221989,2.735354949826481,-85.95876354241774,-0.21789562370390278,-15.968360605706392,-0.04593960525765017,-42.355511755357895,0.14951036861664863,69.7214385255298,0.3196625855594684,84.78713909857981,-0.03635708494780777,-1.5241813807995048,-0.00037072,0.2182205457491334,0.00017264,1,1.0
703,-2.7294724262602688,11.677150073666933,-0.00033195,1.2158541232221989,2.735354949826481,39.18576531452293,-0.21789562370390278,-22.091769193431023,-0.04593960525765017,-0.8569523269610497,0.14951036861664863,81.19140896286936,0.3196625855594684,-60.041027839972735,-0.03635708494780777,-1.5426757805622813,-0.00037072,0.5251371597325531,0.00017264,1,1.0
704,0.7958526286281247,1.62419696081453,-0.00033195,1.2158541232221989,2.735354949826481,27.993672706124105,-0.21789562370390278,3.179141808516092,-0.04593960525765017,-23.180870684827614,0.14951036861664863,0.4755437466278105,0.3196625855594684,8.271143231735069,-0.03635708494780777,0.28015123567566214,-0.00037072,2.5715279524288426,0.00017264,0,1.0
705,1.8267224522370773,2.521029645355446,-0.00033195,1.2158541232221989,2.735354949826481,34.49999852921355,-0.21789562370390278,19.115487110258844,-0.04593960525765017,-24.398238631771797,0.14951036861664863,-57.06015442874269,0.3196625855594684,20.686610055447314,-0.03635708494780777,0.8318717431523206,-0.00037072,2.9943972027331744,0.00017264,0,1.0
706,-0.059265180906760584,1.078927118480575,-0.00033195,1.2158541232221989,2.735354949826481,77.05206740166581,-0.21789562370390278,38.388871729037945,-0.04593960525765017,-94.29761753515692,0.14951036861664863,86.29007100515732,0.3196625855594684,-32.34159941491754,-0.03635708494780777,2.529984539397494,-0.00037072,3.0392255525637943,0.00017264,0,1.0
707,0.8263298429064923,3.019183706921945,-0.00033195,1.2158541232221989,2.735354949826481,83.08569047666981,-0.21789562370390278,9.97575436826121,-0.04593960525765017,-5.955331154590885,0.14951036861664863,-48.557133010194555,0.3196625855594684,-26.565084662260887,-0.03635708494780777,0.30008353350071726,-0.00037072,4.4729549272647,0.00017264,0,1.0
708,1.6559622123082307,1.4675344707622267,-0.00033195,1.2158541232221989,2.735354949826481,8.435910336450185,-0.21789562370390278,39.81580868459909,-0.04593960525765017,-61.248774374281496,0.14951036861664863,-40.127735553281084,0.3196625855594684,36.3100253470893,-0.03635708494780777,0.2842116540406765,-0.00037072,2.2580769411036945,0.00017264,0,1.0
709,1.4913242400332911,3.974995534736681,-0.00033195,1.2158541232221989,2.735354949826481,-72.2299967839001,-0.21789562370390278,-20.448914289932134,-0.04593960525765017,-9.567832556316473,0.14951036861664863,-5.380200523344266,0.3196625855594684,84.22250844019331,-0.03635708494780777,-1.4162940848893457,-0.00037072,0.2287505625311015,0.00017264,1,1.0
710,1.0176401266273738,2.7008823147068357,-0.00033195,1.2158541232221989,2.735354949826481,28.146448885565288,-0.21789562370390278,7.385118422515889,-0.04593960525765017,-59.57550293155742,0.14951036861664863,26.225547566895163,0.3196625855594684,25.79251914788953,-0.03635708494780777,0.4415723902650537,-0.00037072,3.3596182380544883,0.00017264,0,1.0
711,2.5616145335179827,1.8474687900565372,-0.00033195,1.2158541232221989,2.735354949826481,-11.724776953241276,-0.21789562370390278,28.610713610909436,-0.04593960525765017,-38.88719152060551,0.14951036861664863,-89.46655622853741,0.3196625855594684,65.92277573471456,-0.03635708494780777,0.28781960098674364,-0.00037072,1.8269184718422165,0.00017264,0,1.0
712,0.016176687175246784,0.7871314836327943,-0.00033195,1.2158541232221989,2.735354949826481,33.23604116375971,-0.21789562370390278,8.878136148233661,-0.04593960525765017,-69.74335046004627,0.14951036861664863,86.85493969926189,0.3196625855594684,0.1277724930137481,-0.03635708494780777,1.0107440310156839,-0.00037072,2.481697429073858,0.00017264,0,1.0
713,-0.2177534113240721,1.2477891798978789,-0.00033195,1.2158541232221989,2.735354949826481,71.63019388194493,-0.21789562370390278,13.285447383025502,-0.04593960525765017,-19.659709611477354,0.14951036861664863,61.580974268314165,0.3196625855594684,-54.92086807974949,-0.03635708494780777,1.6952465975853186,-0.00037072,2.73233206303061,0.00017264,0,1.0
714,-0.009749377020170424,0.47556943625076736,-0.00033195,1.2158541232221989,2.735354949826481,44.8877885635265,-0.21789562370390278,23.44079646692718,-0.04593960525765017,-81.01857352757845,0.14951036861664863,84.00530935688637,0.3196625855594684,-10.20806726097315,-0.03635708494780777,1.871183537834472,-0.00037072,2.103461007924435,0.00017264,0,1.0
715,0.11369790556248383,0.04158964368073396,-0.00033195,1.2158541232221989,2.735354949826481,80.82029786841275,-0.21789562370390278,43.281436990595395,-0.04593960525765017,-78.91270661171485,0.14951036861664863,-26.45179492430079,0.3196625855594684,-18.79170398901676,-0.03635708494780777,0.2728391791144913,-0.00037072,3.697864111705596,0.00017264,0,1.0
716,2.5699233063539397,2.7191226751174344,-0.00033195,1.2158541232221989,2.735354949826481,-43.5565429935136,-0.21789562370390278,16.083302480315194,-0.04593960525765017,-49.058746975016916,0.14951036861664863,-13.747938617489815,0.3196625855594684,81.97185893533914,-0.03635708494780777,0.6260907123710244,-0.00037072,1.3033092352887399,0.00017264,0,1.0
717,1.1584654820829257,2.174262353394964,-0.00033195,1.2158541232221989,2.735354949826481,-58.26601414715275,-0.21789562370390278,-13.630645140415206,-0.04593960525765017,-11.952099768751669,0.14951036861664863,13.219615812077368,0.3196625855594684,63.552734414574864,-0.03635708494780777,-0.9375972760088855,-0.00037072,0.2201010424539589,0.00017264,1,1.0
718,-0.5162858583354313,7.495914388619127,-0.00033195,1.2158541232221989,2.735354949826481,-78.56277547904084,-0.21789562370390278,-22.262878801153228,-0.04593960525765017,-3.519260809142678,0.14951036861664863,99.55682966511291,0.3196625855594684,32.16196672976152,-0.03635708494780777,-3.254452967407389,-0.00037072,0.2285385071625754,0.00017264,1,1.0
719,1.354829158666568,2.780984188593682,-0.00033195,1.2158541232221989,2.735354949826481,-4.658651266583217,-0.21789562370390278,-2.7480110826928175,-0.04593960525765017,-17.518867370203903,0.14951036861664863,53.188916858369595,0.3196625855594684,21.98467845223443,-0.03635708494780777,0.40082714765996674,-0.00037072,2.652205360069451,0.00017264,0,1.0
720,-0.027905627289508628,0.7891296970655491,-0.00033195,1.2158541232221989,2.735354949826481,72.83614559665106,-0.21789562370390278,22.604970346042887,-0.04593960525765017,-34.91307558275522,0.14951036861664863,41.880776005505936,0.3196625855594684,-45.575066865295206,-0.03635708494780777,2.0595710119731887,-0.00037072,2.4117825839143645,0.00017264,0,1.0
721,1.4475574900919552,0.6435507589359535,-0.00033195,1.2158541232221989,2.735354949826481,21.49159056932463,-0.21789562370390278,40.497679131918254,-0.04593960525765017,-83.43212825380655,0.14951036861664863,-38.33386643724677,0.3196625855594684,40.10713353346277,-0.03635708494780777,0.27829890777267163,-0.00037072,2.6941280926259163,0.00017264,0,1.0
722,1.985615622879804,1.2775758287799712,-0.00033195,1.2158541232221989,2.735354949826481,35.875267946761355,-0.21789562370390278,38.83723762367935,-0.04593960525765017,-46.92419104428268,0.14951036861664863,-99.6309749089865,0.3196625855594684,31.508046594140623,-0.03635708494780777,0.27604535813189424,-0.00037072,3.1246469834570405,0.00017264,0,1.0
723,1.9558147112417308,2.8107565521019016,-0.00033195,1.2158541232221989,2.735354949826481,34.95052944726209,-0.21789562370390278,13.467211285793706,-0.04593960525765017,-0.19273963406045794,0.14951036861664863,-92.194115648171,0.3196625855594684,19.20510652344697,-0.03635708494780777,0.27191019349161305,-0.00037072,3.1069509663789816,0.00017264,0,1.0
724,0.5226129986846952,0.27822752056247757,-0.00033195,1.2158541232221989,2.735354949826481,-4.410721899379409,-0.21789562370390278,7.602207090289614,-0.04593960525765017,-8.0425188487719,0.14951036861664863,-28.14363864906559,0.3196625855594684,15.608809284679806,-0.03635708494780777,-0.2293127160948173,-0.00037072,0.37364685206980786,0.00017264,1,1.0
725,1.5710955217078175,0.5356843000761049,-0.00033195,1.2158541232221989,2.735354949826481,-51.23809769862567,-0.21789562370390278,7.6236024354634,-0.04593960525765017,-50.50579111787303,0.14951036861664863,-8.148019798817602,0.3196625855594684,79.0123568339579,-0.03635708494780777,-0.17555248783382213,-0.00037072,0.1765119858743712,0.00017264,1,1.0
726,0.3371018866668367,0.23143818141233408,-0.00033195,1.2158541232221989,2.735354949826481,64.58723173541904,-0.21789562370390278,38.05308877651551,-0.04593960525765017,-96.11166754341991,0.14951036861664863,-4.240395074698124,0.3196625855594684,3.449042150074095,-0.03635708494780777,0.3026187327624479,-0.00037072,3.6869762563359716,0.00017264,0,1.0
727,0.0014971906354110942,0.021226611011763243,-0.00033195,1.2158541232221989,2.735354949826481,79.54432605581279,-0.21789562370390278,41.53146163384697,-0.04593960525765017,-78.56465676505596,0.14951036861664863,-19.34736497225592,0.3196625855594684,-20.168112793727694,-0.03635708494780777,0.2717338965611953,-0.00037072,3.5779738350682213,0.00017264,0,1.0
728,-0.0012391340297372988,0.24242089269861758,-0.00033195,1.2158541232221989,2.735354949826481,76.35415231407866,-0.21789562370390278,30.183716166270294,-0.04593960525765017,-62.3688189273357,0.14951036861664863,10.780256121127294,0.3196625855594684,-27.398517252899588,-0.03635708494780777,1.0025956514428471,-0.00037072,3.206015655833275,0.00017264,0,1.0
729,0.9427809864695308,0.28364194547016625,-0.00033195,1.2158541232221989,2.735354949826481,7.23477963770723,-0.21789562370390278,26.25913169411294,-0.04593960525765017,-73.38628611755524,0.14951036861664863,-1.7657068349511087,0.3196625855594684,36.96845602228344,-0.03635708494780777,0.2906418862647465,-0.00037072,1.7787267240492444,0.00017264,0,1.0
730,2.4391203237111476,1.3676687979995585,-0.00033195,1.2158541232221989,2.735354949826481,-56.28014919863056,-0.21789562370390278,12.467948143076912,-0.04593960525765017,-29.822780788742346,0.14951036861664863,-70.28348270925274,0.3196625855594684,91.04965781136681,-0.03635708494780777,-0.38530333297350905,-0.00037072,0.38194294561283926,0.00017264,1,1.0
731,0.22306371091195865,0.09274112474789793,-0.00033195,1.2158541232221989,2.735354949826481,32.81775299821491,-0.21789562370390278,23.94362919623875,-0.04593960525765017,-44.11226184002636,0.14951036861664863,-6.933752238780675,0.3196625855594684,-3.2608883843084664,-0.03635708494780777,0.3044058154320308,-0.00037072,1.6877211754312902,0.00017264,0,1.0
732,0.4849109484166665,2.1339659724704467,-0.00033195,1.2158541232221989,2.735354949826481,-56.933845131957305,-0.21789562370390278,-11.828030182982857,-0.04593960525765017,-46.50117889353805,0.14951036861664863,89.37355023831165,0.3196625855594684,56.642913449739076,-0.03635708494780777,-0.9994252663861583,-0.00037072,0.6916020796546236,0.00017264,1,1.0
733,-0.00013324586311469488,0.05201540570944397,-0.00033195,1.2158541232221989,2.735354949826481,36.90493706357082,-0.21789562370390278,28.046860181857053,-0.04593960525765017,-87.04026593195366,0.14951036861664863,43.75494111728991,0.3196625855594684,4.391906210401359,-0.03635708494780777,0.6943233654673422,-0.00037072,2.1710738104672664,0.00017264,0,1.0
734,1.504723516464186,0.5057072400823578,-0.00033195,1.2158541232221989,2.735354949826481,-34.14761597146993,-0.21789562370390278,5.700535865926633,-0.04593960525765017,-10.550129561959642,0.14951036861664863,-43.78176875666352,0.3196625855594684,52.34071612497688,-0.03635708494780777,-0.13502878243855604,-0.00037072,0.13551470379337577,0.00017264,1,1.0
735,0.6702418956409707,0.14771217633712183,-0.00033195,1.2158541232221989,2.735354949826481,-13.210342847371432,-0.21789562370390278,18.468512555467502,-0.04593960525765017,-86.00625847998262,0.14951036861664863,42.632650752940464,0.3196625855594684,48.36810510111657,-0.03635708494780777,0.3248793352146272,-0.00037072,1.1047475084989307,0.00017264,0,1.0
736,-0.15101366367139724,2.7923271698573098,-0.00033195,1.2158541232221989,2.735354949826481,100.0,-0.21789562370390278,47.53739159863679,-0.04593960525765017,-34.77549132707894,0.14951036861664863,11.956715465927331,0.3196625855594684,-75.15877194572543,-0.03635708494780777,1.5091044324362297,-0.00037072,3.5119272385971394,0.00017264,0,1.0
737,1.3857115263196291,0.7126399541257256,-0.00033195,1.2158541232221989,2.735354949826481,63.6205984571681,-0.21789562370390278,50.27820966558952,-0.04593960525765017,-90.69394230722921,0.14951036861664863,-67.99356101393968,0.3196625855594684,20.304465589669416,-0.03635708494780777,0.2700329594699129,-0.00037072,4.2213102052152776,0.00017264,0,1.0
738,0.0011110221690131539,0.4837262949405934,-0.00033195,1.2158541232221989,2.735354949826481,79.44639671162871,-0.21789562370390278,32.174846162242694,-0.04593960525765017,-69.1018169792329,0.14951036861664863,38.377501275672174,0.3196625855594684,-32.91362773637321,-0.03635708494780777,1.7368220855709628,-0.00037072,3.1412599345314485,0.00017264,0,1.0
739,0.6550841610032823,0.342536780746602,-0.00033195,1.2158541232221989,2.735354949826481,-12.916953884042215,-0.21789562370390278,6.446568233973144,-0.04593960525765017,-52.508008019239,0.14951036861664863,33.87317271237414,0.3196625855594684,37.54712645244498,-0.03635708494780777,0.35763539299512326,-0.00037072,0.8384661045905419,0.00017264,0,1.0
740,-0.0071926101163455325,0.7453168053233808,-0.00033195,1.2158541232221989,2.735354949826481,40.867262791962894,-0.21789562370390278,24.743122825936503,-0.04593960525765017,-61.39067603252562,0.14951036861664863,73.11845941816155,0.3196625855594684,-19.456741707250977,-0.03635708494780777,1.2945368165583462,-0.00037072,2.2082317791459807,0.00017264,0,1.0
741,1.7834118201941722,3.4074246166497515,-0.00033195,1.2158541232221989,2.735354949826481,41.888869945314624,-0.21789562370390278,18.125007639776282,-0.04593960525765017,-45.131279940106005,0.14951036861664863,-54.19507510092198,0.3196625855594684,29.97140059605114,-0.03635708494780777,0.2678899444717291,-0.00037072,3.995010385515583,0.00017264,0,1.0
742,0.704822308008654,0.33921101700515516,-0.00033195,1.2158541232221989,2.735354949826481,-17.985795469537983,-0.21789562370390278,9.827051512344772,-0.04593960525765017,-72.39392405458857,0.14951036861664863,43.41762155076831,0.3196625855594684,49.19671172206407,-0.03635708494780777,0.3333786240677069,-0.00037072,0.9114996571752322,0.00017264,0,1.0
743,0.18075033728396073,0.3764649754116986,-0.00033195,1.2158541232221989,2.735354949826481,26.72054169237775,-0.21789562370390278,11.512196402723871,-0.04593960525765017,-53.439885623475995,0.14951036861664863,26.393085164321867,0.3196625855594684,7.678046714248203,-0.03635708494780777,0.32509927346349343,-0.00037072,1.9626768888379038,0.00017264,0,1.0
744,-3.0570961970035966,16.166284680767493,-0.00033195,1.2158541232221989,2.735354949826481,36.52340910343033,-0.21789562370390278,0.7423318465000258,-0.04593960525765017,-60.680180174693305,0.14951036861664863,75.88563167217309,0.3196625855594684,-40.38360780905398,-0.03635708494780777,-2.179224557882561,-0.00037072,0.4952835192713393,0.00017264,1,1.0
745,0.005280849092546003,0.093557816592244,-0.00033195,1.2158541232221989,2.735354949826481,40.44807350084307,-0.21789562370390278,31.838230882824867,-0.04593960525765017,-95.73486466580808,0.14951036861664863,50.34328421593946,0.3196625855594684,3.640496607065756,-0.03635708494780777,0.8410243189007561,-0.00037072,2.3475012716906822,0.00017264,0,1.0
746,0.0018749194995590912,0.42027412550531085,-0.00033195,1.2158541232221989,2.735354949826481,83.16577430213019,-0.21789562370390278,25.242322783108516,-0.04593960525765017,-44.24055167417701,0.14951036861664863,-25.31038711706841,0.3196625855594684,-30.375169591907746,-0.03635708494780777,0.26846402311325135,-0.00037072,3.6102671442548404,0.00017264,0,1.0
747,-0.05920040898878809,1.2918640317267591,-0.00033195,1.2158541232221989,2.735354949826481,50.15330432028837,-0.21789562370390278,-3.5229884326704966,-0.04593960525765017,-5.9046679747731305,0.14951036861664863,51.06285464301198,0.3196625855594684,-33.96241842516679,-0.03635708494780777,0.6128717573337414,-0.00037072,2.812538039529125,0.00017264,0,1.0
748,2.1113272460824017,1.3392402708363544,-0.00033195,1.2158541232221989,2.735354949826481,-1.3009860008066054,-0.21789562370390278,32.91478227399921,-0.04593960525765017,-80.06010517309163,0.14951036861664863,-49.06095980803989,0.3196625855594684,68.1757112407919,-0.03635708494780777,0.27686535713765603,-0.00037072,2.4661681685294568,0.00017264,0,1.0
749,0.7562241250170713,1.45289505680328,-0.00033195,1.2158541232221989,2.735354949826481,-55.709331163882915,-0.21789562370390278,-8.658986368293387,-0.04593960525765017,-45.75996292944403,0.14951036861664863,64.66011852403389,0.3196625855594684,62.634048895088,-0.03635708494780777,-0.7244760704153295,-0.00037072,0.47840461614677804,0.00017264,1,1.0
750,1.6353212504254016,1.0368639714336911,-0.00033195,1.2158541232221989,2.735354949826481,-23.989506737588073,-0.21789562370390278,7.783093901739205,-0.04593960525765017,-0.34258651798838896,0.14951036861664863,-82.62525327620439,0.3196625855594684,49.52658697926521,-0.03635708494780777,-0.5374821063084826,-0.00037072,0.5427832235224749,0.00017264,1,1.0
751,-0.0006607384679365169,0.1542266009571477,-0.00033195,1.2158541232221989,2.735354949826481,21.77833858288297,-0.21789562370390278,6.710533985014164,-0.04593960525765017,-19.55006400955703,0.14951036861664863,34.0207157265955,0.3196625855594684,-12.648639433883298,-0.03635708494780777,0.6951327634762662,-0.00037072,1.0699686712271474,0.00017264,0,1.0
752,2.2448030458028145,1.7770885959900082,-0.00033195,1.2158541232221989,2.735354949826481,-52.343087871925235,-0.21789562370390278,26.722005089246103,-0.04593960525765017,-99.95756744547164,0.14951036861664863,22.24112275422097,0.3196625855594684,98.89238545007228,-0.03635708494780777,0.2481966896025659,-0.00037072,1.459903551073539,0.00017264,0,1.0
753,1.6434240651114023,5.877204456320186,-0.00033195,1.2158541232221989,2.735354949826481,19.747364346132482,-0.21789562370390278,42.91583966782663,-0.04593960525765017,-49.169535792305076,0.14951036861664863,31.908422890894638,0.3196625855594684,1.8123294056422539,-0.03635708494780777,0.3202789446746881,-0.00037072,4.008201619754159,0.00017264,0,1.0
754,0.2993532776616423,1.5757926019675195,-0.00033195,1.2158541232221989,2.735354949826481,89.20047153516619,-0.21789562370390278,34.739745869720025,-0.04593960525765017,-86.25633194696094,0.14951036861664863,70.55305962571259,0.3196625855594684,-32.67717426834303,-0.03635708494780777,2.643310783081836,-0.00037072,3.8591887343074895,0.00017264,0,1.0
755,0.5558812231670233,1.861676766765585,-0.00033195,1.2158541232221989,2.735354949826481,-45.9307345412194,-0.21789562370390278,-8.037030349701437,-0.04593960525765017,-9.826120319501277,0.14951036861664863,29.310719005939927,0.3196625855594684,38.69281608645784,-0.03635708494780777,-1.0803637128811276,-0.00037072,0.2414535460471421,0.00017264,1,1.0
756,2.722585232463711,4.8010777768051955,-0.00033195,1.2158541232221989,2.735354949826481,13.939804725700712,-0.21789562370390278,14.364966461695015,-0.04593960525765017,-23.700013748571255,0.14951036861664863,-89.17834579735806,0.3196625855594684,55.398447449665305,-0.03635708494780777,0.27416710624553065,-0.00037072,3.4432946123573753,0.00017264,0,1.0
757,1.2111463191212337,0.8097989127953868,-0.00033195,1.2158541232221989,2.735354949826481,53.623542814144486,-0.21789562370390278,36.97601031419159,-0.04593960525765017,-72.244511327615,0.14951036861664863,-53.03113819898673,0.3196625855594684,18.240094448696514,-0.03635708494780777,0.2837087451774829,-0.00037072,3.6588683619912814,0.00017264,0,1.0
758,1.259794856086503,0.576595921346935,-0.00033195,1.2158541232221989,2.735354949826481,34.79128739382822,-0.21789562370390278,29.734712457033464,-0.04593960525765017,-29.487979048245887,0.14951036861664863,-72.28577493134354,0.3196625855594684,11.287406755124252,-0.03635708494780777,0.2803597363944641,-0.00037072,2.3114412396463395,0.00017264,0,1.0
759,2.6892495291124576,1.7688273075488905,-0.00033195,1.2158541232221989,2.735354949826481,-63.43523518345511,-0.21789562370390278,4.966392585589389,-0.04593960525765017,-10.567814877252252,0.14951036861664863,-71.40099419025475,0.3196625855594684,91.9019987512401,-0.03635708494780777,-0.048105373952300294,-0.00037072,0.04011189271057924,0.00017264,1,1.0
760,0.003866553726950328,0.22527616933299802,-0.00033195,1.2158541232221989,2.735354949826481,-19.46854337343643,-0.21789562370390278,-2.7956532201396853,-0.04593960525765017,-28.367100097959426,0.14951036861664863,49.75241979645792,0.3196625855594684,19.780428746737897,-0.03635708494780777,-0.3231969865491615,-0.00037072,0.3269296333879049,0.00017264,1,1.0
761,0.16374144158713366,1.089014995364773,-0.00033195,1.2158541232221989,2.735354949826481,67.6300692318535,-0.21789562370390278,22.475647452538166,-0.04593960525765017,-77.7451495526561,0.14951036861664863,16.065014706963616,0.3196625855594684,-5.151878928824697,-0.03635708494780777,0.3445143110985067,-0.00037072,3.8742895820941077,0.00017264,0,1.0
762,0.04805046771272847,0.008083970301922797,-0.00033195,1.2158541232221989,2.735354949826481,27.233756699732226,-0.21789562370390278,27.272587917092576,-0.04593960525765017,-88.99450363901454,0.14951036861664863,35.18181449691595,0.3196625855594684,14.37262104345195,-0.03635708494780777,0.2879133006145125,-0.00037072,2.0185966368994075,0.00017264,0,1.0
763,0.623241217938737,0.18650248151111817,-0.00033195,1.2158541232221989,2.735354949826481,11.193434779808493,-0.21789562370390278,13.749635007653971,-0.04593960525765017,-22.164482414428548,0.14951036861664863,-17.497645267465725,0.3196625855594684,10.262620485522685,-0.03635708494780777,0.3351123105048902,-0.00037072,0.9937151752053782,0.00017264,0,1.0
764,0.5876049502824692,0.17096603869419555,-0.00033195,1.2158541232221989,2.735354949826481,-19.003265780061522,-0.21789562370390278,5.241901714600164,-0.04593960525765017,-18.933794056474422,0.14951036861664863,-2.3631366220714765,0.3196625855594684,27.38827756485727,-0.03635708494780777,-0.21101027948463216,-0.00037072,0.22158443682822435,0.00017264,1,1.0
765,-0.0010175875999769435,0.6136543341233992,-0.00033195,1.2158541232221989,2.735354949826481,69.25676965536698,-0.21789562370390278,18.22959945528616,-0.04593960525765017,-34.907877542698664,0.14951036861664863,35.46389090710792,0.3196625855594684,-38.13814266536416,-0.03635708494780777,1.5839702075056987,-0.00037072,2.653119707465896,0.00017264,0,1.0
766,2.1094693055376164,1.4673109432943625,-0.00033195,1.2158541232221989,2.735354949826481,-41.46810416421451,-0.21789562370390278,14.35095355126378,-0.04593960525765017,-57.386099496001165,0.14951036861664863,-26.811571326706094,0.3196625855594684,84.68400405153542,-0.03635708494780777,0.17032257125092387,-0.00037072,0.8991432506234155,0.00017264,0,1.0
767,1.136028340575811,0.4396574190274529,-0.00033195,1.2158541232221989,2.735354949826481,-16.775000703710653,-0.21789562370390278,12.955635465492882,-0.04593960525765017,-47.43322102922679,0.14951036861664863,0.1718279163650966,0.3196625855594684,45.77966200036991,-0.03635708494780777,0.36392990169907347,-0.00037072,0.7941307917972059,0.00017264,0,1.0
768,1.154693705275471,1.3701166543455634,-0.00033195,1.2158541232221989,2.735354949826481,-68.04624291553327,-0.21789562370390278,-4.69403176104914,-0.04593960525765017,-62.317339643760995,0.14951036861664863,63.23915518232207,0.3196625855594684,83.00721876821345,-0.03635708494780777,-0.6181512942034169,-0.00037072,0.4222314883263288,0.00017264,1,1.0
769,0.8999419010844522,1.1089978354127374,-0.00033195,1.2158541232221989,2.735354949826481,-16.972877983608367,-0.21789562370390278,13.507053593926155,-0.04593960525765017,-73.0722099598332,0.14951036861664863,14.047917789513868,0.3196625855594684,55.93131053999251,-0.03635708494780777,-0.10112774269172753,-0.00037072,1.1890997798551455,0.00017264,1,1.0
770,-0.36942472594141074,1.5949383424735273,-0.00033195,1.2158541232221989,2.735354949826481,87.66123463391095,-0.21789562370390278,18.63676579473219,-0.04593960525765017,-24.67827539514683,0.14951036861664863,64.89115294652478,0.3196625855594684,-67.57971388807083,-0.03635708494780777,2.107345687300199,-0.00037072,2.9440803153932245,0.00017264,0,1.0
771,2.0162771395811054,1.2020673321509705,-0.00033195,1.2158541232221989,2.735354949826481,-47.367416231104805,-0.21789562370390278,15.511085609797156,-0.04593960525765017,-41.595896397445316,0.14951036861664863,-57.600672178154156,0.3196625855594684,82.68382770298948,-0.03635708494780777,-0.5672213696275822,-0.00037072,0.5677555869327596,0.00017264,1,1.0
772,-0.005616661609201046,0.9916369055612186,-0.00033195,1.2158541232221989,2.735354949826481,56.943550647497865,-0.21789562370390278,16.541860364222202,-0.04593960525765017,-76.94206414220227,0.14951036861664863,87.89568659185537,0.3196625855594684,-14.836036660511267,-0.03635708494780777,1.5481818596616779,-0.00037072,3.1380919244798418,0.00017264,0,1.0
773,-0.31088164985538946,10.42179580971771,-0.00033195,1.2158541232221989,2.735354949826481,-53.86397532602007,-0.21789562370390278,-3.0101769611912794,-0.04593960525765017,-64.0280426793489,0.14951036861664863,-25.24035868138646,0.3196625855594684,76.57387157275821,-0.03635708494780777,-3.4482837525800796,-0.00037072,-0.051346616767804054,0.00017264,1,1.0
774,0.009333233660415247,0.4981378366097838,-0.00033195,1.2158541232221989,2.735354949826481,-2.005749815746361,-0.21789562370390278,-2.550269543191291,-0.04593960525765017,-14.898618157373706,0.14951036861664863,42.69290867723002,0.3196625855594684,2.8216577852004567,-0.03635708494780777,-0.0301804935166064,-0.00037072,0.7665770703973336,0.00017264,1,1.0
775,0.001827806128242404,0.44089328875618167,-0.00033195,1.2158541232221989,2.735354949826481,43.6655492127536,-0.21789562370390278,25.50691703814588,-0.04593960525765017,-79.34946541518023,0.14951036861664863,77.75404501641341,0.3196625855594684,-10.643863827943262,-0.03635708494780777,1.7943775272195885,-0.00037072,2.0106610275484087,0.00017264,0,1.0
776,0.1853503520359558,0.1310416966911529,-0.00033195,1.2158541232221989,2.735354949826481,-10.427484679567259,-0.21789562370390278,5.712508315588936,-0.04593960525765017,-58.05355647876643,0.14951036861664863,71.84781893112823,0.3196625855594684,24.808992185516722,-0.03635708494780777,0.3555039299936592,-0.00037072,0.879730264679324,0.00017264,0,1.0
777,0.8948399927214974,5.071494162831738,-0.00033195,1.2158541232221989,2.735354949826481,63.0042007556678,-0.21789562370390278,13.78281094697084,-0.04593960525765017,-99.96704535432201,0.14951036861664863,92.80884238183451,0.3196625855594684,10.517311272214872,-0.03635708494780777,1.4500211391681885,-0.00037072,5.2393475165653784,0.00017264,0,1.0
778,0.3872141979833793,0.2997982304435798,-0.00033195,1.2158541232221989,2.735354949826481,-25.037212276144245,-0.21789562370390278,4.582286868846462,-0.04593960525765017,-78.3090358402837,0.14951036861664863,80.36009665149577,0.3196625855594684,47.92043726759599,-0.03635708494780777,0.32836318812109583,-0.00037072,0.7224928398574175,0.00017264,0,1.0
779,-0.00017348300940289718,0.2887179734100318,-0.00033195,1.2158541232221989,2.735354949826481,17.889788221169745,-0.21789562370390278,24.326130220156294,-0.04593960525765017,-93.86048717083885,0.14951036861664863,92.11586762903968,0.3196625855594684,10.594032806496815,-0.03635708494780777,1.0298354657119675,-0.00037072,1.7584868619806446,0.00017264,0,1.0
780,1.3466157366493559,2.9467751527364756,-0.00033195,1.2158541232221989,2.735354949826481,-73.80591176244788,-0.21789562370390278,-2.180839310826508,-0.04593960525765017,-40.373409344231206,0.14951036861664863,41.52619892630386,0.3196625855594684,77.40914486528233,-0.03635708494780777,-1.2396985455057512,-0.00037072,0.5938121009659179,0.00017264,1,1.0
781,0.06557171186475363,1.9785962893290048,-0.00033195,1.2158541232221989,2.735354949826481,-55.84609489914125,-0.21789562370390278,-13.532339469905923,-0.04593960525765017,-48.88969275854244,0.14951036861664863,93.21469939154352,0.3196625855594684,52.36229878499701,-0.03635708494780777,-1.1048243207844306,-0.00037072,0.2340673182273303,0.00017264,1,1.0
782,1.1648739166479922,0.48244687492119553,-0.00033195,1.2158541232221989,2.735354949826481,46.8231991971204,-0.21789562370390278,44.97217438999653,-0.04593960525765017,-99.41822757727566,0.14951036861664863,-35.61763402929485,0.3196625855594684,28.728362871390793,-0.03635708494780777,0.2716143171549301,-0.00037072,3.615697473970564,0.00017264,0,1.0
783,-0.15699843061075264,1.1598175322130295,-0.00033195,1.2158541232221989,2.735354949826481,47.95263599821829,-0.21789562370390278,5.00348742595298,-0.04593960525765017,-10.78968807068803,0.14951036861664863,76.85877825466369,0.3196625855594684,-44.032390326420945,-0.03635708494780777,0.9306863334988243,-0.00037072,2.65704697304673,0.00017264,0,1.0
784,2.0776719402072876,1.409794239901375,-0.00033195,1.2158541232221989,2.735354949826481,-27.228513084393846,-0.21789562370390278,22.957083484233266,-0.04593960525765017,-80.00564279999888,0.14951036861664863,-12.65534004146348,0.3196625855594684,81.09585722012024,-0.03635708494780777,0.5086844557650989,-0.00037072,1.5351433886232029,0.00017264,0,1.0
785,0.0012924568115335062,0.4232348971178162,-0.00033195,1.2158541232221989,2.735354949826481,17.99669384370523,-0.21789562370390278,-0.02261086313699817,-0.04593960525765017,-12.015562675614499,0.14951036861664863,63.32639910636387,0.3196625855594684,-17.25650207748893,-0.03635708494780777,0.31485461231809475,-0.00037072,1.7828414500640415,0.00017264,0,1.0
786,0.5734995857565832,0.793114152668019,-0.00033195,1.2158541232221989,2.735354949826481,92.98703318445426,-0.21789562370390278,51.70817710957033,-0.04593960525765017,-72.18716791141459,0.14951036861664863,-30.751876733152535,0.3196625855594684,-29.45595495333637,-0.03635708494780777,1.2536055670305848,-0.00037072,3.9768581431808236,0.00017264,0,1.0
787,2.0515119587424255,2.464052945798765,-0.00033195,1.2158541232221989,2.735354949826481,32.565714173456065,-0.21789562370390278,37.06672554903275,-0.04593960525765017,-43.234500994467965,0.14951036861664863,-57.323083501747796,0.3196625855594684,22.8852777954525,-0.03635708494780777,1.4408459770058828,-0.00037072,2.64751666439295,0.00017264,0,1.0
788,0.5247240288219475,1.1881407380394302,-0.00033195,1.2158541232221989,2.735354949826481,83.33894457134092,-0.21789562370390278,40.95939973807842,-0.04593960525765017,-19.598353373635906,0.14951036861664863,-49.67997641076538,0.3196625855594684,-46.565676781104166,-0.03635708494780777,1.2412980281623613,-0.00037072,2.9333828281360224,0.00017264,0,1.0
789,0.894595956403738,1.3548302631100895,-0.00033195,1.2158541232221989,2.735354949826481,-1.8127812608258353,-0.21789562370390278,30.362591742378783,-0.04593960525765017,-98.18268261879656,0.14951036861664863,80.69699011421838,0.3196625855594684,34.37854160481081,-0.03635708494780777,0.7063627578854492,-0.00037072,2.3549211997325337,0.00017264,0,1.0
790,0.790159712160803,3.0429880044062605,-0.00033195,1.2158541232221989,2.735354949826481,78.37683705436213,-0.21789562370390278,29.497171827300445,-0.04593960525765017,-98.09496300026868,0.14951036861664863,80.37909479909946,0.3196625855594684,-10.297400127455703,-0.03635708494780777,2.4583039515948553,-0.00037072,4.550248639739053,0.00017264,0,1.0
791,-0.0011391869396319976,0.4321654217499978,-0.00033195,1.2158541232221989,2.735354949826481,84.40291640719866,-0.21789562370390278,38.18379053712862,-0.04593960525765017,-88.04462805790683,0.14951036861664863,41.40569070570904,0.3196625855594684,-28.641961744733102,-0.03635708494780777,1.6735165207652072,-0.00037072,3.5511130087959843,0.00017264,0,1.0
792,1.181829995080206,0.5472180524167879,-0.00033195,1.2158541232221989,2.735354949826481,76.84644039285774,-0.21789562370390278,52.4600951983625,-0.04593960525765017,-71.86695971474413,0.14951036861664863,-85.11738308537552,0.3196625855594684,0.12316943234718669,-0.03635708494780777,0.26574196749248546,-0.00037072,4.182703515926458,0.00017264,0,1.0
793,1.11691127573869,5.949048158432145,-0.00033195,1.2158541232221989,2.735354949826481,15.526580844648908,-0.21789562370390278,-2.1736859369822645,-0.04593960525765017,-96.98289880404073,0.14951036861664863,94.26722796702393,0.3196625855594684,50.17110092255785,-0.03635708494780777,0.2600505722959472,-0.00037072,4.4441286629167704,0.00017264,0,1.0
794,0.9215552450814057,1.7002110225583524,-0.00033195,1.2158541232221989,2.735354949826481,47.25978721272074,-0.21789562370390278,40.447761867933785,-0.04593960525765017,-65.19184304509096,0.14951036861664863,12.187760421170777,0.3196625855594684,-5.634389219581398,-0.03635708494780777,1.4717828492922416,-0.00037072,2.778286980486269,0.00017264,0,1.0
795,0.8127119957009088,0.3568257542760441,-0.00033195,1.2158541232221989,2.735354949826481,68.18116098194506,-0.21789562370390278,39.16545662026286,-0.04593960525765017,-59.280049477204514,0.14951036861664863,-59.612268397315326,0.3196625855594684,-3.9933456292901495,-0.03635708494780777,0.2710310419096058,-0.00037072,3.5794070239122067,0.00017264,0,1.0
796,-0.07857085672539099,2.611818298666016,-0.00033195,1.2158541232221989,2.735354949826481,-9.815605141504651,-0.21789562370390278,16.58915435373204,-0.04593960525765017,-67.16283198790013,0.14951036861664863,85.68381784862633,0.3196625855594684,14.756335319288443,-0.03635708494780777,-0.45490279709923864,-0.00037072,1.5106143595769774,0.00017264,1,1.0
797,-0.21520693726041995,1.3318835875153017,-0.00033195,1.2158541232221989,2.735354949826481,91.9630927204529,-0.21789562370390278,21.309508899326623,-0.04593960525765017,-30.351883940319823,0.14951036861664863,51.54843101956816,0.3196625855594684,-62.96613863169995,-0.03635708494780777,2.1938775716042547,-0.00037072,3.1086111696313323,0.00017264,0,1.0
798,0.347789444087764,0.16596587282559042,-0.00033195,1.2158541232221989,2.735354949826481,78.66423314072537,-0.21789562370390278,34.63652261516674,-0.04593960525765017,-19.89889689668102,0.14951036861664863,-73.32246413029,0.3196625855594684,-35.32827724230425,-0.03635708494780777,0.2818404846289331,-0.00037072,2.9634669046728073,0.00017264,0,1.0
799,1.765979535863118,1.0451408371733764,-0.00033195,1.2158541232221989,2.735354949826481,-32.34091724544381,-0.21789562370390278,14.006646072654412,-0.04593960525765017,-27.598262315458168,0.14951036861664863,-52.676701128174,0.3196625855594684,61.71590438064512,-0.03635708494780777,-0.20541088547039393,-0.00037072,0.6033843462047319,0.00017264,1,1.0
800,0.022440034204689763,0.12083534950863221,-0.00033195,2.387138367997413,2.9709305229720875,21.695449893963463,-0.21789562370390278,10.900725208043553,-0.04593960525765017,-99.72260515575843,0.14951036861664863,76.55508260798425,0.3196625855594684,35.34696582545786,-0.03635708494780777,0.3182270680844695,-0.00037072,0.36879048049402,0.00017264,0,1.0
801,0.05102944576276658,0.11105030107303833,-0.00033195,2.387138367997413,2.9709305229720875,17.97850582058329,-0.21789562370390278,8.376809244339244,-0.04593960525765017,-52.752482939390475,0.14951036861664863,5.502678642033498,0.3196625855594684,22.14995682372744,-0.03635708494780777,-0.21635649430406642,-0.00037072,0.22760324612549207,0.00017264,1,1.0
802,0.938009932962771,0.1823791704809783,-0.00033195,2.387138367997413,2.9709305229720875,-16.882456129311034,-0.21789562370390278,6.761414013543528,-0.04593960525765017,-17.38571748389361,0.14951036861664863,-60.21688427343748,0.3196625855594684,47.67257559639797,-0.03635708494780777,-0.1729214002351075,-0.00037072,0.1731126648023349,0.00017264,1,1.0
803,1.131329615151149,0.3434628156053313,-0.00033195,2.387138367997413,2.9709305229720875,-46.17020390006835,-0.21789562370390278,7.8029467417306275,-0.04593960525765017,-8.2862916492943,0.14951036861664863,-63.597760983759194,0.3196625855594684,53.849195145234646,-0.03635708494780777,-0.21463085184025332,-0.00037072,0.21193321570584922,0.00017264,1,1.0
804,1.0211916820944031,1.6869835258203072,-0.00033195,2.387138367997413,2.9709305229720875,92.03672915105872,-0.21789562370390278,3.2243034392876595,-0.04593960525765017,-68.92919250104241,0.14951036861664863,54.150726128915025,0.3196625855594684,27.992744327393478,-0.03635708494780777,0.2857662161470337,-0.00037072,1.9668699672184338,0.00017264,0,1.0
805,0.36108893690075183,0.8577438399252448,-0.00033195,2.387138367997413,2.9709305229720875,-33.88251523279845,-0.21789562370390278,-4.870299838829706,-0.04593960525765017,-58.35713798306013,0.14951036861664863,90.87174333282157,0.3196625855594684,56.52466402015051,-0.03635708494780777,-0.07242391481691257,-0.00037072,0.8616309965228138,0.00017264,1,1.0
806,0.08378322512005487,0.33447934145771074,-0.00033195,2.387138367997413,2.9709305229720875,26.114800875144716,-0.21789562370390278,10.627864431492476,-0.04593960525765017,-10.242592935200106,0.14951036861664863,-31.975546135699048,0.3196625855594684,-11.749361332374502,-0.03635708494780777,-0.32678105276649116,-0.00037072,0.3333665740487699,0.00017264,1,1.0
807,0.6741625446414168,4.761764602345288,-0.00033195,2.387138367997413,2.9709305229720875,3.450992219094143,-0.21789562370390278,33.99153620755918,-0.04593960525765017,-44.92422049349544,0.14951036861664863,-87.48824896796205,0.3196625855594684,8.482022656682393,-0.03635708494780777,-1.314917403348583,-0.00037072,1.147597728106479,0.00017264,1,1.0
808,1.013086130568936,0.4225660482312505,-0.00033195,2.387138367997413,2.9709305229720875,54.08676027451375,-0.21789562370390278,17.400246436049308,-0.04593960525765017,-90.30861675376357,0.14951036861664863,-17.083793333831174,0.3196625855594684,52.37591102098951,-0.03635708494780777,0.32904905105227783,-0.00037072,0.6256021715602584,0.00017264,0,1.0
809,-0.4967604667582439,2.565030118961732,-0.00033195,2.387138367997413,2.9709305229720875,96.08454883854769,-0.21789562370390278,20.463984087885635,-0.04593960525765017,-65.08706976616037,0.14951036861664863,94.46899367290085,0.3196625855594684,-61.70542803213583,-0.03635708494780777,-0.056734582225510644,-0.00037072,1.640264094804854,0.00017264,1,1.0
810,0.32905725486112836,0.16949270738301295,-0.00033195,2.387138367997413,2.9709305229720875,73.29210384082134,-0.21789562370390278,14.639684820932269,-0.04593960525765017,-67.52968725957703,0.14951036861664863,1.3855967768501118,0.3196625855594684,9.001641162509486,-0.03635708494780777,0.32247441105611446,-0.00037072,0.4613484363861093,0.00017264,0,1.0
811,-0.20612396557757595,9.056866291707292,-0.00033195,2.387138367997413,2.9709305229720875,99.675424797669,-0.21789562370390278,50.36530005108821,-0.04593960525765017,-85.44760210038095,0.14951036861664863,-68.70147328194774,0.3196625855594684,-52.72251552752454,-0.03635708494780777,-1.6762307689349905,-0.00037072,1.6862600483411334,0.00017264,1,1.0
812,0.4131772224519824,0.029464081303425226,-0.00033195,2.387138367997413,2.9709305229720875,-75.05937056897086,-0.21789562370390278,5.721395678295119,-0.04593960525765017,-93.82592264945765,0.14951036861664863,65.75995192271303,0.3196625855594684,89.91736000874228,-0.03635708494780777,-0.09752378255954462,-0.00037072,0.09840282894586637,0.00017264,1,1.0
813,0.24985529707760468,0.10222535205819099,-0.00033195,2.387138367997413,2.9709305229720875,72.64854231058305,-0.21789562370390278,16.096242405916236,-0.04593960525765017,-86.64029060376431,0.14951036861664863,30.12623395571027,0.3196625855594684,12.723731045218,-0.03635708494780777,0.45066945428779814,-0.00037072,0.5187738508398855,0.00017264,0,1.0
814,0.9861437732884502,0.40943172854250015,-0.00033195,2.387138367997413,2.9709305229720875,-63.53579855742531,-0.21789562370390278,8.774548816798589,-0.04593960525765017,-31.839998601884343,0.14951036861664863,-32.24628743767086,0.3196625855594684,66.53217396066407,-0.03635708494780777,-0.30253598302989954,-0.00037072,0.24217029230100656,0.00017264,1,1.0
815,0.1147570440045147,0.258862078570194,-0.00033195,2.387138367997413,2.9709305229720875,32.88308151884429,-0.21789562370390278,0.9375632173716124,-0.04593960525765017,-17.576265909093927,0.14951036861664863,4.537034003028306,0.3196625855594684,2.729627931884508,-0.03635708494780777,-0.02441001701783377,-0.00037072,0.3901084281606909,0.00017264,1,1.0
816,0.5514482414031012,0.3322938942166269,-0.00033195,2.387138367997413,2.9709305229720875,59.696688921960565,-0.21789562370390278,7.298069729405682,-0.04593960525765017,-11.840560204800937,0.14951036861664863,-63.40435928699944,0.3196625855594684,4.673253032845534,-0.03635708494780777,-0.11338887286509214,-0.00037072,0.4131276637946556,0.00017264,1,1.0
817,1.097401618438969,1.793351263428158,-0.00033195,2.387138367997413,2.9709305229720875,85.89732646726077,-0.21789562370390278,5.51852503828129,-0.04593960525765017,-41.71429469828126,0.14951036861664863,46.91836524457068,0.3196625855594684,4.9675461030936825,-0.03635708494780777,0.40391438870829166,-0.00037072,2.065530394674351,0.00017264,0,1.0
818,0.19666217392802432,0.4967175112190237,-0.00033195,2.387138367997413,2.9709305229720875,99.12630223016859,-0.21789562370390278,21.425755373493324,-0.04593960525765017,-57.543006695162894,0.14951036861664863,-49.9014263674818,0.3196625855594684,-11.809653193013277,-0.03635708494780777,-0.21277771430408482,-0.00037072,0.574247795189323,0.00017264,1,1.0
819,0.655562111837253,0.788224860151919,-0.00033195,2.387138367997413,2.9709305229720875,57.804512809460135,-0.21789562370390278,24.2467078475952,-0.04593960525765017,-67.15229523624706,0.14951036861664863,-81.38004548271441,0.3196625855594684,26.568534290821514,-0.03635708494780777,-0.5836205739285233,-0.00037072,0.5847775084396628,0.00017264,1,1.0
820,0.2952139571487775,2.954082336002147,-0.00033195,2.387138367997413,2.9709305229720875,12.741736918243236,-0.21789562370390278,25.048672439414982,-0.04593960525765017,-25.10274778210065,0.14951036861664863,-58.20781431707451,0.3196625855594684,-11.380271644598704,-0.03635708494780777,-1.0101661924538692,-0.00037072,0.9203166744365716,0.00017264,1,1.0
821,0.18236545810471194,0.17967002967248122,-0.00033195,2.387138367997413,2.9709305229720875,-16.43799820147501,-0.21789562370390278,3.4546411813594675,-0.04593960525765017,-69.28501657973676,0.14951036861664863,56.24748989261701,0.3196625855594684,48.20187127480264,-0.03635708494780777,0.04418074305459829,-0.00037072,0.2808009838122766,0.00017264,0,1.0
822,0.024716891682993847,0.050310800225339854,-0.00033195,2.387138367997413,2.9709305229720875,71.11845791985579,-0.21789562370390278,12.902511355478959,-0.04593960525765017,-89.62598775602609,0.14951036861664863,58.70380677186283,0.3196625855594684,8.894161499248646,-0.03635708494780777,0.4311419102019033,-0.00037072,0.5946576910075155,0.00017264,0,1.0
823,1.3802208509068528,0.7716434201660405,-0.00033195,2.387138367997413,2.9709305229720875,6.504542689977921,-0.21789562370390278,21.802683489634276,-0.04593960525765017,-94.47797212201215,0.14951036861664863,-82.91623181985793,0.3196625855594684,93.05277553464626,-0.03635708494780777,-0.554456365410164,-0.00037072,0.5661180196890498,0.00017264,1,1.0
824,0.021662185019885927,0.36167451893720987,-0.00033195,2.387138367997413,2.9709305229720875,62.75490567922954,-0.21789562370390278,16.988922157207607,-0.04593960525765017,-61.37885493913119,0.14951036861664863,-13.224973412578134,0.3196625855594684,-0.3991697930242368,-0.03635708494780777,-0.21449881233810325,-0.00037072,0.4459641247199632,0.00017264,1,1.0
825,0.1022636946725049,0.14822529105191215,-0.00033195,2.387138367997413,2.9709305229720875,-26.874809387412803,-0.21789562370390278,5.8922579195009135,-0.04593960525765017,-33.54272624114713,0.14951036861664863,21.423841310468447,0.3196625855594684,23.49031932965743,-0.03635708494780777,-0.2326287612206765,-0.00037072,0.23378273755689166,0.00017264,1,1.0
826,0.7656225156590281,0.20839972185644798,-0.00033195,2.387138367997413,2.9709305229720875,-58.108245058368304,-0.21789562370390278,5.264149288326166,-0.04593960525765017,-80.70486052557939,0.14951036861664863,20.53763220903189,0.3196625855594684,94.6978439825794,-0.03635708494780777,-0.233622745322466,-0.00037072,0.23447046333001756,0.00017264,1,1.0
827,0.6019174025742491,0.6615609487132121,-0.00033195,2.387138367997413,2.9709305229720875,67.10646427034004,-0.21789562370390278,2.686055903439086,-0.04593960525765017,-10.045522396223038,0.14951036861664863,-17.80695276805236,0.3196625855594684,-2.4206860754391517,-0.03635708494780777,0.1444273326041962,-0.00037072,0.8673647732671781,0.00017264,0,1.0
828,1.0006527178595388,0.20421100185540095,-0.00033195,2.387138367997413,2.9709305229720875,-33.910270753656505,-0.21789562370390278,9.277504780052782,-0.04593960525765017,-41.28708360224452,0.14951036861664863,-42.976219122675225,0.3196625855594684,66.37807311827957,-0.03635708494780777,-0.19997263772538817,-0.00037072,0.202156204840202,0.00017264,1,1.0
829,-0.3484315708056333,1.5901105770715391,-0.00033195,2.387138367997413,2.9709305229720875,-35.37727499307788,-0.21789562370390278,-4.770232835642393,-0.04593960525765017,-0.38674295507650996,0.14951036861664863,97.49939930429274,0.3196625855594684,-13.769051368557543,-0.03635708494780777,-0.2968990946968303,-0.00037072,0.897749615721897,0.00017264,1,1.0
830,0.2315560343635205,0.081962840722376,-0.00033195,2.387138367997413,2.9709305229720875,37.116069436283745,-0.21789562370390278,6.937543724497551,-0.04593960525765017,-7.196869058654392,0.14951036861664863,-47.25288771005516,0.3196625855594684,-2.6311061862551233,-0.03635708494780777,-0.19704981306588124,-0.00037072,0.19670322843477686,0.00017264,1,1.0
831,0.26425652101759234,2.7020493321836447,-0.00033195,2.387138367997413,2.9709305229720875,-80.62535820641149,-0.21789562370390278,11.067085608589938,-0.04593960525765017,-0.625934450600747,0.14951036861664863,-46.244624090026186,0.3196625855594684,27.319350629678475,-0.03635708494780777,-1.234337891368655,-0.00037072,0.32855074386762506,0.00017264,1,1.0
832,-0.007624198885043398,3.0401789206075973,-0.00033195,2.387138367997413,2.9709305229720875,24.98020443973097,-0.21789562370390278,26.65764116728121,-0.04593960525765017,-82.11337128307939,0.14951036861664863,56.41931290835565,0.3196625855594684,-10.018833545339177,-0.03635708494780777,-0.5562611520997597,-0.00037072,1.4431929745902883,0.00017264,1,1.0
833,0.45034894745715737,0.7712761654865586,-0.00033195,2.387138367997413,2.9709305229720875,-90.102271430284,-0.21789562370390278,6.531863796114548,-0.04593960525765017,-35.183755291787364,0.14951036861664863,32.82312108442582,0.3196625855594684,52.07744278800572,-0.03635708494780777,-0.5267571562418094,-0.00037072,0.4915186721345725,0.00017264,1,1.0
834,0.0978137556937364,4.278747350046126,-0.00033195,2.387138367997413,2.9709305229720875,21.194405848698228,-0.21789562370390278,31.052813457886987,-0.04593960525765017,-47.77113470134082,0.14951036861664863,-37.09273483940042,0.3196625855594684,-18.09312816228401,-0.03635708494780777,-1.187143979284457,-0.00037072,1.1895363915017225,0.00017264,1,1.0
835,0.8825887678195518,0.46782464796955336,-0.00033195,2.387138367997413,2.9709305229720875,52.891333769622825,-0.21789562370390278,16.208553886068263,-0.04593960525765017,-39.53012682196076,0.14951036861664863,-94.56566995402022,0.3196625855594684,30.16810539473302,-0.03635708494780777,-0.37480111996600285,-0.00037072,0.46742991155850766,0.00017264,1,1.0
836,0.6149904867513291,0.12644164099536598,-0.00033195,2.387138367997413,2.9709305229720875,19.38988291446136,-0.21789562370390278,7.370384413568525,-0.04593960525765017,-3.1895359655070568,0.14951036861664863,-68.10063005072739,0.3196625855594684,14.809823200601727,-0.03635708494780777,-0.1927085837846832,-0.00037072,0.19617403909724346,0.00017264,1,1.0
837,1.1150578341770438,0.8892380553943899,-0.00033195,2.387138367997413,2.9709305229720875,38.854690609319746,-0.21789562370390278,5.420023476809369,-0.04593960525765017,-26.76059933476436,0.14951036861664863,-46.96627881290057,0.3196625855594684,38.180456077636315,-0.03635708494780777,0.06008257659560218,-0.00037072,0.7430286416038407,0.00017264,0,1.0
838,0.7324771868997836,0.2947973493598127,-0.00033195,2.387138367997413,2.9709305229720875,-41.544995289809016,-0.21789562370390278,-0.5214093187275417,-0.04593960525765017,-31.0614591512174,0.14951036861664863,-7.664755922435293,0.3196625855594684,64.08877811509653,-0.03635708494780777,-0.2322734198846619,-0.00037072,0.2609135245338585,0.00017264,1,1.0
839,0.31177466868962767,0.38939929971922643,-0.00033195,2.387138367997413,2.9709305229720875,-0.7192058654201418,-0.21789562370390278,2.7884528266695896,-0.04593960525765017,-70.99596713286093,0.14951036861664863,63.203237132125395,0.3196625855594684,46.20172319060571,-0.03635708494780777,0.09401582970183553,-0.00037072,0.5960946493708216,0.00017264,0,1.0
840,1.0390778342077984,2.24716598742988,-0.00033195,2.387138367997413,2.9709305229720875,92.527180127257,-0.21789562370390278,-0.16309853761662269,-0.04593960525765017,-63.16440617253141,0.14951036861664863,76.3909341915825,0.3196625855594684,23.59961644376738,-0.03635708494780777,0.25992604006293707,-0.00037072,2.322742788498689,0.00017264,0,1.0
841,-0.00935143614474776,0.7014236607774302,-0.00033195,2.387138367997413,2.9709305229720875,-24.35552026498026,-0.21789562370390278,4.614086199757353,-0.04593960525765017,-12.762991293950044,0.14951036861664863,38.66639574923082,0.3196625855594684,-1.1731753255321684,-0.03635708494780777,-0.3051496681124684,-0.00037072,0.617537617499168,0.00017264,1,1.0
842,0.0013169025258825129,0.02264501757845787,-0.00033195,2.387138367997413,2.9709305229720875,-61.867984259202665,-0.21789562370390278,3.45126290229752,-0.04593960525765017,-89.07220857000874,0.14951036861664863,89.51286138449679,0.3196625855594684,68.71273938734619,-0.03635708494780777,-0.0480556913951728,-0.00037072,0.05273319571821667,0.00017264,1,1.0
843,1.568845639781788,1.5027455157969165,-0.00033195,2.387138367997413,2.9709305229720875,3.3937923256315243,-0.21789562370390278,7.1303022554675275,-0.04593960525765017,-12.731805620900595,0.14951036861664863,-29.81475963341221,0.3196625855594684,40.75302121653949,-0.03635708494780777,0.24399801632695528,-0.00037072,1.1508867424425042,0.00017264,0,1.0
844,2.075959660757054,2.490616607780087,-0.00033195,2.387138367997413,2.9709305229720875,79.92128183881995,-0.21789562370390278,12.705992725226318,-0.04593960525765017,-99.40683678914738,0.14951036861664863,-29.10575047461487,0.3196625855594684,89.48573579191722,-0.03635708494780777,0.29072114320697906,-0.00037072,1.7404160377339974,0.00017264,0,1.0
845,7.063182199829043e-05,0.9908377686401615,-0.00033195,2.387138367997413,2.9709305229720875,90.63147439513008,-0.21789562370390278,21.808216265979983,-0.04593960525765017,-68.26367938476787,0.14951036861664863,50.3625272394604,0.3196625855594684,-34.700733880324755,-0.03635708494780777,0.08608019603174544,-0.00037072,1.3573830748619562,0.00017264,0,1.0
846,-0.05966860030999799,5.074298279722958,-0.00033195,2.387138367997413,2.9709305229720875,-24.458799240033695,-0.21789562370390278,25.01797504696621,-0.04593960525765017,-33.30486672051914,0.14951036861664863,5.8942093607553705,0.3196625855594684,-17.675785993662647,-0.03635708494780777,-1.2716844303435615,-0.00037072,1.2999162051943614,0.00017264,1,1.0
847,0.47228982731140556,0.20564103384675986,-0.00033195,2.387138367997413,2.9709305229720875,-22.387680665383673,-0.21789562370390278,9.057605217385257,-0.04593960525765017,-99.97787959079281,0.14951036861664863,48.271759870756924,0.3196625855594684,75.18059825575007,-0.03635708494780777,0.011723263920947469,-0.00037072,0.30971919694061656,0.00017264,0,1.0
848,1.73974132985489,7.658481750327809,-0.00033195,2.387138367997413,2.9709305229720875,90.33242705411757,-0.21789562370390278,33.31058018358006,-0.04593960525765017,-54.253572153118824,0.14951036861664863,64.54019650117861,0.3196625855594684,-35.145183370635756,-0.03635708494780777,0.06644077660080683,-0.00037072,3.9099398192043457,0.00017264,0,1.0
849,-0.6281010191856071,3.4948615351827064,-0.00033195,2.387138367997413,2.9709305229720875,17.60285525111231,-0.21789562370390278,16.09127593867683,-0.04593960525765017,-26.29066848699454,0.14951036861664863,34.26226130991918,0.3196625855594684,-42.576729082868845,-0.03635708494780777,-0.8025884833783514,-0.00037072,0.8745211441407137,0.00017264,1,1.0
850,2.2040531493864597,1.441889414507349,-0.00033195,2.387138367997413,2.9709305229720875,-2.7069478146721764,-0.21789562370390278,19.111991688534726,-0.04593960525765017,-48.577466500904514,0.14951036861664863,-99.82103186486226,0.3196625855594684,85.58998291791566,-0.03635708494780777,0.3657632007970306,-0.00037072,0.5927391901459322,0.00017264,0,1.0
851,1.2832023737933596,0.3901264886632071,-0.00033195,2.387138367997413,2.9709305229720875,-34.173344666902366,-0.21789562370390278,14.374564565693065,-0.04593960525765017,-66.67071942034272,0.14951036861664863,-56.54682798995203,0.3196625855594684,89.0596154953244,-0.03635708494780777,-0.32977571377762593,-0.00037072,0.32843972848827596,0.00017264,1,1.0
852,0.08527755072173093,0.11740148799551406,-0.00033195,2.387138367997413,2.9709305229720875,-0.8628647790265894,-0.21789562370390278,9.313867274323952,-0.04593960525765017,-76.9308084647173,0.14951036861664863,32.75230675107563,0.3196625855594684,41.476196009944104,-0.03635708494780777,-0.16011813325773253,-0.00037072,0.23478248715037178,0.00017264,1,1.0
853,1.7651156202608196,4.358657241129467,-0.00033195,2.387138367997413,2.9709305229720875,60.10233774276288,-0.21789562370390278,-2.5339023961247102,-0.04593960525765017,-86.7688857028152,0.14951036861664863,95.68172307809188,0.3196625855594684,73.25243818393132,-0.03635708494780777,0.2283161826966733,-0.00037072,2.88428507302695,0.00017264,0,1.0
854,-0.00028769099205178117,0.06564961456386663,-0.00033195,2.387138367997413,2.9709305229720875,-3.4938753057096155,-0.21789562370390278,3.8894307466580518,-0.04593960525765017,-26.53854296319576,0.14951036861664863,19.31330944932782,0.3196625855594684,10.944140469571806,-0.03635708494780777,-0.044214650724773735,-0.00037072,0.1387686770609802,0.00017264,1,1.0
855,0.7456347110565609,0.3799396786060711,-0.00033195,2.387138367997413,2.9709305229720875,40.05283934641693,-0.21789562370390278,15.457343429948091,-0.04593960525765017,-46.29239546569872,0.14951036861664863,-75.51213349509884,0.3196625855594684,33.69005534694029,-0.03635708494780777,-0.3989159385838351,-0.00037072,0.41958609697998905,0.00017264,1,1.0
856,1.581424852072936,0.7171495194568507,-0.00033195,2.387138367997413,2.9709305229720875,-50.97067282085651,-0.21789562370390278,18.764468484019144,-0.04593960525765017,-66.0222844483729,0.14951036861664863,-75.22098166572056,0.3196625855594684,98.03658012209338,-0.03635708494780777,-0.42169243834323517,-0.00037072,0.4240089723154385,0.00017264,1,1.0
857,0.8963723179900832,0.4083711530197849,-0.00033195,2.387138367997413,2.9709305229720875,-35.67167192408162,-0.21789562370390278,-0.3541114221766308,-0.04593960525765017,-22.734003168115553,0.14951036861664863,-30.587991432301624,0.3196625855594684,64.82954248115385,-0.03635708494780777,-0.29794235285554344,-0.00037072,0.3081887228532431,0.00017264,1,1.0
858,0.0006292894327246668,0.1608108203343461,-0.00033195,2.387138367997413,2.9709305229720875,24.171215390167813,-0.21789562370390278,8.499298163451867,-0.04593960525765017,-86.3667499869889,0.14951036861664863,88.83154616247974,0.3196625855594684,23.36721734941911,-0.03635708494780777,0.2660497951924956,-0.00037072,0.6686057940337129,0.00017264,0,1.0
859,1.0802932002887133,0.5261081267885037,-0.00033195,2.387138367997413,2.9709305229720875,-69.75251225213518,-0.21789562370390278,17.183329496277405,-0.04593960525765017,-93.01470481926712,0.14951036861664863,-5.988391276299694,0.3196625855594684,100.0,-0.03635708494780777,-0.41778557517504966,-0.00037072,0.41917975147084485,0.00017264,1,1.0
860,-0.0006556791966182418,0.14421305242940308,-0.00033195,2.387138367997413,2.9709305229720875,51.198737582102574,-0.21789562370390278,7.757060664232651,-0.04593960525765017,-44.21898360527644,0.14951036861664863,26.470050968011098,0.3196625855594684,-4.18862337953683,-0.03635708494780777,0.26134949092728443,-0.00037072,0.37494102760190196,0.00017264,0,1.0
861,0.006818019449278234,0.19544180562780528,-0.00033195,2.387138367997413,2.9709305229720875,31.296170722008178,-0.21789562370390278,2.958795065485639,-0.04593960525765017,-35.91013497500149,0.14951036861664863,30.418964344233096,0.3196625855594684,5.088459353947602,-0.03635708494780777,0.10230406280159926,-0.00037072,0.38511936047698736,0.00017264,0,1.0
862,0.290458422509426,0.7646650416999796,-0.00033195,2.387138367997413,2.9709305229720875,16.25736142103622,-0.21789562370390278,20.921314613982734,-0.04593960525765017,-76.54996688396872,0.14951036861664863,-16.301547053606548,0.3196625855594684,29.491931766163752,-0.03635708494780777,-0.5397487718067158,-0.00037072,0.539286584015298,0.00017264,1,1.0
863,1.213864538853479,0.6727184154777384,-0.00033195,2.387138367997413,2.9709305229720875,-1.210237366717984,-0.21789562370390278,7.348466046046115,-0.04593960525765017,-37.72831602077102,0.14951036861664863,-78.18346143496254,0.3196625855594684,70.67107293542851,-0.03635708494780777,-0.4354943788703439,-0.00037072,0.458077035143836,0.00017264,1,1.0
864,0.5890355099770908,0.06238242983854497,-0.00033195,2.387138367997413,2.9709305229720875,-75.53564555768685,-0.21789562370390278,5.578796497554071,-0.04593960525765017,-69.09244498359077,0.14951036861664863,37.62174233888272,0.3196625855594684,80.85414390396264,-0.03635708494780777,-0.12181012256292742,-0.00037072,0.12296973777490602,0.00017264,1,1.0
865,0.27837253201094103,0.45616726946706954,-0.00033195,2.387138367997413,2.9709305229720875,-53.862745656398964,-0.21789562370390278,9.049126405787936,-0.04593960525765017,-48.59021406145338,0.14951036861664863,29.03311333489347,0.3196625855594684,42.20134906404347,-0.03635708494780777,-0.40586274210397216,-0.00037072,0.39531831429807957,0.00017264,1,1.0
866,1.3474304737392022,0.9393481540015133,-0.00033195,2.387138367997413,2.9709305229720875,-82.48200419865125,-0.21789562370390278,11.924349147179258,-0.04593960525765017,-22.48476950866068,0.14951036861664863,-56.86999806562988,0.3196625855594684,74.44244486355983,-0.03635708494780777,-0.4797941588627098,-0.00037072,0.4382905197016872,0.00017264,1,1.0
867,0.19738644021107432,0.4801863384404057,-0.00033195,2.387138367997413,2.9709305229720875,-37.544340584042175,-0.21789562370390278,-1.8324909144288193,-0.04593960525765017,-76.24860557323166,0.14951036861664863,88.8675724877109,0.3196625855594684,64.19378440198975,-0.03635708494780777,-0.08441669198754559,-0.00037072,0.5300190437664227,0.00017264,1,1.0
868,0.08346893345438211,0.24271130554095252,-0.00033195,2.387138367997413,2.9709305229720875,94.23882150990119,-0.21789562370390278,14.683586708580131,-0.04593960525765017,-32.654100304587644,0.14951036861664863,-40.518723516813786,0.3196625855594684,-23.3491192599116,-0.03635708494780777,-0.018021593425500693,-0.00037072,0.4235074660999384,0.00017264,1,1.0
869,0.0004160256977839838,0.0714260204867654,-0.00033195,2.387138367997413,2.9709305229720875,-5.095333724555968,-0.21789562370390278,6.051502882234107,-0.04593960525765017,-60.95704955594039,0.14951036861664863,38.996468922457524,0.3196625855594684,31.849007872019083,-0.03635708494780777,-0.048788643433681333,-0.00037072,0.1538973277796492,0.00017264,1,1.0
870,1.5966159057903782,5.675389092993625,-0.00033195,2.387138367997413,2.9709305229720875,-4.807446898227405,-0.21789562370390278,-16.202052139645208,-0.04593960525765017,-18.951951283459657,0.14951036861664863,60.5960531479043,0.3196625855594684,72.7087221002903,-0.03635708494780777,-0.26518462402315257,-0.00037072,2.38204198570563,0.00017264,1,1.0
871,0.1512890989603375,0.11584117701821585,-0.00033195,2.387138367997413,2.9709305229720875,-17.389980803740226,-0.21789562370390278,9.674385619884795,-0.04593960525765017,-90.48109233482212,0.14951036861664863,42.62783927332663,0.3196625855594684,57.629000829218505,-0.03635708494780777,-0.20886114986632662,-0.00037072,0.23291241216012068,0.00017264,1,1.0
872,0.5909748215368684,0.04557846237972743,-0.00033195,2.387138367997413,2.9709305229720875,-85.23280700808175,-0.21789562370390278,5.4864418709648834,-0.04593960525765017,-91.78022624809734,0.14951036861664863,57.770579513314765,0.3196625855594684,98.99631481147073,-0.03635708494780777,-0.0875099904884747,-0.00037072,0.08873860043767796,0.00017264,1,1.0
873,0.0035471316117235974,0.13153520147996528,-0.00033195,2.387138367997413,2.9709305229720875,86.83688916868444,-0.21789562370390278,9.690842599042089,-0.04593960525765017,-31.102969489489258,0.14951036861664863,1.2553106753211076,0.3196625855594684,-25.759214867078384,-0.03635708494780777,0.3377237269275126,-0.00037072,0.4278674165034735,0.00017264,0,1.0
874,0.0019711961049453386,0.037181313141621194,-0.00033195,2.387138367997413,2.9709305229720875,89.53932144434698,-0.21789562370390278,14.952328200668145,-0.04593960525765017,-85.48626987129059,0.14951036861664863,41.56214678832032,0.3196625855594684,-1.4825997901188406,-0.03635708494780777,0.481789672787287,-0.00037072,0.5213886273619883,0.00017264,0,1.0
875,0.8911059101762798,0.24101682037460226,-0.00033195,2.387138367997413,2.9709305229720875,-67.5243831965497,-0.21789562370390278,10.194431944925256,-0.04593960525765017,-62.68134578018554,0.14951036861664863,-1.2627640060750827,0.3196625855594684,81.05507492173663,-0.03635708494780777,-0.2510400229149826,-0.00037072,0.2533874525570302,0.00017264,1,1.0
876,0.7298542854611316,0.3526750918248701,-0.00033195,2.387138367997413,2.9709305229720875,97.87043747395418,-0.21789562370390278,14.502350894092887,-0.04593960525765017,-59.88988317885573,0.14951036861664863,-28.16351356142477,0.3196625855594684,11.554482533818978,-0.03635708494780777,0.3481653150036216,-0.00037072,0.7488948279669391,0.00017264,0,1.0
877,0.47403910623694523,0.19240634283710706,-0.00033195,2.387138367997413,2.9709305229720875,11.27761276027955,-0.21789562370390278,12.222918906846846,-0.04593960525765017,-59.17632644317355,0.14951036861664863,-23.791804498248272,0.3196625855594684,40.976248509562474,-0.03635708494780777,-0.2873202540113467,-0.00037072,0.3057857053594986,0.00017264,1,1.0
878,0.011488324409188788,1.2852824755591716,-0.00033195,2.387138367997413,2.9709305229720875,99.55180880036517,-0.21789562370390278,20.9856664331142,-0.04593960525765017,-0.6344753670437422,0.14951036861664863,-69.60405107740414,0.3196625855594684,-60.44744104815766,-0.03635708494780777,-0.40336829423936893,-0.00037072,0.7758152379049214,0.00017264,1,1.0
879,0.7929215601881798,0.7671301564208127,-0.00033195,2.387138367997413,2.9709305229720875,12.133008730732449,-0.21789562370390278,18.268790670500362,-0.04593960525765017,-24.95367776565231,0.14951036861664863,-79.80758776931889,0.3196625855594684,21.43807793870788,-0.03635708494780777,-0.49644064483086164,-0.00037072,0.49820666196782853,0.00017264,1,1.0
880,0.8783051433745853,0.8598503890425178,-0.00033195,2.387138367997413,2.9709305229720875,-42.139474692435385,-0.21789562370390278,-0.6129085092627473,-0.04593960525765017,-63.300956913803425,0.14951036861664863,16.81398075028492,0.3196625855594684,89.44877099637259,-0.03635708494780777,-0.3056513389918939,-0.00037072,0.5587452564557132,0.00017264,1,1.0
881,0.005131209086310484,0.12032916369483837,-0.00033195,2.387138367997413,2.9709305229720875,52.782846352593374,-0.21789562370390278,10.383710297988989,-0.04593960525765017,-69.72062339975908,0.14951036861664863,42.85324708560974,0.3196625855594684,7.648183818349496,-0.03635708494780777,0.3348203117328636,-0.00037072,0.38967986638307234,0.00017264,0,1.0
882,0.9510018598520436,0.8560807470041328,-0.00033195,2.387138367997413,2.9709305229720875,44.97354384712263,-0.21789562370390278,4.500887981572083,-0.04593960525765017,-31.940443051749885,0.14951036861664863,-9.67610469228378,0.3196625855594684,27.385355972454953,-0.03635708494780777,0.20059535346719926,-0.00037072,0.9562795169455401,0.00017264,0,1.0
883,0.0002647789930703137,0.3782087340882142,-0.00033195,2.387138367997413,2.9709305229720875,95.4132026862475,-0.21789562370390278,11.16521767879391,-0.04593960525765017,-49.73943742982563,0.14951036861664863,76.10473453413503,0.3196625855594684,-38.08964252565554,-0.03635708494780777,0.3173903699793742,-0.00037072,1.486747666208795,0.00017264,0,1.0
884,0.007967544145166539,7.027959090246409,-0.00033195,2.387138367997413,2.9709305229720875,19.752016688692184,-0.21789562370390278,34.75142928005224,-0.04593960525765017,-28.63116680750339,0.14951036861664863,-71.2609028306861,0.3196625855594684,-34.42520650753576,-0.03635708494780777,-1.6466627937177842,-0.00037072,1.28569139690333,0.00017264,1,1.0
885,0.416101181248538,4.867130447978644,-0.00033195,2.387138367997413,2.9709305229720875,-51.94087262266056,-0.21789562370390278,25.541369412090845,-0.04593960525765017,-33.18855610389049,0.14951036861664863,-79.58818924042696,0.3196625855594684,28.394371267330694,-0.03635708494780777,-1.6396229612454207,-0.00037072,0.7023615536146011,0.00017264,1,1.0
886,1.9699245038495559,4.583064425188942,-0.00033195,2.387138367997413,2.9709305229720875,79.92168603341794,-0.21789562370390278,-2.8711139020912797,-0.04593960525765017,-38.44403082045233,0.14951036861664863,22.358892541677704,0.3196625855594684,50.15117426002447,-0.03635708494780777,0.19145953354658474,-0.00037072,2.690193122346601,0.00017264,0,1.0
887,0.6681918785739503,0.2845655210928148,-0.00033195,2.387138367997413,2.9709305229720875,95.17732319764734,-0.21789562370390278,15.552329115004264,-0.04593960525765017,-72.84175155724387,0.14951036861664863,-13.833313018699,0.3196625855594684,16.155761837758835,-0.03635708494780777,0.38158349416320103,-0.00037072,0.7369486225400974,0.00017264,0,1.0
888,-7.928149006913854e-05,0.1394460813582116,-0.00033195,2.387138367997413,2.9709305229720875,-41.056998672589444,-0.21789562370390278,2.2017963975933816,-0.04593960525765017,-70.17120249256594,0.14951036861664863,87.01661341812479,0.3196625855594684,47.34955758348607,-0.03635708494780777,0.03470578215656482,-0.00037072,0.2707492285992472,0.00017264,0,1.0
889,0.514382102261306,0.39563601282975686,-0.00033195,2.387138367997413,2.9709305229720875,85.96050947412076,-0.21789562370390278,7.389478441805706,-0.04593960525765017,-26.85905370983906,0.14951036861664863,-9.853528624165213,0.3196625855594684,-8.950696446476204,-0.03635708494780777,0.3063251561790084,-0.00037072,0.8504298846679885,0.00017264,0,1.0
890,0.3290189540593642,1.878946023238151,-0.00033195,2.387138367997413,2.9709305229720875,-90.43360951712238,-0.21789562370390278,16.9577096417765,-0.04593960525765017,-85.03409301184404,0.14951036861664863,42.85436388922595,0.3196625855594684,68.69915478886361,-0.03635708494780777,-0.8753289168616002,-0.00037072,0.6226757115668492,0.00017264,1,1.0
891,-0.02429401460856151,0.8861771827572621,-0.00033195,2.387138367997413,2.9709305229720875,-52.8103908734928,-0.21789562370390278,11.130106524229022,-0.04593960525765017,-63.95289508585087,0.14951036861664863,61.646771193559594,0.3196625855594684,34.16970904529179,-0.03635708494780777,-0.5221714738452856,-0.00037072,0.5663118733210413,0.00017264,1,1.0
892,-0.3401657270626184,4.101734577495856,-0.00033195,2.387138367997413,2.9709305229720875,-61.882099949309506,-0.21789562370390278,16.048409915932563,-0.04593960525765017,-45.22513640288364,0.14951036861664863,69.61050725618922,0.3196625855594684,0.43733193915192586,-0.03635708494780777,-1.0901940636298217,-0.00037072,1.0862140616227043,0.00017264,1,1.0
893,0.6188486702723114,0.44193239731826783,-0.00033195,2.387138367997413,2.9709305229720875,19.769168296148795,-0.21789562370390278,1.6499537227675394,-0.04593960525765017,-13.521053291468549,0.14951036861664863,-32.154677206653574,0.3196625855594684,25.41404239580397,-0.03635708494780777,-0.11523124866179496,-0.00037072,0.4375318745167452,0.00017264,1,1.0
894,1.2010866963684297,1.6589721761085743,-0.00033195,2.387138367997413,2.9709305229720875,-91.60699723725597,-0.21789562370390278,9.077401654589488,-0.04593960525765017,-36.0214941560881,0.14951036861664863,-80.06045925900592,0.3196625855594684,99.65190786502127,-0.03635708494780777,-0.9108375030784907,-0.00037072,0.09565934181972013,0.00017264,1,1.0
895,0.2811764535899002,0.1749007193795221,-0.00033195,2.387138367997413,2.9709305229720875,43.50549009998967,-0.21789562370390278,13.304216452774035,-0.04593960525765017,-78.92643448437812,0.14951036861664863,19.281851629333296,0.3196625855594684,26.73501314274637,-0.03635708494780777,0.18626338440341195,-0.00037072,0.3951645083308525,0.00017264,0,1.0
896,1.4120235904218488,0.6898592140677737,-0.00033195,2.387138367997413,2.9709305229720875,45.34359332039869,-0.21789562370390278,16.849235455377553,-0.04593960525765017,-65.7648643929575,0.14951036861664863,-58.49105813464946,0.3196625855594684,56.708024333145794,-0.03635708494780777,0.3233025491834985,-0.00037072,0.5993596948753601,0.00017264,0,1.0
897,0.027051089053411692,0.05800237066109401,-0.00033195,2.387138367997413,2.9709305229720875,-14.135791388380412,-0.21789562370390278,6.894544690806155,-0.04593960525765017,-57.077922258378386,0.14951036861664863,32.08185140904392,0.3196625855594684,32.674965657408606,-0.03635708494780777,-0.15404347629759693,-0.00037072,0.15591584772027464,0.00017264,1,1.0
898,0.18138039235569176,0.23660435404341862,-0.00033195,2.387138367997413,2.9709305229720875,48.91775915990114,-0.21789562370390278,6.092515080611279,-0.04593960525765017,-48.77852905058283,0.14951036861664863,26.84022391528915,0.3196625855594684,8.483919306746522,-0.03635708494780777,0.20600809681937765,-0.00037072,0.541731004422759,0.00017264,0,1.0
899,1.2529755581480857,1.3856889503556993,-0.00033195,2.387138367997413,2.9709305229720875,30.762479997867338,-0.21789562370390278,3.1465759208651543,-0.04593960525765017,-42.783493401748586,0.14951036861664863,-9.391180598002231,0.3196625855594684,52.35119605724948,-0.03635708494780777,0.1163997782987315,-0.00037072,1.1233637945017665,0.00017264,0,1.0
900,0.005885306619788033,0.20420438547019706,-0.00033195,2.4469845184420502,3.085375171979975,22.068264564489862,-0.21789562370390278,2.0191846829143314,-0.04593960525765017,-38.74820847540069,0.14951036861664863,49.60441324414641,0.3196625855594684,7.911998683219901,-0.03635708494780777,0.09871807601868055,-0.00037072,0.40588546667162195,0.00017264,0,1.0
901,-0.005441529207428852,0.3214806673002759,-0.00033195,2.4469845184420502,3.085375171979975,-46.18784586916664,-0.21789562370390278,-2.2313215377657345,-0.04593960525765017,-19.027572459777023,0.14951036861664863,73.29728061049691,0.3196625855594684,17.31849011444938,-0.03635708494780777,-0.14051740509120278,-0.00037072,0.45561212678470864,0.00017264,1,1.0
902,-0.002759306378113724,0.6506520903030328,-0.00033195,2.4469845184420502,3.085375171979975,75.81081147841364,-0.21789562370390278,18.8073673501788,-0.04593960525765017,-57.13998705420783,0.14951036861664863,28.065722055733616,0.3196625855594684,-25.86184696029933,-0.03635708494780777,0.001194181994503607,-0.00037072,0.8216282808435245,0.00017264,0,1.0
903,0.6625025778231268,0.6354099145329345,-0.00033195,2.4469845184420502,3.085375171979975,-87.80759372245083,-0.21789562370390278,14.63823072336981,-0.04593960525765017,-78.60002787830265,0.14951036861664863,24.250025091458266,0.3196625855594684,80.38471322682278,-0.03635708494780777,-0.46772298862544226,-0.00037072,0.4553948093789545,0.00017264,1,1.0
904,0.6012158385823012,0.7412379845199946,-0.00033195,2.4469845184420502,3.085375171979975,-37.4436979693021,-0.21789562370390278,-2.289188211399311,-0.04593960525765017,-70.88432964675039,0.14951036861664863,66.12521062306423,0.3196625855594684,78.3820123895323,-0.03635708494780777,-0.09752440967495679,-0.00037072,0.6468801618638934,0.00017264,1,1.0
905,1.5745918886974093,3.220243905001869,-0.00033195,2.4469845184420502,3.085375171979975,95.79005134333465,-0.21789562370390278,42.377180518929215,-0.04593960525765017,-82.36512833804358,0.14951036861664863,-71.96306091606367,0.3196625855594684,8.099151509588957,-0.03635708494780777,-0.051086642413308736,-0.00037072,1.7468650298606134,0.00017264,1,1.0
906,0.2518202583547384,0.9660621077965099,-0.00033195,2.4469845184420502,3.085375171979975,-25.83710399983344,-0.21789562370390278,17.62698449920436,-0.04593960525765017,-53.388152781125896,0.14951036861664863,0.4485793427765344,0.3196625855594684,24.99335147640161,-0.03635708494780777,-0.5706915303932204,-0.00037072,0.5656788951331818,0.00017264,1,1.0
907,0.46340920239866834,0.048498799610715945,-0.00033195,2.4469845184420502,3.085375171979975,-32.66741290050711,-0.21789562370390278,6.419745739213285,-0.04593960525765017,-56.257294311640756,0.14951036861664863,5.526427430692848,0.3196625855594684,58.525728313384704,-0.03635708494780777,-0.13046658399590255,-0.00037072,0.13042698011495096,0.00017264,1,1.0
908,0.2956254125497044,4.960394492975577,-0.00033195,2.4469845184420502,3.085375171979975,-85.68240349509213,-0.21789562370390278,28.877611122637436,-0.04593960525765017,-62.497210435130185,0.14951036861664863,-61.11434893879253,0.3196625855594684,49.283698840998035,-0.03635708494780777,-1.6673833796857238,-0.00037072,0.6678386212062573,0.00017264,1,1.0
909,0.5124122576174415,0.17226411277161802,-0.00033195,2.4469845184420502,3.085375171979975,2.404194109116344,-0.21789562370390278,13.758580426063403,-0.04593960525765017,-63.25054638065903,0.14951036861664863,-28.41297176683264,0.3196625855594684,47.07497503410873,-0.03635708494780777,-0.2728113146702191,-0.00037072,0.27742324079075104,0.00017264,1,1.0
910,-0.2595712362657351,1.219031762681803,-0.00033195,2.4469845184420502,3.085375171979975,96.46342228461917,-0.21789562370390278,11.063250668696897,-0.04593960525765017,-17.784160345911523,0.14951036861664863,56.43988438742048,0.3196625855594684,-66.45821044135907,-0.03635708494780777,0.06562557390683776,-0.00037072,1.1280447409591958,0.00017264,0,1.0
911,0.04327642952008104,0.16577165221685347,-0.00033195,2.4469845184420502,3.085375171979975,-17.356015898924902,-0.21789562370390278,6.934543899060152,-0.04593960525765017,-29.126543943612393,0.14951036861664863,15.111726085712485,0.3196625855594684,13.913944231473819,-0.03635708494780777,-0.2383119578662234,-0.00037072,0.2373642557862844,0.00017264,1,1.0
912,0.9964419703915597,0.1790824997065548,-0.00033195,2.4469845184420502,3.085375171979975,-41.85083919153845,-0.21789562370390278,9.702581729528642,-0.04593960525765017,-51.84815181331947,0.14951036861664863,-44.0373866201446,0.3196625855594684,79.0359377118624,-0.03635708494780777,-0.19118073566300678,-0.00037072,0.19127005055686355,0.00017264,1,1.0
913,0.0745827028983288,0.41327578895028383,-0.00033195,2.4469845184420502,3.085375171979975,85.59772745444005,-0.21789562370390278,19.51101427431406,-0.04593960525765017,-50.938176565925794,0.14951036861664863,-54.933488657080225,0.3196625855594684,-10.500381540562637,-0.03635708494780777,-0.35925594437310127,-0.00037072,0.4284272681183211,0.00017264,1,1.0
914,-0.00786297492638921,1.4568319029701118,-0.00033195,2.4469845184420502,3.085375171979975,99.56654270843138,-0.21789562370390278,29.32576064204707,-0.04593960525765017,-61.413852346590225,0.14951036861664863,-40.57567889584801,0.3196625855594684,-33.94383173188134,-0.03635708494780777,-0.4682268986482415,-0.00037072,0.8252605199788604,0.00017264,1,1.0
915,0.0018264408678401178,0.1494124769090655,-0.00033195,2.4469845184420502,3.085375171979975,51.427100398103796,-0.21789562370390278,8.146249762759348,-0.04593960525765017,-0.0009057919433127018,0.14951036861664863,-34.43022869678562,0.3196625855594684,-26.482082954626822,-0.03635708494780777,-0.08814792840037516,-0.00037072,0.2290007692499228,0.00017264,1,1.0
916,0.721916454932789,0.1379361959365434,-0.00033195,2.4469845184420502,3.085375171979975,-45.59758741493597,-0.21789562370390278,0.20891659543144292,-0.04593960525765017,-19.226944288316222,0.14951036861664863,-22.883872906512185,0.3196625855594684,58.750451436505514,-0.03635708494780777,-0.1321880075244216,-0.00037072,0.13260264839863445,0.00017264,1,1.0
917,0.002202198536438077,0.1390573151751727,-0.00033195,2.4469845184420502,3.085375171979975,-0.1372046206284275,-0.21789562370390278,2.504715905068704,-0.04593960525765017,-33.9014237736811,0.14951036861664863,44.976722181993935,0.3196625855594684,11.858461497860265,-0.03635708494780777,0.05579374081546899,-0.00037072,0.26544245150852536,0.00017264,0,1.0
918,0.1708285844595543,1.1004768211847882,-0.00033195,2.4469845184420502,3.085375171979975,-69.78917751526144,-0.21789562370390278,11.497264222397995,-0.04593960525765017,-38.4124166002444,0.14951036861664863,36.112923349924586,0.3196625855594684,28.597727957968182,-0.03635708494780777,-0.6183480798820535,-0.00037072,0.6079235627620203,0.00017264,1,1.0
919,0.644509872620936,0.29594316341631277,-0.00033195,2.4469845184420502,3.085375171979975,49.664046263753136,-0.21789562370390278,15.406858387078573,-0.04593960525765017,-53.99287389333279,0.14951036861664863,-67.71539585313367,0.3196625855594684,32.83826006405412,-0.03635708494780777,-0.24532229507608705,-0.00037072,0.3892637497557695,0.00017264,1,1.0
920,0.3697600243435492,0.4497418635189219,-0.00033195,2.4469845184420502,3.085375171979975,3.5684295625985896,-0.21789562370390278,3.511966727287428,-0.04593960525765017,-88.84349581579184,0.14951036861664863,86.46144941364933,0.3196625855594684,54.883972242481065,-0.03635708494780777,0.1300824509123532,-0.00037072,0.7008722487100243,0.00017264,0,1.0
921,0.3036457666142147,1.4123446547680212,-0.00033195,2.4469845184420502,3.085375171979975,29.396532125850758,-0.21789562370390278,-0.63365826410576,-0.04593960525765017,-92.13216667758235,0.14951036861664863,54.06711453558345,0.3196625855594684,65.0677829295796,-0.03635708494780777,-0.38866996200725495,-0.00037072,0.8717558921213544,0.00017264,1,1.0
922,0.12546529724579458,0.46345998222384266,-0.00033195,2.4469845184420502,3.085375171979975,-12.517542037822373,-0.21789562370390278,14.780138257357725,-0.04593960525765017,-60.023644996521476,0.14951036861664863,12.120258493935317,0.3196625855594684,25.58495278139459,-0.03635708494780777,-0.4011824960203654,-0.00037072,0.40214110191600105,0.00017264,1,1.0
923,1.2592351565559698,0.3055602454747484,-0.00033195,2.4469845184420502,3.085375171979975,-55.055441258575854,-0.21789562370390278,4.634900420302653,-0.04593960525765017,-25.17151924923557,0.14951036861664863,-68.09398398948431,0.3196625855594684,84.9454482081843,-0.03635708494780777,-0.17255485911129168,-0.00037072,0.17062346102750806,0.00017264,1,1.0
924,0.2388270262663249,0.20588003008682249,-0.00033195,2.4469845184420502,3.085375171979975,-54.4984694037537,-0.21789562370390278,11.15458667924272,-0.04593960525765017,-84.0045668299301,0.14951036861664863,50.872116539569596,0.3196625855594684,61.900534758292004,-0.03635708494780777,-0.2774836119318204,-0.00037072,0.28550939413328486,0.00017264,1,1.0
925,0.995180216731775,0.2862554593848081,-0.00033195,2.4469845184420502,3.085375171979975,-1.6014386844039885,-0.21789562370390278,13.757656874803294,-0.04593960525765017,-25.080745111084013,0.14951036861664863,-93.53349436559674,0.3196625855594684,45.96637962205157,-0.03635708494780777,-0.27452392045896234,-0.00037072,0.2743483062048969,0.00017264,1,1.0
926,-0.007916950604968775,1.37335558902338,-0.00033195,2.4469845184420502,3.085375171979975,7.495757089396284,-0.21789562370390278,18.088259495100242,-0.04593960525765017,-29.660949389816476,0.14951036861664863,-6.212412124588617,0.3196625855594684,-14.144743016404924,-0.03635708494780777,-0.6091599325983715,-0.00037072,0.6932904402839973,0.00017264,1,1.0
927,0.9555854871482398,0.5271129161112287,-0.00033195,2.4469845184420502,3.085375171979975,47.220147239495,-0.21789562370390278,13.010581835935236,-0.04593960525765017,-100.0,0.14951036861664863,20.8319527317165,0.3196625855594684,62.50019035056024,-0.03635708494780777,0.3222027897787425,-0.00037072,0.7785416476668652,0.00017264,0,1.0
928,0.6641512155836962,0.35807158234886777,-0.00033195,2.4469845184420502,3.085375171979975,59.35623140789214,-0.21789562370390278,15.50079156101238,-0.04593960525765017,-39.35821147787407,0.14951036861664863,-40.90105797138878,0.3196625855594684,8.84730263338525,-0.03635708494780777,0.20077872999134816,-0.00037072,0.45987655891437207,0.00017264,0,1.0
929,0.0604147362719627,0.40060132245705743,-0.00033195,2.4469845184420502,3.085375171979975,52.22979448005876,-0.21789562370390278,13.389029780975134,-0.04593960525765017,-0.2971913282167935,0.14951036861664863,-59.94342268850359,0.3196625855594684,-29.038745985090802,-0.03635708494780777,-0.35189611480657906,-0.00037072,0.35486499317764236,0.00017264,1,1.0
930,0.1009014589828453,0.613749054458281,-0.00033195,2.4469845184420502,3.085375171979975,-42.42860800477759,-0.21789562370390278,-8.169050779790973,-0.04593960525765017,-25.814487760395103,0.14951036861664863,36.68639261249547,0.3196625855594684,48.28275279346453,-0.03635708494780777,-0.4197531173596072,-0.00037072,0.29098810912407,0.00017264,1,1.0
931,0.0607125192895589,0.03374427348992108,-0.00033195,2.4469845184420502,3.085375171979975,-35.82928856575032,-0.21789562370390278,5.984429603874253,-0.04593960525765017,-82.50545552287245,0.14951036861664863,60.92535490086774,0.3196625855594684,57.47705267064518,-0.03635708494780777,-0.11340035628442266,-0.00037072,0.11344659752628503,0.00017264,1,1.0
932,0.7714790984199537,1.486208198838047,-0.00033195,2.4469845184420502,3.085375171979975,-43.60033260010067,-0.21789562370390278,19.23214380397786,-0.04593960525765017,-24.117834952236947,0.14951036861664863,-55.03889365927763,0.3196625855594684,31.501740880293024,-0.03635708494780777,-0.6806955727491738,-0.00037072,0.6798502318012466,0.00017264,1,1.0
933,0.364884967832225,0.02591640383426025,-0.00033195,2.4469845184420502,3.085375171979975,-38.62470004280756,-0.21789562370390278,2.203976604615767,-0.04593960525765017,-38.43162470352562,0.14951036861664863,13.7002453880488,0.3196625855594684,49.0696099839704,-0.03635708494780777,-0.05854315610486801,-0.00037072,0.06056147512577955,0.00017264,1,1.0
934,0.42988163825827674,0.14375664202224345,-0.00033195,2.4469845184420502,3.085375171979975,-2.7601201096005172,-0.21789562370390278,12.669835746241835,-0.04593960525765017,-76.80882741581966,0.14951036861664863,-7.6309363389768485,0.3196625855594684,55.24423804260101,-0.03635708494780777,-0.2639415188274204,-0.00037072,0.2657323333300446,0.00017264,1,1.0
935,0.4692042369560932,1.1979619974828464,-0.00033195,2.4469845184420502,3.085375171979975,43.97543582804444,-0.21789562370390278,-3.096220176878799,-0.04593960525765017,-51.966281958654065,0.14951036861664863,65.17647833647318,0.3196625855594684,30.482193977211015,-0.03635708494780777,-0.00905679337265275,-0.00037072,1.1574143557305554,0.00017264,1,1.0
936,0.06904667993930919,0.049387294955517566,-0.00033195,2.4469845184420502,3.085375171979975,-39.29555559343175,-0.21789562370390278,5.169493347670397,-0.04593960525765017,-88.29903521054227,0.14951036861664863,67.43017160665212,0.3196625855594684,64.01442871233627,-0.03635708494780777,-0.12431383188547225,-0.00037072,0.12505725630567238,0.00017264,1,1.0
937,-0.6775170305424328,2.158735225092774,-0.00033195,2.4469845184420502,3.085375171979975,57.78765566060172,-0.21789562370390278,2.956744602712864,-0.04593960525765017,-4.182024033308092,0.14951036861664863,99.01003491233158,0.3196625855594684,-70.04999724427392,-0.03635708494780777,-0.11199207402153255,-0.00037072,1.023525337354628,0.00017264,1,1.0
938,0.15990110045254308,0.04123757198111209,-0.00033195,2.4469845184420502,3.085375171979975,-68.29766389270814,-0.21789562370390278,4.896346390867277,-0.04593960525765017,-74.07297933130766,0.14951036861664863,70.06613311661015,0.3196625855594684,64.11122333013532,-0.03635708494780777,-0.1323996166298732,-0.00037072,0.13653047040580701,0.00017264,1,1.0
939,0.7508030409142459,0.09486055475266295,-0.00033195,2.4469845184420502,3.085375171979975,-72.26009463887324,-0.21789562370390278,0.8387239334663692,-0.04593960525765017,-31.559252495009176,0.14951036861664863,-1.1884277831256584,0.3196625855594684,72.55762651248806,-0.03635708494780777,-0.034036208507883005,-0.00037072,0.034048775633194105,0.00017264,1,1.0
940,0.8658122513120982,0.12764774284478503,-0.00033195,2.4469845184420502,3.085375171979975,-34.157327554919156,-0.21789562370390278,6.469427126083507,-0.04593960525765017,-27.693081504922386,0.14951036861664863,-47.63737727615823,0.3196625855594684,59.39234832875622,-0.03635708494780777,-0.12843390071897984,-0.00037072,0.12855121117226895,0.00017264,1,1.0
941,1.3940217577217926,0.6865965796196548,-0.00033195,2.4469845184420502,3.085375171979975,24.846542155390562,-0.21789562370390278,19.075230249096272,-0.04593960525765017,-84.26213120360396,0.14951036861664863,-94.42891188171367,0.3196625855594684,88.14822368150787,-0.03635708494780777,-0.27397415451210017,-0.00037072,0.5426063407333139,0.00017264,1,1.0
942,0.001077590294382924,0.1280965534055465,-0.00033195,2.4469845184420502,3.085375171979975,80.7668635001519,-0.21789562370390278,8.1810706750594,-0.04593960525765017,-13.15742120201266,0.14951036861664863,-31.506795094701747,0.3196625855594684,-26.3826699785868,-0.03635708494780777,0.053144000575273465,-0.00037072,0.2494080788225056,0.00017264,0,1.0
943,0.4773958829571836,0.2602577848416043,-0.00033195,2.4469845184420502,3.085375171979975,49.838372161786594,-0.21789562370390278,15.524719141257886,-0.04593960525765017,-62.703624427299566,0.14951036861664863,-46.82791014487416,0.3196625855594684,29.875293500039138,-0.03635708494780777,-0.2264473495270925,-0.00037072,0.37872475180683357,0.00017264,1,1.0
944,0.7531469549150929,1.6598282328962808,-0.00033195,2.4469845184420502,3.085375171979975,-0.47238051348991844,-0.21789562370390278,-9.171939388413731,-0.04593960525765017,-20.59062517538681,0.14951036861664863,38.76849766237595,0.3196625855594684,47.00622663943014,-0.03635708494780777,-0.1843525169743272,-0.00037072,1.1026307439345304,0.00017264,1,1.0
945,0.3283411612139453,0.19026368513161965,-0.00033195,2.4469845184420502,3.085375171979975,75.84784764812423,-0.21789562370390278,14.595584828585741,-0.04593960525765017,-59.73891352524093,0.14951036861664863,-11.238269979291985,0.3196625855594684,5.622569198176956,-0.03635708494780777,0.23091748298753362,-0.00037072,0.3847953413775726,0.00017264,0,1.0
946,0.5180049171519077,0.11145357380179158,-0.00033195,2.4469845184420502,3.085375171979975,-9.652779701469077,-0.21789562370390278,10.945211030214809,-0.04593960525765017,-59.56885482053571,0.14951036861664863,-19.34007359263283,0.3196625855594684,51.842577828168054,-0.03635708494780777,-0.22108707020961854,-0.00037072,0.22145519717814638,0.00017264,1,1.0
947,-0.0020352073545082394,0.5940465547174023,-0.00033195,2.4469845184420502,3.085375171979975,75.2974140907266,-0.21789562370390278,14.67280334659923,-0.04593960525765017,-0.10850778406133292,0.14951036861664863,-43.42643918106402,0.3196625855594684,-46.800517436948134,-0.03635708494780777,-0.20214188263686472,-0.00037072,0.5335375148081826,0.00017264,1,1.0
948,0.9209741976797421,0.13748893339006663,-0.00033195,2.4469845184420502,3.085375171979975,-45.28334470735006,-0.21789562370390278,5.620137258717913,-0.04593960525765017,-22.91182208596938,0.14951036861664863,-46.926258443896046,0.3196625855594684,62.271935179353584,-0.03635708494780777,-0.09668151990953808,-0.00037072,0.09742582027845823,0.00017264,1,1.0
949,0.5798933680380214,0.3944405259359604,-0.00033195,2.4469845184420502,3.085375171979975,-9.671656465052411,-0.21789562370390278,-1.6156132352145727,-0.04593960525765017,-17.32631400612568,0.14951036861664863,-18.54423817234655,0.3196625855594684,42.99144564135109,-0.03635708494780777,-0.20467443832370474,-0.00037072,0.36349066937637026,0.00017264,1,1.0
950,0.7370876135671984,0.21762284934213905,-0.00033195,2.4469845184420502,3.085375171979975,-45.99143365928666,-0.21789562370390278,5.004435395561121,-0.04593960525765017,-70.73684051442466,0.14951036861664863,2.396252422530125,0.3196625855594684,87.41600644006897,-0.03635708494780777,-0.23046099946640403,-0.00037072,0.24572632189196203,0.00017264,1,1.0
951,-0.005263282115753332,0.7318143634533865,-0.00033195,2.4469845184420502,3.085375171979975,34.43551317873024,-0.21789562370390278,8.80761728498508,-0.04593960525765017,-36.250668727175494,0.14951036861664863,73.74428645059439,0.3196625855594684,-20.86565160807434,-0.03635708494780777,0.0026566589163149468,-0.00037072,1.00703339908373,0.00017264,0,1.0
952,1.4204391465755482,2.9820715123359043,-0.00033195,2.4469845184420502,3.085375171979975,-67.1252695544692,-0.21789562370390278,35.02455936491407,-0.04593960525765017,-92.26839581638612,0.14951036861664863,-91.68134896873153,0.3196625855594684,93.89203156152664,-0.03635708494780777,-1.0335945118239995,-0.00037072,0.8861109643530615,0.00017264,1,1.0
953,1.3568339174253452,2.103730147413592,-0.00033195,2.4469845184420502,3.085375171979975,34.19180560557779,-0.21789562370390278,0.40931624829665436,-0.04593960525765017,-72.90656185282813,0.14951036861664863,40.283092316683955,0.3196625855594684,75.45495378276166,-0.03635708494780777,0.09530488235967471,-0.00037072,1.5240189997926825,0.00017264,0,1.0
954,1.3606938138055298,1.2564759327236292,-0.00033195,2.4469845184420502,3.085375171979975,-14.507326714256289,-0.21789562370390278,-0.6946446993309355,-0.04593960525765017,-24.256151270609237,0.14951036861664863,-55.10276843945833,0.3196625855594684,79.89127067277752,-0.03635708494780777,-0.21668815567194533,-0.00037072,0.6933350780792057,0.00017264,1,1.0
955,-0.31604138714877106,2.6657143002384474,-0.00033195,2.4469845184420502,3.085375171979975,25.061084607171296,-0.21789562370390278,21.350081785251295,-0.04593960525765017,-74.96225945316687,0.14951036861664863,92.10083121620342,0.3196625855594684,-23.738695029500878,-0.03635708494780777,-0.42926608404434863,-0.00037072,1.1976033219347797,0.00017264,1,1.0
956,0.46355887874255075,0.09758577843966237,-0.00033195,2.4469845184420502,3.085375171979975,-60.843993346493576,-0.21789562370390278,-0.6129151707079687,-0.04593960525765017,-47.09301923349932,0.14951036861664863,29.378923571147897,0.3196625855594684,69.06362085627198,-0.03635708494780777,-0.1279459700546541,-0.00037072,0.13126203395591854,0.00017264,1,1.0
957,1.3541321050563841,3.5976756615756624,-0.00033195,2.4469845184420502,3.085375171979975,15.448982382336455,-0.21789562370390278,-9.527412223935002,-0.04593960525765017,-56.62709280579392,0.14951036861664863,62.84121875798402,0.3196625855594684,82.8505361366732,-0.03635708494780777,-0.1579948922360842,-0.00037072,1.8348857941495615,0.00017264,1,1.0
958,0.7872064420346194,0.9343648865622517,-0.00033195,2.4469845184420502,3.085375171979975,48.96679178130421,-0.21789562370390278,1.783867215844346,-0.04593960525765017,-37.078305883139244,0.14951036861664863,-5.938074392030109,0.3196625855594684,33.61677355730509,-0.03635708494780777,0.015517475929146374,-0.00037072,0.8715185359279867,0.00017264,0,1.0
959,0.0002071605789032982,0.13464185628661074,-0.00033195,2.4469845184420502,3.085375171979975,7.350478617012233,-0.21789562370390278,4.2247603064842965,-0.04593960525765017,-48.17752246930663,0.14951036861664863,50.876068354652894,0.3196625855594684,16.34382288845968,-0.03635708494780777,0.11230338881509007,-0.00037072,0.25885901676632733,0.00017264,0,1.0
960,0.8358766854204467,0.27539937376479573,-0.00033195,2.4469845184420502,3.085375171979975,-9.444544790422189,-0.21789562370390278,15.720252427593145,-0.04593960525765017,-98.42823830294559,0.14951036861664863,-7.8222762661891085,0.3196625855594684,80.95766365384424,-0.03635708494780777,-0.08400247460361196,-0.00037072,0.3522540587484081,0.00017264,1,1.0
961,0.26976253491046953,0.038450189247128064,-0.00033195,2.4469845184420502,3.085375171979975,-46.06598499118132,-0.21789562370390278,7.652084830440216,-0.04593960525765017,-86.19944122664508,0.14951036861664863,48.748769624654315,0.3196625855594684,69.84090423738556,-0.03635708494780777,-0.13638242801040318,-0.00037072,0.1372878088317156,0.00017264,1,1.0
962,-9.798461856305729e-05,0.09154893269606507,-0.00033195,2.4469845184420502,3.085375171979975,18.78762763977992,-0.21789562370390278,2.214309594695065,-0.04593960525765017,-15.086731288324406,0.14951036861664863,12.502160723750087,0.3196625855594684,-1.8385267656125808,-0.03635708494780777,0.07313523335009589,-0.00037072,0.1451863593683314,0.00017264,0,1.0
963,0.00043972277429449314,0.08473223120801168,-0.00033195,2.4469845184420502,3.085375171979975,11.030621182028133,-0.21789562370390278,4.329671029682231,-0.04593960525765017,-39.4221105451496,0.14951036861664863,29.155937388379453,0.3196625855594684,13.25399933925864,-0.03635708494780777,0.09779641999314767,-0.00037072,0.11487415756097277,0.00017264,0,1.0
964,0.8170827305661095,0.36013606201174986,-0.00033195,2.4469845184420502,3.085375171979975,10.590064740130185,-0.21789562370390278,8.218396451486079,-0.04593960525765017,-49.36652979426937,0.14951036861664863,-49.94466588756932,0.3196625855594684,57.98843975166717,-0.03635708494780777,-0.23220844270069224,-0.00037072,0.3690637918114948,0.00017264,1,1.0
965,0.0005955946154611036,0.21286309719824037,-0.00033195,2.4469845184420502,3.085375171979975,13.201873283400444,-0.21789562370390278,4.4287984904751925,-0.04593960525765017,-59.09432461514715,0.14951036861664863,76.01685890358362,0.3196625855594684,16.245230455736635,-0.03635708494780777,0.13675780609454657,-0.00037072,0.4960451587636032,0.00017264,0,1.0
966,0.7268106965711337,0.36008138041601034,-0.00033195,2.4469845184420502,3.085375171979975,38.4435398588918,-0.21789562370390278,6.919264516776918,-0.04593960525765017,-25.668027993219567,0.14951036861664863,-53.0628187879268,0.3196625855594684,28.11639567178639,-0.03635708494780777,-0.020869074306007956,-0.00037072,0.3913088835196039,0.00017264,1,1.0
967,0.5227735731543242,0.0876476871599122,-0.00033195,2.4469845184420502,3.085375171979975,2.9341006854396925,-0.21789562370390278,8.148235997846715,-0.04593960525765017,-30.389648992914825,0.14951036861664863,-41.853793121506726,0.3196625855594684,33.9941206091509,-0.03635708494780777,-0.17699698518537454,-0.00037072,0.18058325104407857,0.00017264,1,1.0
968,-0.03238054303320392,2.6464193505980464,-0.00033195,2.4469845184420502,3.085375171979975,-83.30785615945094,-0.21789562370390278,10.679022021150178,-0.04593960525765017,-1e-20,0.14951036861664863,40.09260055485973,0.3196625855594684,-5.3716183718874975,-0.03635708494780777,-0.9466118428659008,-0.00037072,0.9348127560233258,0.00017264,1,1.0
969,0.007202142020837243,0.04922318382701979,-0.00033195,2.4469845184420502,3.085375171979975,98.36424138010851,-0.21789562370390278,15.588923832196846,-0.04593960525765017,-95.97639762961074,0.14951036861664863,58.18208167983751,0.3196625855594684,-0.9025292740583205,-0.03635708494780777,0.4484740289823863,-0.00037072,0.5647527986912131,0.00017264,0,1.0
970,1.1146406206640789,0.6481212244721585,-0.00033195,2.4469845184420502,3.085375171979975,-25.072960785254168,-0.21789562370390278,2.332838173269701,-0.04593960525765017,-36.87531520316392,0.14951036861664863,-54.6782605933863,0.3196625855594684,81.81868155939709,-0.03635708494780777,-0.3225014955303355,-0.00037072,0.42788886917549424,0.00017264,1,1.0
971,1.0656661851777431,0.485435017040427,-0.00033195,2.4469845184420502,3.085375171979975,43.287101236777495,-0.21789562370390278,14.61485609036287,-0.04593960525765017,-52.813070378367435,0.14951036861664863,-86.7759871833612,0.3196625855594684,52.35205936794553,-0.03635708494780777,-0.1570740384684538,-0.00037072,0.464264204448937,0.00017264,1,1.0
972,-0.540092031245202,2.2774213777629053,-0.00033195,2.4469845184420502,3.085375171979975,-28.937859160565747,-0.21789562370390278,10.062688799774932,-0.04593960525765017,-41.858683147521255,0.14951036861664863,85.17967649038454,0.3196625855594684,-12.832412294841474,-0.03635708494780777,-0.5807112064649987,-0.00037072,0.6613549044192099,0.00017264,1,1.0
973,0.0004702118337857053,0.15340022858069519,-0.00033195,2.4469845184420502,3.085375171979975,-57.35116097273932,-0.21789562370390278,7.048973482732189,-0.04593960525765017,-78.80277055266949,0.14951036861664863,81.3234928252932,0.3196625855594684,52.229022321404926,-0.03635708494780777,-0.19603698910952336,-0.00037072,0.2526510936050572,0.00017264,1,1.0
974,0.0019373563015077089,0.12259805380842793,-0.00033195,2.4469845184420502,3.085375171979975,50.58234561928969,-0.21789562370390278,9.029321150278275,-0.04593960525765017,-46.76505130346504,0.14951036861664863,8.599226155342544,0.3196625855594684,1.1300762199616774,-0.03635708494780777,0.06659457844516957,-0.00037072,0.2413315023440048,0.00017264,0,1.0
975,0.9696931770204253,0.2145796455697233,-0.00033195,2.4469845184420502,3.085375171979975,-33.87232746454469,-0.21789562370390278,6.235997585943115,-0.04593960525765017,-40.13507954127532,0.14951036861664863,-48.794920859821,0.3196625855594684,73.928925506662,-0.03635708494780777,-0.2086666999475111,-0.00037072,0.2101998724668296,0.00017264,1,1.0
976,0.000665415151941795,0.16332106472676702,-0.00033195,2.4469845184420502,3.085375171979975,4.825684079683701,-0.21789562370390278,3.2136836373413598,-0.04593960525765017,-47.442367075845105,0.14951036861664863,58.64503565758848,0.3196625855594684,16.580883621204983,-0.03635708494780777,0.09904681818510744,-0.00037072,0.33104576201944236,0.00017264,0,1.0
977,0.8030621536204691,1.0963884921620517,-0.00033195,2.4469845184420502,3.085375171979975,59.76366087430243,-0.21789562370390278,2.505294560430942,-0.04593960525765017,-62.608840695945496,0.14951036861664863,61.45916750373283,0.3196625855594684,31.812952120745923,-0.03635708494780777,0.21783790118007362,-0.00037072,1.3792748308411675,0.00017264,0,1.0
978,0.7763772346587325,0.932634136827162,-0.00033195,2.4469845184420502,3.085375171979975,84.6756035268745,-0.21789562370390278,6.87797668536282,-0.04593960525765017,-100.0,0.14951036861664863,78.4048412719079,0.3196625855594684,40.92742173696737,-0.03635708494780777,0.30242652745048604,-0.00037072,1.4586523047703381,0.00017264,0,1.0
979,0.4435850744854946,0.24965272446728978,-0.00033195,2.4469845184420502,3.085375171979975,36.5728994648181,-0.21789562370390278,10.017383784907198,-0.04593960525765017,-79.44631440917964,0.14951036861664863,33.47678876399323,0.3196625855594684,37.55154120319979,-0.03635708494780777,0.25535378495312433,-0.00037072,0.47392292324457586,0.00017264,0,1.0
980,0.0942438814466997,3.9423165554772037,-0.00033195,2.4469845184420502,3.085375171979975,-51.406318030334205,-0.21789562370390278,29.08907094752031,-0.04593960525765017,-77.1558103443882,0.14951036861664863,2.7832359681981265,0.3196625855594684,25.69196506336874,-0.03635708494780777,-1.2385199057631626,-0.00037072,0.9319183543272074,0.00017264,1,1.0
981,0.5430067353500647,0.28645031199891763,-0.00033195,2.4469845184420502,3.085375171979975,67.11572105042913,-0.21789562370390278,17.28375170687611,-0.04593960525765017,-69.85582871210613,0.14951036861664863,-42.06774422951983,0.3196625855594684,26.465772682898518,-0.03635708494780777,-0.05334623316790002,-0.00037072,0.44094335605470114,0.00017264,1,1.0
982,-0.020807017832637498,0.9903435229534737,-0.00033195,2.4469845184420502,3.085375171979975,40.5251110142386,-0.21789562370390278,6.081066378371907,-0.04593960525765017,-17.396797241240193,0.14951036861664863,79.50447611501365,0.3196625855594684,-35.99989006364273,-0.03635708494780777,-0.019116817614715398,-0.00037072,1.215992512504713,0.00017264,1,1.0
983,8.093574377243673e-05,0.12866064813181413,-0.00033195,2.4469845184420502,3.085375171979975,86.26745576170082,-0.21789562370390278,7.990451553831048,-0.04593960525765017,-6.153085452047985,0.14951036861664863,-39.15331162871863,0.3196625855594684,-32.02591741772098,-0.03635708494780777,0.05453308161657977,-0.00037072,0.24804945349639818,0.00017264,0,1.0
984,0.20773314171246499,0.30062025829297284,-0.00033195,2.4469845184420502,3.085375171979975,92.82410621844647,-0.21789562370390278,6.509986908894511,-0.04593960525765017,-42.19000113492976,0.14951036861664863,29.971283582605658,0.3196625855594684,-13.613493019984261,-0.03635708494780777,0.2669061085761257,-0.00037072,0.8167807933257691,0.00017264,0,1.0
985,-0.3634878068634626,2.4193470348928248,-0.00033195,2.4469845184420502,3.085375171979975,-44.94360306850177,-0.21789562370390278,14.270100643855645,-0.04593960525765017,-55.06002051988846,0.14951036861664863,80.61752474625557,0.3196625855594684,1.5167870066551228,-0.03635708494780777,-0.7152952008311938,-0.00037072,0.783293079584959,0.00017264,1,1.0
986,0.74599974677653,0.379792256601948,-0.00033195,2.4469845184420502,3.085375171979975,79.79164200505946,-0.21789562370390278,19.274792775243206,-0.04593960525765017,-67.64658645583985,0.14951036861664863,-68.1698846671402,0.3196625855594684,28.389932742620513,-0.03635708494780777,-0.06286094802115438,-0.00037072,0.5072967682874576,0.00017264,1,1.0
987,0.24240044315672082,0.8215632564778594,-0.00033195,2.4469845184420502,3.085375171979975,-7.680438206842165,-0.21789562370390278,-8.860746813727083,-0.04593960525765017,-15.101245880197663,0.14951036861664863,51.63609169806531,0.3196625855594684,26.989181246315365,-0.03635708494780777,-0.1915730760307739,-0.00037072,0.717261047811279,0.00017264,1,1.0
988,0.04054090838774943,0.04443258357905338,-0.00033195,2.4469845184420502,3.085375171979975,-25.513773564324854,-0.21789562370390278,-1.1215985546750278,-0.04593960525765017,-32.69935213861671,0.14951036861664863,36.403453240251515,0.3196625855594684,31.4032891699874,-0.03635708494780777,-0.09316896148742057,-0.00037072,0.1037854511207543,0.00017264,1,1.0
989,1.642328234392225,2.975854703686284,-0.00033195,2.4469845184420502,3.085375171979975,-92.32960588757736,-0.21789562370390278,0.699665473196152,-0.04593960525765017,-39.901509174474214,0.14951036861664863,91.6668488714795,0.3196625855594684,84.11194886725008,-0.03635708494780777,-0.026312893264722415,-0.00037072,1.8224907176335488,0.00017264,1,1.0
990,0.38832436774546053,0.16286873896270396,-0.00033195,2.4469845184420502,3.085375171979975,52.36895049154316,-0.21789562370390278,11.364755792302063,-0.04593960525765017,-21.78082614605741,0.14951036861664863,-72.91237348489067,0.3196625855594684,6.77467974099264,-0.03635708494780777,-0.27852864110571607,-0.00037072,0.2792846051458927,0.00017264,1,1.0
991,-0.0029279882459118944,0.5666749820268382,-0.00033195,2.4469845184420502,3.085375171979975,99.74549332019639,-0.21789562370390278,16.221260344892972,-0.04593960525765017,-16.121901637177046,0.14951036861664863,-18.2673971733701,0.3196625855594684,-52.09690180844781,-0.03635708494780777,0.012862476049731064,-0.00037072,0.7081065218234692,0.00017264,0,1.0
992,-0.6364536448112381,3.1651248491235164,-0.00033195,2.4469845184420502,3.085375171979975,27.380628602882968,-0.21789562370390278,16.43860489214513,-0.04593960525765017,-44.61145076112653,0.14951036861664863,83.12670867488076,0.3196625855594684,-46.699708244832706,-0.03635708494780777,-0.5257126862539494,-0.00037072,1.0074462325893578,0.00017264,1,1.0
993,0.5054949190192587,0.24143706980789614,-0.00033195,2.4469845184420502,3.085375171979975,47.443891749480784,-0.21789562370390278,13.991085529618681,-0.04593960525765017,-54.70776419549884,0.14951036861664863,-50.10341569202296,0.3196625855594684,28.64845409018452,-0.03635708494780777,-0.20202813621102095,-0.00037072,0.3583607215547517,0.00017264,1,1.0
994,1.960328546426243,1.6352254096265897,-0.00033195,2.4469845184420502,3.085375171979975,76.44708417096406,-0.21789562370390278,17.017320109727628,-0.04593960525765017,-88.94801769160014,0.14951036861664863,-86.80209007756098,0.3196625855594684,90.63771262557196,-0.03635708494780777,0.17695261941245327,-0.00037072,1.0955110041517346,0.00017264,0,1.0
995,0.6950355912241523,0.0891371808487317,-0.00033195,2.4469845184420502,3.085375171979975,-57.9359042756188,-0.21789562370390278,9.03904469200658,-0.04593960525765017,-82.02361350097945,0.14951036861664863,13.690041079531317,0.3196625855594684,88.66269461804757,-0.03635708494780777,-0.16477804320182818,-0.00037072,0.16595359452121725,0.00017264,1,1.0
996,1.058812762369134,0.6176569796509248,-0.00033195,2.4469845184420502,3.085375171979975,71.38602700252801,-0.21789562370390278,12.538573931169767,-0.04593960525765017,-57.988585055717365,0.14951036861664863,-45.510832673152166,0.3196625855594684,39.1694422475623,-0.03635708494780777,0.2253351893156451,-0.00037072,0.6954089127598712,0.00017264,0,1.0
997,1.0909623152809216,0.8841085810302627,-0.00033195,2.4469845184420502,3.085375171979975,58.76471960722178,-0.21789562370390278,8.383147916865168,-0.04593960525765017,-64.70024127842434,0.14951036861664863,-8.156318673709212,0.3196625855594684,48.854369867982534,-0.03635708494780777,0.21957318775889034,-0.00037072,0.9494154529875815,0.00017264,0,1.0
998,-0.14099534144022785,2.0393853687177668,-0.00033195,2.4469845184420502,3.085375171979975,99.76174601893183,-0.21789562370390278,27.033559319330188,-0.04593960525765017,-81.08492648290014,0.14951036861664863,77.3652402561842,0.3196625855594684,-49.02611496315021,-0.03635708494780777,-0.10403509440213732,-0.00037072,1.5125073679705923,0.00017264,1,1.0
999,0.994785080931605,0.14315626049145244,-0.00033195,2.4469845184420502,3.085375171979975,-78.84320260421781,-0.21789562370390278,4.991402580392902,-0.04593960525765017,-46.379090717189655,0.14951036861664863,-15.774006614640554,0.3196625855594684,89.69372197070287,-0.03635708494780777,-0.0712880213321368,-0.00037072,0.07139847934473581,0.00017264,1,1.0
1000,1.2414720748567742,2.299427077267903,-0.00033195,0.8719611650083201,3.0023031448610418,-51.009102385286006,-0.21789562370390278,-11.402199685654702,-0.04593960525765017,-37.95678725820381,0.14951036861664863,22.339762184538646,0.3196625855594684,71.43576478136951,-0.03635708494780777,-0.9298403836521744,-0.00037072,0.20603731852805385,0.00017264,1,1.0
1001,0.0015903627771942652,0.02157496141532668,-0.00033195,0.8719611650083201,3.0023031448610418,19.037414123551574,-0.21789562370390278,16.61801567066723,-0.04593960525765017,-26.043252105233492,0.14951036861664863,13.383562318484016,0.3196625855594684,-7.919163353410545,-0.03635708494780777,0.3419491920182335,-0.00037072,1.5887015471709427,0.00017264,0,1.0
1002,0.0005250842373074119,0.21381213234957738,-0.00033195,0.8719611650083201,3.0023031448610418,7.567525336255903,-0.21789562370390278,1.7091195258487333,-0.04593960525765017,-27.733706529986257,0.14951036861664863,92.60608277313585,0.3196625855594684,-7.149330537101892,-0.03635708494780777,0.35410373194230965,-0.00037072,1.1949563317860579,0.00017264,0,1.0
1003,0.9123452730537294,0.31234984917000413,-0.00033195,0.8719611650083201,3.0023031448610418,44.95729060267182,-0.21789562370390278,57.90883098049914,-0.04593960525765017,-43.98820605357288,0.14951036861664863,-90.83189587577223,0.3196625855594684,-1.681793666453177,-0.03635708494780777,0.2639467435609637,-0.00037072,4.897855305980909,0.00017264,0,1.0
1004,0.4622290295190814,0.1260980642923789,-0.00033195,0.8719611650083201,3.0023031448610418,6.408036632470762,-0.21789562370390278,11.171077001912536,-0.04593960525765017,-4.207681862325308,0.14951036861664863,-17.79811233522789,0.3196625855594684,2.9937046614973366,-0.03635708494780777,0.34691199818584884,-0.00037072,0.9168345745045934,0.00017264,0,1.0
1005,1.208061896009205,0.4125062205150064,-0.00033195,0.8719611650083201,3.0023031448610418,12.318303476626129,-0.21789562370390278,50.75551240876061,-0.04593960525765017,-69.84773758553905,0.14951036861664863,-47.672853607758334,0.3196625855594684,32.3540493132173,-0.03635708494780777,0.27338829841184986,-0.00037072,3.5757618036798418,0.00017264,0,1.0
1006,0.8170816723902949,3.28471703937943,-0.00033195,0.8719611650083201,3.0023031448610418,52.85590557573724,-0.21789562370390278,65.81096712883291,-0.04593960525765017,-15.116949261006818,0.14951036861664863,-25.44100937870726,0.3196625855594684,-38.96313121927301,-0.03635708494780777,1.1558791025460533,-0.00037072,3.8739883123690335,0.00017264,0,1.0
1007,1.5874915810672647,0.693488928559864,-0.00033195,0.8719611650083201,3.0023031448610418,-43.71902986173774,-0.21789562370390278,17.95724643825063,-0.04593960525765017,-49.0212364089087,0.14951036861664863,-51.25405559762208,0.3196625855594684,77.35312987686731,-0.03635708494780777,-0.4394741272995104,-0.00037072,0.4390148164388403,0.00017264,1,1.0
1008,0.6183490657617957,1.5201506629342074,-0.00033195,0.8719611650083201,3.0023031448610418,18.48522723047115,-0.21789562370390278,13.751032304292652,-0.04593960525765017,-59.058007637182385,0.14951036861664863,23.54382731607843,0.3196625855594684,18.73274405962523,-0.03635708494780777,0.28630851834157434,-0.00037072,3.6586055769177834,0.00017264,0,1.0
1009,0.00046285341848917305,0.4995800785062017,-0.00033195,0.8719611650083201,3.0023031448610418,56.715666982435074,-0.21789562370390278,43.60643061360514,-0.04593960525765017,-82.03485574841447,0.14951036861664863,93.66021919524214,0.3196625855594684,-28.139866417736723,-0.03635708494780777,1.7011164783312773,-0.00037072,4.437338187823347,0.00017264,0,1.0
1010,0.34615168709156974,0.23263160727621973,-0.00033195,0.8719611650083201,3.0023031448610418,73.08743058835687,-0.21789562370390278,66.51997812850759,-0.04593960525765017,-78.5147047074862,0.14951036861664863,-57.5852582124957,0.3196625855594684,-18.732583269352975,-0.03635708494780777,0.26011576692185834,-0.00037072,6.915155765693691,0.00017264,0,1.0
1011,0.8865475580448113,0.7266659527545479,-0.00033195,0.8719611650083201,3.0023031448610418,-5.800142049321153,-0.21789562370390278,14.612346356496635,-0.04593960525765017,-21.710958665574005,0.14951036861664863,30.443283380218737,0.3196625855594684,15.88368161872797,-0.03635708494780777,0.3150697959954245,-0.00037072,1.2327989333584481,0.00017264,0,1.0
1012,-0.64265937601978,2.7840600251598726,-0.00033195,0.8719611650083201,3.0023031448610418,2.0684542277844056,-0.21789562370390278,-5.553028644276356,-0.04593960525765017,-36.73447190666755,0.14951036861664863,40.220169141455685,0.3196625855594684,4.535559855245059,-0.03635708494780777,-0.6955186880558255,-0.00037072,0.7045196805496354,0.00017264,1,1.0
1013,0.23178907586761677,0.04007637637471678,-0.00033195,0.8719611650083201,3.0023031448610418,3.196255938253256,-0.21789562370390278,20.920977687954178,-0.04593960525765017,-57.95907332336505,0.14951036861664863,37.12870609880321,0.3196625855594684,16.144415979221666,-0.03635708494780777,0.3081271829011384,-0.00037072,1.4551543559344498,0.00017264,0,1.0
1014,0.0010433173448859412,0.1041521808916023,-0.00033195,0.8719611650083201,3.0023031448610418,45.01892847384844,-0.21789562370390278,30.364138960705343,-0.04593960525765017,-30.043706470762597,0.14951036861664863,4.152784190812632,0.3196625855594684,-26.63169001344424,-0.03635708494780777,0.69037584819892,-0.00037072,3.231951083840451,0.00017264,0,1.0
1015,0.19613327868822594,0.06179509224436695,-0.00033195,0.8719611650083201,3.0023031448610418,65.70150411440024,-0.21789562370390278,63.38669702565979,-0.04593960525765017,-66.47241383133826,0.14951036861664863,-50.790737067320016,0.3196625855594684,-22.592652515743616,-0.03635708494780777,0.262630364704191,-0.00037072,5.7981499262490335,0.00017264,0,1.0
1016,-1.4790568083663373,4.760794538042217,-0.00033195,0.8719611650083201,3.0023031448610418,13.831063717714763,-0.21789562370390278,2.3288907948670285,-0.04593960525765017,-67.53168784326233,0.14951036861664863,98.60788114277936,0.3196625855594684,-12.51993631942714,-0.03635708494780777,-0.606135080024384,-0.00037072,0.7187536281580328,0.00017264,1,1.0
1017,1.0309264731461782,0.3307447179679279,-0.00033195,0.8719611650083201,3.0023031448610418,35.54602440048724,-0.21789562370390278,67.88248846225329,-0.04593960525765017,-88.71736298161234,0.14951036861664863,-57.39869693905846,0.3196625855594684,19.281485599928892,-0.03635708494780777,0.2643456359843932,-0.00037072,5.271040564657296,0.00017264,0,1.0
1018,0.5552610458953497,0.24240909054100257,-0.00033195,0.8719611650083201,3.0023031448610418,67.58750338806234,-0.21789562370390278,74.19057293098085,-0.04593960525765017,-60.779450556561066,0.14951036861664863,-88.68538287392578,0.3196625855594684,-19.8634755201151,-0.03635708494780777,0.2595815368046006,-0.00037072,6.192719662304195,0.00017264,0,1.0
1019,0.0001705459869404402,0.1435139239275004,-0.00033195,0.8719611650083201,3.0023031448610418,43.01312746531212,-0.21789562370390278,28.038641571906755,-0.04593960525765017,-30.347455734144482,0.14951036861664863,18.11116010071859,0.3196625855594684,-26.65379430965276,-0.03635708494780777,0.8417827338032484,-0.00037072,3.0073129808619976,0.00017264,0,1.0
1020,-0.0011199134274444411,0.2544048741157244,-0.00033195,0.8719611650083201,3.0023031448610418,67.55240956802592,-0.21789562370390278,45.682260596750126,-0.04593960525765017,-47.125308018282944,0.14951036861664863,11.46758487960631,0.3196625855594684,-39.89573609723005,-0.03635708494780777,1.0879903313855972,-0.00037072,4.854047761688221,0.00017264,0,1.0
1021,0.0004269283425720749,0.18920629698272143,-0.00033195,0.8719611650083201,3.0023031448610418,20.938680642939488,-0.21789562370390278,18.991051653515484,-0.04593960525765017,-56.836721906222735,0.14951036861664863,86.47950945676575,0.3196625855594684,-6.7520235438508145,-0.03635708494780777,1.1006399165695355,-0.00037072,1.8889566930908686,0.00017264,0,1.0
1022,1.0744824076116406,0.3291372731797521,-0.00033195,0.8719611650083201,3.0023031448610418,-14.457881966242393,-0.21789562370390278,26.959036513427264,-0.04593960525765017,-62.868133659237635,0.14951036861664863,2.8033262811409405,0.3196625855594684,45.31528536165273,-0.03635708494780777,0.3010456026597472,-0.00037072,1.4930141586881667,0.00017264,0,1.0
1023,-0.0068389215324262675,0.30822992565773777,-0.00033195,0.8719611650083201,3.0023031448610418,49.375199969749964,-0.21789562370390278,35.90583471829722,-0.04593960525765017,-65.73297099349831,0.14951036861664863,14.525722607513899,0.3196625855594684,-14.671591312832742,-0.03635708494780777,0.4265765400146333,-0.00037072,4.597437886774927,0.00017264,0,1.0
1024,-0.00866091623632681,0.8011694681531208,-0.00033195,0.8719611650083201,3.0023031448610418,68.96182845278473,-0.21789562370390278,24.911218297910306,-0.04593960525765017,-10.948264735780265,0.14951036861664863,53.24191610425118,0.3196625855594684,-58.111133463130926,-0.03635708494780777,1.860446763114604,-0.00037072,3.9032876774386684,0.00017264,0,1.0
1025,-0.00013133069431703337,0.16272904846307434,-0.00033195,0.8719611650083201,3.0023031448610418,23.53581140528083,-0.21789562370390278,21.325430586502783,-0.04593960525765017,-61.61694284898153,0.14951036861664863,76.5630865574698,0.3196625855594684,-5.106135292807056,-0.03635708494780777,0.9359579288738479,-0.00037072,2.3047188302796355,0.00017264,0,1.0
1026,0.0005334913249639417,0.06634935433768376,-0.00033195,0.8719611650083201,3.0023031448610418,42.87706084761894,-0.21789562370390278,40.337656436645545,-0.04593960525765017,-61.71980860425062,0.14951036861664863,19.043899160685132,0.3196625855594684,-15.604240943046081,-0.03635708494780777,0.5923645187594686,-0.00037072,3.726419275383521,0.00017264,0,1.0
1027,1.9671581105944913,2.2667754740324413,-0.00033195,0.8719611650083201,3.0023031448610418,-19.790990491675814,-0.21789562370390278,40.3478248760298,-0.04593960525765017,-51.48066968335884,0.14951036861664863,2.604616958545521,0.3196625855594684,49.23764642535883,-0.03635708494780777,0.424345013172551,-0.00037072,2.1297736408890886,0.00017264,0,1.0
1028,0.16162398502215547,3.606939464819412,-0.00033195,0.8719611650083201,3.0023031448610418,56.26324370703959,-0.21789562370390278,81.52384363570175,-0.04593960525765017,-99.37882712621301,0.14951036861664863,97.42705605990146,0.3196625855594684,-34.65695516945615,-0.03635708494780777,1.3594372589691472,-0.00037072,4.7046064882122005,0.00017264,0,1.0
1029,1.3452978471127,2.9671351133700976,-0.00033195,0.8719611650083201,3.0023031448610418,-58.05928598122137,-0.21789562370390278,-14.205961262103436,-0.04593960525765017,-40.57984454252575,0.14951036861664863,29.37816017097918,0.3196625855594684,78.77509625093916,-0.03635708494780777,-1.2030402615428353,-0.00037072,0.22339112509077252,0.00017264,1,1.0
1030,-0.6445004206661141,1.891502648786879,-0.00033195,0.8719611650083201,3.0023031448610418,80.22914974668582,-0.21789562370390278,20.4904958646257,-0.04593960525765017,-39.49226631569271,0.14951036861664863,95.51247587166637,0.3196625855594684,-64.47558912214993,-0.03635708494780777,1.4423108972719343,-0.00037072,4.919572235536903,0.00017264,0,1.0
1031,-0.0013520526020285306,0.12671773750481838,-0.00033195,0.8719611650083201,3.0023031448610418,31.461323878387493,-0.21789562370390278,15.731643475099354,-0.04593960525765017,-11.898095261315682,0.14951036861664863,19.513365186092287,0.3196625855594684,-23.94752541669215,-0.03635708494780777,0.7794230443765829,-0.00037072,1.9113705732020745,0.00017264,0,1.0
1032,0.1889946989663125,0.6661368744519314,-0.00033195,0.8719611650083201,3.0023031448610418,33.28252524652513,-0.21789562370390278,49.783250138592805,-0.04593960525765017,-79.3476147935858,0.14951036861664863,62.18573576645167,0.3196625855594684,-9.608466611229819,-0.03635708494780777,1.0269140953075646,-0.00037072,3.2017867392442905,0.00017264,0,1.0
1033,0.37866045068650694,0.08267858281143807,-0.00033195,0.8719611650083201,3.0023031448610418,-7.280701866552769,-0.21789562370390278,14.282596725271013,-0.04593960525765017,-53.69104758240498,0.14951036861664863,42.689487231186,0.3196625855594684,24.582915345506645,-0.03635708494780777,0.3510952718540055,-0.00037072,0.8626781436783324,0.00017264,0,1.0
1034,0.42220913659622344,0.06644209313002608,-0.00033195,0.8719611650083201,3.0023031448610418,-21.142719754060437,-0.21789562370390278,3.4499039259282163,-0.04593960525765017,-40.766478661726055,0.14951036861664863,29.78122821778921,0.3196625855594684,34.227691363660256,-0.03635708494780777,-0.0536819221934206,-0.00037072,0.05306709239396223,0.00017264,1,1.0
1035,-0.005793262796238541,0.7499131174798354,-0.00033195,0.8719611650083201,3.0023031448610418,55.40274524368946,-0.21789562370390278,12.267936186590156,-0.04593960525765017,-1.5963287812094982,0.14951036861664863,60.91087633458847,0.3196625855594684,-50.1643489654664,-0.03635708494780777,1.5986976092317402,-0.00037072,3.082167431227557,0.00017264,0,1.0
1036,0.8026270550145351,2.9002061681584608,-0.00033195,0.8719611650083201,3.0023031448610418,55.23379275747008,-0.21789562370390278,24.491960447697558,-0.04593960525765017,-40.64863995640784,0.14951036861664863,-32.11895535209579,0.3196625855594684,-6.269072651185595,-0.03635708494780777,0.40813889305205375,-0.00037072,6.197655174364413,0.00017264,0,1.0
1037,0.0003167557046734881,0.1335556058554396,-0.00033195,0.8719611650083201,3.0023031448610418,54.97510975338158,-0.21789562370390278,52.62701120046639,-0.04593960525765017,-84.39150669753116,0.14951036861664863,34.52839917008061,0.3196625855594684,-19.42088645767176,-0.03635708494780777,0.8556419109315834,-0.00037072,4.816832028406775,0.00017264,0,1.0
1038,0.4556422888341833,0.9667524374687755,-0.00033195,0.8719611650083201,3.0023031448610418,-22.33430420601285,-0.21789562370390278,-7.784163186726991,-0.04593960525765017,-32.79738832579053,0.14951036861664863,20.34642739381258,0.3196625855594684,38.12967882680522,-0.03635708494780777,-0.4746983826937347,-0.00037072,0.4501514815983944,0.00017264,1,1.0
1039,1.3952948114732746,1.7595324660845955,-0.00033195,0.8719611650083201,3.0023031448610418,-36.82013217436072,-0.21789562370390278,-7.968794224219777,-0.04593960525765017,-1.8647046042762916,0.14951036861664863,-60.053083734826494,0.3196625855594684,58.63523226638444,-0.03635708494780777,-0.6226523904864244,-0.00037072,0.23599168667257908,0.00017264,1,1.0
1040,0.15089925659714729,0.16009525697428673,-0.00033195,0.8719611650083201,3.0023031448610418,-1.9446066059177496,-0.21789562370390278,4.080765232689127,-0.04593960525765017,-40.34880868502336,0.14951036861664863,82.05868290996857,0.3196625855594684,8.50003124671179,-0.03635708494780777,0.3560674109783871,-0.00037072,0.8891922424547486,0.00017264,0,1.0
1041,1.6611348813796252,0.7046758319094912,-0.00033195,0.8719611650083201,3.0023031448610418,16.907852160992366,-0.21789562370390278,69.33602526814359,-0.04593960525765017,-92.66179890769847,0.14951036861664863,-75.63580746256129,0.3196625855594684,44.7082189471501,-0.03635708494780777,0.26363289016959923,-0.00037072,4.925021766555705,0.00017264,0,1.0
1042,1.7791782993849894,1.256246558414724,-0.00033195,0.8719611650083201,3.0023031448610418,-14.062392772709853,-0.21789562370390278,12.211485371195506,-0.04593960525765017,-0.26914949030517815,0.14951036861664863,-83.21254109406948,0.3196625855594684,43.982733933376586,-0.03635708494780777,0.2884816103428305,-0.00037072,1.4910366846415624,0.00017264,0,1.0
1043,-0.046296468290013104,1.217846954958921,-0.00033195,0.8719611650083201,3.0023031448610418,89.37862675212655,-0.21789562370390278,39.352877650192085,-0.04593960525765017,-28.501149966926363,0.14951036861664863,69.9527915743723,0.3196625855594684,-71.60506025995637,-0.03635708494780777,2.365641393082032,-0.00037072,5.22739754933779,0.00017264,0,1.0
1044,0.8406865231647426,1.1907640764922776,-0.00033195,0.8719611650083201,3.0023031448610418,0.22814185698812853,-0.21789562370390278,49.00195714268526,-0.04593960525765017,-86.25176414638827,0.14951036861664863,53.643778812104685,0.3196625855594684,25.94646375460621,-0.03635708494780777,0.40786316407073264,-0.00037072,2.4362188956737034,0.00017264,0,1.0
1045,0.58933053891005,0.9916721838005563,-0.00033195,0.8719611650083201,3.0023031448610418,77.474338287896,-0.21789562370390278,69.97620833443351,-0.04593960525765017,-47.02685607440342,0.14951036861664863,-35.31532691943362,0.3196625855594684,-40.48824633112941,-0.03635708494780777,1.3949710440203544,-0.00037072,5.902706056958441,0.00017264,0,1.0
1046,0.11217518622394301,0.20712423274925826,-0.00033195,0.8719611650083201,3.0023031448610418,-0.9855766116889545,-0.21789562370390278,13.785563719614196,-0.04593960525765017,-79.75065558036083,0.14951036861664863,75.39972274805896,0.3196625855594684,25.211704446896334,-0.03635708494780777,0.2942489969872092,-0.00037072,1.65079572654916,0.00017264,0,1.0
1047,1.2478136139207483,1.0281842685455485,-0.00033195,0.8719611650083201,3.0023031448610418,41.68956638530241,-0.21789562370390278,44.54880609728,-0.04593960525765017,-24.498474528963435,0.14951036861664863,-73.53130920988777,0.3196625855594684,-2.1003524918941796,-0.03635708494780777,0.8832143674204482,-0.00037072,4.531946576334743,0.00017264,0,1.0
1048,0.26164416485273123,0.04079308438535641,-0.00033195,0.8719611650083201,3.0023031448610418,11.697702355395306,-0.21789562370390278,33.18766455809302,-0.04593960525765017,-76.74672047618593,0.14951036861664863,31.82877671168359,0.3196625855594684,16.637527856422604,-0.03635708494780777,0.278790087133554,-0.00037072,2.435198045548634,0.00017264,0,1.0
1049,-0.0012147425364923414,0.41287392151114743,-0.00033195,0.8719611650083201,3.0023031448610418,62.054940268079626,-0.21789562370390278,52.327817006189804,-0.04593960525765017,-93.74108202939331,0.14951036861664863,81.22881716787715,0.3196625855594684,-27.02245268299911,-0.03635708494780777,1.542830300030001,-0.00037072,5.100741350857471,0.00017264,0,1.0
1050,1.6038865939739417,0.631425313446317,-0.00033195,0.8719611650083201,3.0023031448610418,-39.442252346028184,-0.21789562370390278,15.917975822422338,-0.04593960525765017,-32.292256684418156,0.14951036861664863,-65.86356311910042,0.3196625855594684,69.51415662587249,-0.03635708494780777,-0.37840843486377207,-0.00037072,0.3805351243816155,0.00017264,1,1.0
1051,2.272688617839314,1.9570411342058336,-0.00033195,0.8719611650083201,3.0023031448610418,1.3472332624815684,-0.21789562370390278,73.71858657934699,-0.04593960525765017,-68.12797628828739,0.14951036861664863,-100.0,0.3196625855594684,52.33683332334827,-0.03635708494780777,0.3713901313609018,-0.00037072,3.958043044664578,0.00017264,0,1.0
1052,0.8736592002109851,4.665815806404758,-0.00033195,0.8719611650083201,3.0023031448610418,72.12021801186862,-0.21789562370390278,34.71331668484257,-0.04593960525765017,-66.05811858239454,0.14951036861664863,-41.39748433187441,0.3196625855594684,-5.113861035692102,-0.03635708494780777,0.26946924935737915,-0.00037072,8.261513237781116,0.00017264,0,1.0
1053,0.049455691777527955,0.030117239884729464,-0.00033195,0.8719611650083201,3.0023031448610418,60.94514282621381,-0.21789562370390278,56.92644559054671,-0.04593960525765017,-66.7755432001227,0.14951036861664863,-31.31901298956072,0.3196625855594684,-22.08823504906973,-0.03635708494780777,0.26619829915171866,-0.00037072,5.303446101312838,0.00017264,0,1.0
1054,0.01704785634496675,0.01891667285653218,-0.00033195,0.8719611650083201,3.0023031448610418,42.63681631501749,-0.21789562370390278,43.800034837850966,-0.04593960525765017,-62.28836385701063,0.14951036861664863,-5.154958313446079,0.3196625855594684,-12.191806176865208,-0.03635708494780777,0.2669933430165836,-0.00037072,3.9291002550172918,0.00017264,0,1.0
1055,-0.12338363704776167,1.362366298673455,-0.00033195,0.8719611650083201,3.0023031448610418,92.0444422007292,-0.21789562370390278,40.78243482318777,-0.04593960525765017,-33.75277810895873,0.14951036861664863,80.82852408510063,0.3196625855594684,-74.1707157385483,-0.03635708494780777,2.449594653379645,-0.00037072,5.3466870376619156,0.00017264,0,1.0
1056,1.8207872153442597,2.006781207999756,-0.00033195,0.8719611650083201,3.0023031448610418,-52.07995186719185,-0.21789562370390278,-5.255699637447317,-0.04593960525765017,-25.857054643086446,0.14951036861664863,-17.379255768411866,0.3196625855594684,78.26702892446283,-0.03635708494780777,-0.5712221166640112,-0.00037072,0.35856977360081316,0.00017264,1,1.0
1057,0.2090911221401197,0.07264280045478994,-0.00033195,0.8719611650083201,3.0023031448610418,48.17958895631532,-0.21789562370390278,51.1559450712835,-0.04593960525765017,-74.07883855680524,0.14951036861664863,-17.600576784595777,0.3196625855594684,-7.685275376452888,-0.03635708494780777,0.26743292938640195,-0.00037072,4.8596473072499276,0.00017264,0,1.0
1058,0.6131136182725536,1.2068766576486198,-0.00033195,0.8719611650083201,3.0023031448610418,-28.66238725107538,-0.21789562370390278,-11.732793754759008,-0.04593960525765017,-35.55945901387977,0.14951036861664863,50.01225721998817,0.3196625855594684,42.35635822891144,-0.03635708494780777,-0.5435499772480304,-0.00037072,0.5286643458677965,0.00017264,1,1.0
1059,0.1897930866692339,0.6146388649097375,-0.00033195,0.8719611650083201,3.0023031448610418,45.71584887333272,-0.21789562370390278,35.738292983362186,-0.04593960525765017,-60.654496046716844,0.14951036861664863,78.73557163494212,0.3196625855594684,-23.726062425060768,-0.03635708494780777,1.6907976535445137,-0.00037072,3.4998982544363892,0.00017264,0,1.0
1060,1.2056692437045777,1.8761645338468977,-0.00033195,0.8719611650083201,3.0023031448610418,23.651521861609446,-0.21789562370390278,57.26727969671806,-0.04593960525765017,-41.829541838594224,0.14951036861664863,-24.08419170433941,0.3196625855594684,2.921029681930917,-0.03635708494780777,0.8818426095040242,-0.00037072,3.2220586845733346,0.00017264,0,1.0
1061,0.9214687839221443,1.5608794989683497,-0.00033195,0.8719611650083201,3.0023031448610418,42.00558476340235,-0.21789562370390278,42.73935699671755,-0.04593960525765017,-86.30859566610621,0.14951036861664863,9.305760049318785,0.3196625855594684,12.23626151988245,-0.03635708494780777,0.8657285926991012,-0.00037072,5.670319846465772,0.00017264,0,1.0
1062,0.7284841717693347,1.1102107645348078,-0.00033195,0.8719611650083201,3.0023031448610418,89.12660800131427,-0.21789562370390278,78.9785863209896,-0.04593960525765017,-56.56650188467067,0.14951036861664863,-47.274744373155286,0.3196625855594684,-42.60303227230146,-0.03635708494780777,1.5066078597707073,-0.00037072,7.053858471805015,0.00017264,0,1.0
1063,2.062939173795417,1.7694001500637178,-0.00033195,0.8719611650083201,3.0023031448610418,-63.44398479610708,-0.21789562370390278,1.8473786002760038,-0.04593960525765017,-56.6874267934596,0.14951036861664863,-0.4309549044162604,0.3196625855594684,99.05710657400888,-0.03635708494780777,-0.3854666430178045,-0.00037072,0.30571737786665937,0.00017264,1,1.0
1064,1.275898547091746,2.873272785614475,-0.00033195,0.8719611650083201,3.0023031448610418,-56.864297842001626,-0.21789562370390278,22.128898760847353,-0.04593960525765017,-79.64435009005315,0.14951036861664863,-64.38003774680027,0.3196625855594684,97.83231628582172,-0.03635708494780777,-1.5025392078007536,-0.00037072,0.3573678289849407,0.00017264,1,1.0
1065,2.019767134660278,3.6173098379181274,-0.00033195,0.8719611650083201,3.0023031448610418,-25.274082772306276,-0.21789562370390278,10.055289018002558,-0.04593960525765017,-73.94969257984276,0.14951036861664863,1.391125250400274,0.3196625855594684,79.95537423715518,-0.03635708494780777,0.27829586028097775,-0.00037072,3.0396111415642526,0.00017264,0,1.0
1066,0.49361184161915833,0.9502793055719221,-0.00033195,0.8719611650083201,3.0023031448610418,-1.016772273095922,-0.21789562370390278,15.912695147161399,-0.04593960525765017,-25.217915779007484,0.14951036861664863,-30.92558195291701,0.3196625855594684,19.491306531280415,-0.03635708494780777,-0.1625481003431195,-0.00037072,1.2049836069606839,0.00017264,1,1.0
1067,1.132260241515874,0.6929349951433046,-0.00033195,0.8719611650083201,3.0023031448610418,16.11519977434261,-0.21789562370390278,56.740364088789036,-0.04593960525765017,-58.86282279354595,0.14951036861664863,-52.5352837642968,0.3196625855594684,21.042357708613498,-0.03635708494780777,0.2809792638650406,-0.00037072,3.351965124882735,0.00017264,0,1.0
1068,0.18207756573986633,0.4057543726982041,-0.00033195,0.8719611650083201,3.0023031448610418,28.58838044518852,-0.21789562370390278,41.47409561100576,-0.04593960525765017,-73.90103526847182,0.14951036861664863,63.33661455500097,0.3196625855594684,-6.045373774468856,-0.03635708494780777,1.017676619757265,-0.00037072,2.844018127796115,0.00017264,0,1.0
1069,1.1504207485538502,6.7679351856301615,-0.00033195,0.8719611650083201,3.0023031448610418,36.18844951279776,-0.21789562370390278,-3.790820205434313,-0.04593960525765017,-34.40744394838764,0.14951036861664863,15.625312307025856,0.3196625855594684,11.93108910805297,-0.03635708494780777,0.2636032233272432,-0.00037072,5.984720469623104,0.00017264,0,1.0
1070,-0.1508554687453869,9.780035532907302,-0.00033195,0.8719611650083201,3.0023031448610418,-52.09308684478583,-0.21789562370390278,-55.734897453020245,-0.04593960525765017,-30.7932149431993,0.14951036861664863,63.49178714713555,0.3196625855594684,61.384795480551155,-0.03635708494780777,-2.909806741022754,-0.00037072,0.22977226091009917,0.00017264,1,1.0
1071,0.37914209050145753,1.327250395405932,-0.00033195,0.8719611650083201,3.0023031448610418,53.18022975207727,-0.21789562370390278,61.17867343672997,-0.04593960525765017,-31.971417380500075,0.14951036861664863,-32.97465252113936,0.3196625855594684,-32.938389201110084,-0.03635708494780777,0.7648311468656992,-0.00037072,3.894419949746,0.00017264,0,1.0
1072,2.9828426334445455,5.480250568340546,-0.00033195,0.8719611650083201,3.0023031448610418,29.312097971533806,-0.21789562370390278,70.1640801861702,-0.04593960525765017,-99.14325005173552,0.14951036861664863,-59.9047508600453,0.3196625855594684,56.59802323528715,-0.03635708494780777,1.8281344905392554,-0.00037072,7.184931043824179,0.00017264,0,1.0
1073,0.9579796273575388,0.7316236453364808,-0.00033195,0.8719611650083201,3.0023031448610418,6.589612938766813,-0.21789562370390278,26.77947768693464,-0.04593960525765017,-29.02368865337911,0.14951036861664863,4.0658964242509095,0.3196625855594684,12.226178222216388,-0.03635708494780777,0.9073046262858087,-0.00037072,1.6717073971517433,0.00017264,0,1.0
1074,0.36502212498311604,0.10800928761336656,-0.00033195,0.8719611650083201,3.0023031448610418,83.5910764348247,-0.21789562370390278,86.24108638433567,-0.04593960525765017,-96.18421917378261,0.14951036861664863,-70.92185856985506,0.3196625855594684,-22.300062766963727,-0.03635708494780777,0.2597562085996614,-0.00037072,7.812745787968209,0.00017264,0,1.0
1075,0.24464009960148658,7.289156768195898,-0.00033195,0.8719611650083201,3.0023031448610418,-50.914805822982366,-0.21789562370390278,-27.902326199902816,-0.04593960525765017,-52.04088396738559,0.14951036861664863,-8.899169018993446,0.3196625855594684,77.79061881360376,-0.03635708494780777,-2.3310859445600203,-0.00037072,0.22219866017184375,0.00017264,1,1.0
1076,0.5832159169625568,0.8789826581210177,-0.00033195,0.8719611650083201,3.0023031448610418,47.30679439505495,-0.21789562370390278,42.45545688693558,-0.04593960525765017,-56.08911443173146,0.14951036861664863,38.055693842676746,0.3196625855594684,-17.286331150038254,-0.03635708494780777,1.6087347288218243,-0.00037072,4.1150591396875935,0.00017264,0,1.0
1077,0.0009872510675802693,1.64523896609307,-0.00033195,0.8719611650083201,3.0023031448610418,42.594146406128175,-0.21789562370390278,-2.8044179870476955,-0.04593960525765017,-20.282429861358732,0.14951036861664863,67.17136061200438,0.3196625855594684,-26.119903238578093,-0.03635708494780777,0.6401118148321077,-0.00037072,3.7221873439888933,0.00017264,0,1.0
1078,0.0007149538423698587,0.03389652938002238,-0.00033195,0.8719611650083201,3.0023031448610418,91.33990235635942,-0.21789562370390278,78.88594215899029,-0.04593960525765017,-80.14279236554776,0.14951036861664863,-63.63502404619949,0.3196625855594684,-38.89908164296774,-0.03635708494780777,0.25897322150888513,-0.00037072,7.559588518306646,0.00017264,0,1.0
1079,0.8078112955012731,0.46550472829641387,-0.00033195,0.8719611650083201,3.0023031448610418,-39.59922621547345,-0.21789562370390278,16.86189203799988,-0.04593960525765017,-88.39307067743391,0.14951036861664863,27.800317181359404,0.3196625855594684,70.97831773737366,-0.03635708494780777,-0.4355304686525606,-0.00037072,0.44632580350433537,0.00017264,1,1.0
1080,0.8761688740151394,0.2806944330859988,-0.00033195,0.8719611650083201,3.0023031448610418,37.043481347056186,-0.21789562370390278,52.64370030335239,-0.04593960525765017,-46.462832974092734,0.14951036861664863,-74.44798095032695,0.3196625855594684,3.548582992278698,-0.03635708494780777,0.2652699427044145,-0.00037072,4.369612271237592,0.00017264,0,1.0
1081,0.39730905974873076,0.20996398964915045,-0.00033195,0.8719611650083201,3.0023031448610418,-10.3510455445662,-0.21789562370390278,5.59317985813115,-0.04593960525765017,-47.30397396979961,0.14951036861664863,68.4312350009269,0.3196625855594684,22.77303313947586,-0.03635708494780777,0.3824175847042579,-0.00037072,0.7174386704577389,0.00017264,0,1.0
1082,0.2204959638882793,0.04171400279530893,-0.00033195,0.8719611650083201,3.0023031448610418,6.812772558899011,-0.21789562370390278,27.829877263487678,-0.04593960525765017,-68.45415059896209,0.14951036861664863,37.89116433327337,0.3196625855594684,16.0170400946198,-0.03635708494780777,0.29231536365514543,-0.00037072,1.8619431013949677,0.00017264,0,1.0
1083,0.48923776263725316,0.7125682874984831,-0.00033195,0.8719611650083201,3.0023031448610418,2.4136781363360127,-0.21789562370390278,20.047783106806946,-0.04593960525765017,-37.639397667745605,0.14951036861664863,67.33126792857426,0.3196625855594684,4.421125749574376,-0.03635708494780777,0.32735024004633084,-0.00037072,1.518253806685931,0.00017264,0,1.0
1084,0.3109437347194447,0.04448510641166295,-0.00033195,0.8719611650083201,3.0023031448610418,-2.129763195196537,-0.21789562370390278,27.57363966130219,-0.04593960525765017,-86.80907498408945,0.14951036861664863,56.959542530582084,0.3196625855594684,29.452481786594756,-0.03635708494780777,0.29111819278886897,-0.00037072,1.7715556735154467,0.00017264,0,1.0
1085,2.4667150857366913,6.146453511205943,-0.00033195,0.8719611650083201,3.0023031448610418,14.078002250307954,-0.21789562370390278,50.79168353001892,-0.04593960525765017,-48.88822400057842,0.14951036861664863,52.48645315188905,0.3196625855594684,20.331902324125913,-0.03635708494780777,2.5849370273057857,-0.00037072,3.7141750979973334,0.00017264,0,1.0
1086,1.091445422798134,1.7543434439074155,-0.00033195,0.8719611650083201,3.0023031448610418,-40.87931068076149,-0.21789562370390278,-9.787610629825897,-0.04593960525765017,-31.122868723541004,0.14951036861664863,25.977974916676867,0.3196625855594684,57.89231808363646,-0.03635708494780777,-0.713686868827141,-0.00037072,0.3779013241749617,0.00017264,1,1.0
1087,0.25572889388443976,0.06084324983447264,-0.00033195,0.8719611650083201,3.0023031448610418,-27.498104533508958,-0.21789562370390278,6.474670033658731,-0.04593960525765017,-75.03692867697849,0.14951036861664863,72.19315800484506,0.3196625855594684,45.16218915173551,-0.03635708494780777,-0.0956665219496664,-0.00037072,0.09749029721089475,0.00017264,1,1.0
1088,-0.003525682489580656,1.2805933185807645,-0.00033195,0.8719611650083201,3.0023031448610418,32.110174545762135,-0.21789562370390278,-4.235980594882498,-0.04593960525765017,-17.774809935995528,0.14951036861664863,46.092570974103765,0.3196625855594684,-16.601117095642817,-0.03635708494780777,0.27834212468998354,-0.00037072,3.0874926392211046,0.00017264,0,1.0
1089,0.0009279199024117002,0.9021217087510056,-0.00033195,0.8719611650083201,3.0023031448610418,67.46817575783172,-0.21789562370390278,52.02045789705158,-0.04593960525765017,-35.16475861972993,0.14951036861664863,23.10542870722216,0.3196625855594684,-51.32695602794578,-0.03635708494780777,1.4814876835306798,-0.00037072,4.090450020519968,0.00017264,0,1.0
1090,2.305615891540313,2.9304503235234995,-0.00033195,0.8719611650083201,3.0023031448610418,-30.378189923241077,-0.21789562370390278,9.297386464715768,-0.04593960525765017,-36.641806423285445,0.14951036861664863,-50.69728628245443,0.3196625855594684,76.8791107715678,-0.03635708494780777,0.29397977259113384,-0.00037072,2.134492634257947,0.00017264,0,1.0
1091,1.0271989744004282,7.396395044646612,-0.00033195,0.8719611650083201,3.0023031448610418,-65.90192561793995,-0.21789562370390278,-48.209470106037216,-0.04593960525765017,-2.4240693213049562,0.14951036861664863,24.613245495454937,0.3196625855594684,75.25426895263338,-0.03635708494780777,-2.696750585191019,-0.00037072,0.21622339397077517,0.00017264,1,1.0
1092,0.9746168805304533,0.32605692812177034,-0.00033195,0.8719611650083201,3.0023031448610418,23.847485454319862,-0.21789562370390278,52.65495204910526,-0.04593960525765017,-60.71265577207385,0.14951036861664863,-53.5962059332795,0.3196625855594684,17.07143219333913,-0.03635708494780777,0.2754021967951086,-0.00037072,3.827626351749533,0.00017264,0,1.0
1093,1.7013000822989326,1.054183114802667,-0.00033195,0.8719611650083201,3.0023031448610418,-16.47946625526876,-0.21789562370390278,41.05548980247855,-0.04593960525765017,-53.85487142397181,0.14951036861664863,-34.519591511019925,0.3196625855594684,50.9243940624959,-0.03635708494780777,0.30538813909222995,-0.00037072,1.9308052660212893,0.00017264,0,1.0
1094,0.10181447718831205,0.08572653558134895,-0.00033195,0.8719611650083201,3.0023031448610418,22.30231136428938,-0.21789562370390278,28.89895616143129,-0.04593960525765017,-70.15922416552928,0.14951036861664863,42.36609573176077,0.3196625855594684,4.326097052961523,-0.03635708494780777,0.4805645969809782,-0.00037072,2.789554006778397,0.00017264,0,1.0
1095,-0.010645152725830442,0.8614373746537377,-0.00033195,0.8719611650083201,3.0023031448610418,79.5412710991905,-0.21789562370390278,40.07250424656874,-0.04593960525765017,-36.70637040106545,0.14951036861664863,60.707471664369315,0.3196625855594684,-59.261818324560586,-0.03635708494780777,2.0443334712178793,-0.00037072,4.928265171257159,0.00017264,0,1.0
1096,1.375571010641957,0.7448921149767231,-0.00033195,0.8719611650083201,3.0023031448610418,-52.26036644532848,-0.21789562370390278,4.4056842880883025,-0.04593960525765017,-74.01606233063656,0.14951036861664863,38.90994304803961,0.3196625855594684,83.1950656205935,-0.03635708494780777,-0.19999782326521845,-0.00037072,0.20088239652429743,0.00017264,1,1.0
1097,0.927227162903614,1.6403452989261191,-0.00033195,0.8719611650083201,3.0023031448610418,18.28841678315215,-0.21789562370390278,40.922553166098304,-0.04593960525765017,-46.56489863014273,0.14951036861664863,45.7988165337022,0.3196625855594684,-0.13666454523004934,-0.03635708494780777,1.2397312389363382,-0.00037072,2.5277844948663732,0.00017264,0,1.0
1098,0.23386968386429247,0.05315549990762958,-0.00033195,0.8719611650083201,3.0023031448610418,-5.568169250046834,-0.21789562370390278,12.537087271263788,-0.04593960525765017,-53.09251203696904,0.14951036861664863,52.43158670860343,0.3196625855594684,20.1617772303124,-0.03635708494780777,0.3712128696645076,-0.00037072,0.7573936568907085,0.00017264,0,1.0
1099,1.7091297920064492,0.8411726194305595,-0.00033195,0.8719611650083201,3.0023031448610418,-12.451145750191987,-0.21789562370390278,27.657202925768456,-0.04593960525765017,-32.84655956199408,0.14951036861664863,-69.16865319847835,0.3196625855594684,49.74273993855169,-0.03635708494780777,0.2900187685863237,-0.00037072,1.9764529301286018,0.00017264,0,1.0
1100,0.0009589520184096201,0.06324066001538912,-0.00033195,1.9464841943037883,5.142739189835587,40.51185626754995,-0.21789562370390278,11.671164873140855,-0.04593960525765017,-80.73682069805028,0.14951036861664863,38.12645641902666,0.3196625855594684,18.409150923888205,-0.03635708494780777,-0.01402739730580077,-0.00037072,0.12823957041627912,0.00017264,1,1.0
1101,0.0690907983416156,0.07500667927922759,-0.00033195,1.9464841943037883,5.142739189835587,-3.0888098842405887,-0.21789562370390278,-9.477961614280083,-0.04593960525765017,-15.527130468142657,0.14951036861664863,-99.88851538523,0.3196625855594684,39.60964196745338,-0.03635708494780777,-0.11562490380738764,-0.00037072,0.13315298982145962,0.00017264,1,1.0
1102,0.11722508917535246,0.0011555153248000403,-0.00033195,1.9464841943037883,5.142739189835587,-66.70361979460988,-0.21789562370390278,7.236855611183292,-0.04593960525765017,-77.7397054999969,0.14951036861664863,52.20070016120798,0.3196625855594684,63.807783787757074,-0.03635708494780777,-0.021217412724219085,-0.00037072,0.021223739727504305,0.00017264,1,1.0
1103,0.04364840067260329,0.05500416629755472,-0.00033195,1.9464841943037883,5.142739189835587,46.657527778437604,-0.21789562370390278,5.833519813501583,-0.04593960525765017,-22.34628625680279,0.14951036861664863,23.482575218123173,0.3196625855594684,-7.141493174361027,-0.03635708494780777,0.03354857163237919,-0.00037072,0.08303224468640219,0.00017264,0,1.0
1104,0.0994754527543413,0.004321103606176709,-0.00033195,1.9464841943037883,5.142739189835587,-28.264003537784177,-0.21789562370390278,9.130548785152493,-0.04593960525765017,-47.09922117304633,0.14951036861664863,-62.88865197089825,0.3196625855594684,42.82276467364825,-0.03635708494780777,-0.04552842861219433,-0.00037072,0.04552968572844342,0.00017264,1,1.0
1105,0.09902395862245789,0.004144592124961535,-0.00033195,1.9464841943037883,5.142739189835587,-66.72872679724405,-0.21789562370390278,-1.920616175504161,-0.04593960525765017,-56.40916718489407,0.14951036861664863,87.53224098300794,0.3196625855594684,55.90929027430914,-0.03635708494780777,-0.016205205875299087,-0.00037072,0.016096059242808113,0.00017264,1,1.0
1106,-5.3438511771905506e-05,0.022869357099909494,-0.00033195,1.9464841943037883,5.142739189835587,23.289709230401233,-0.21789562370390278,2.266311056319442,-0.04593960525765017,-7.116805417292799,0.14951036861664863,17.97057136486592,0.3196625855594684,-7.850887976017203,-0.03635708494780777,0.017033846608133466,-0.00037072,0.030106304589914527,0.00017264,0,1.0
1107,0.09971774643645827,0.0005600975038473987,-0.00033195,1.9464841943037883,5.142739189835587,-57.628292663269065,-0.21789562370390278,4.773449912837012,-0.04593960525765017,-60.26628191828775,0.14951036861664863,54.425942814137784,0.3196625855594684,51.408210522622674,-0.03635708494780777,-0.011222389376344486,-0.00037072,0.01121865088198026,0.00017264,1,1.0
1108,0.016199784660327038,0.04471810118227222,-0.00033195,1.9464841943037883,5.142739189835587,-12.989618480977109,-0.21789562370390278,15.30370883968885,-0.04593960525765017,-23.286275811741362,0.14951036861664863,58.44081848595775,0.3196625855594684,-5.53026568356023,-0.03635708494780777,-0.09626692379846355,-0.00037072,0.09802847725141445,0.00017264,1,1.0
1109,0.3438085175516591,0.15119740475805854,-0.00033195,1.9464841943037883,5.142739189835587,68.57509944282842,-0.21789562370390278,24.925161237662657,-0.04593960525765017,-100.0,0.14951036861664863,-54.442092309250434,0.3196625855594684,45.281369081218834,-0.03635708494780777,0.05805981452236797,-0.00037072,0.25174283274271536,0.00017264,0,1.0
1110,8.72004435016338e-05,0.2372909957279778,-0.00033195,1.9464841943037883,5.142739189835587,44.30461419701272,-0.21789562370390278,42.031970197312354,-0.04593960525765017,-10.658799158947986,0.14951036861664863,-65.49921006835874,0.3196625855594684,-49.93653882220603,-0.03635708494780777,-0.20040379909217948,-0.00037072,0.21565774214383615,0.00017264,1,1.0
1111,0.00020201514604786808,0.017767072977117774,-0.00033195,1.9464841943037883,5.142739189835587,-8.771582559737116,-0.21789562370390278,17.327152783491332,-0.04593960525765017,-81.32606798034523,0.14951036861664863,4.650688954484373,0.3196625855594684,31.5166752632414,-0.03635708494780777,-0.05638526711028549,-0.00037072,0.06927257765940184,0.00017264,1,1.0
1112,0.05462599965377153,0.03924494112498296,-0.00033195,1.9464841943037883,5.142739189835587,-57.70679046626022,-0.21789562370390278,-4.8120628770694,-0.04593960525765017,-84.16834888358082,0.14951036861664863,56.64277684690157,0.3196625855594684,73.57833308797366,-0.03635708494780777,-0.0876788191094477,-0.00037072,0.08790692567023058,0.00017264,1,1.0
1113,0.17924317432022938,0.002927270956031386,-0.00033195,1.9464841943037883,5.142739189835587,-83.03126346569913,-0.21789562370390278,1.8102174209591297,-0.04593960525765017,-54.991700879574104,0.14951036861664863,57.89296317791771,0.3196625855594684,65.9804875495296,-0.03635708494780777,-0.010022711202417333,-0.00037072,0.010023880291771689,0.00017264,1,1.0
1114,0.20211171919309834,0.01098348596824287,-0.00033195,1.9464841943037883,5.142739189835587,-75.31627362316387,-0.21789562370390278,16.798900497675163,-0.04593960525765017,-77.85258533145989,0.14951036861664863,-7.049845238570526,0.3196625855594684,69.33993914582226,-0.03635708494780777,-0.05515670491892226,-0.00037072,0.0558465759313273,0.00017264,1,1.0
1115,-0.00010823445164853673,0.03265572438896332,-0.00033195,1.9464841943037883,5.142739189835587,6.168638097082159,-0.21789562370390278,16.247192285048126,-0.04593960525765017,-88.56936853544187,0.14951036861664863,29.074492752755845,0.3196625855594684,29.59631050389381,-0.03635708494780777,-0.033894956521827946,-0.00037072,0.08526914135064241,0.00017264,1,1.0
1116,0.3478499840757948,0.1424666692922013,-0.00033195,1.9464841943037883,5.142739189835587,-84.24263487580505,-0.21789562370390278,33.166991462409484,-0.04593960525765017,-37.86149552103099,0.14951036861664863,-81.15099848347582,0.3196625855594684,49.01680349335436,-0.03635708494780777,-0.17293259291332608,-0.00037072,0.17167351019523347,0.00017264,1,1.0
1117,0.15347639974337174,0.0015879369508634122,-0.00033195,1.9464841943037883,5.142739189835587,-55.040764737151484,-0.21789562370390278,3.1728574445662705,-0.04593960525765017,-36.653091652997325,0.14951036861664863,-11.578309996494209,0.3196625855594684,50.37426837174511,-0.03635708494780777,-0.009376148037980737,-0.00037072,0.009452941330059965,0.00017264,1,1.0
1118,0.2488503935853219,0.26997977663908995,-0.00033195,1.9464841943037883,5.142739189835587,86.95291923866748,-0.21789562370390278,-7.9817643727470475,-0.04593960525765017,-22.139227578396948,0.14951036861664863,-49.167615468815036,0.3196625855594684,22.40099165810793,-0.03635708494780777,-0.04347943239265106,-0.00037072,0.32859474011898293,0.00017264,1,1.0
1119,0.1676983488970361,0.060823729867022544,-0.00033195,1.9464841943037883,5.142739189835587,-57.954126208196506,-0.21789562370390278,25.260815386942756,-0.04593960525765017,-63.26309621109497,0.14951036861664863,8.822571237198352,0.3196625855594684,39.96500200000628,-0.03635708494780777,-0.11613541470802122,-0.00037072,0.11634011527972155,0.00017264,1,1.0
1120,0.0004299714315061931,0.08558498483519222,-0.00033195,1.9464841943037883,5.142739189835587,75.23122923301084,-0.21789562370390278,20.712331137031224,-0.04593960525765017,-31.75118682730561,0.14951036861664863,60.151073857650246,0.3196625855594684,-36.20715100030393,-0.03635708494780777,0.013671968820349087,-0.00037072,0.1300532880282637,0.00017264,0,1.0
1121,0.416857067898675,0.22607031393826527,-0.00033195,1.9464841943037883,5.142739189835587,14.658649925182516,-0.21789562370390278,-6.73548046530661,-0.04593960525765017,-30.473544099016156,0.14951036861664863,48.25065896369184,0.3196625855594684,51.29020111948441,-0.03635708494780777,0.020342969044507414,-0.00037072,0.26490066324564077,0.00017264,0,1.0
1122,0.0012820843047152697,0.006480649460255486,-0.00033195,1.9464841943037883,5.142739189835587,8.471299457378867,-0.21789562370390278,11.104728732464384,-0.04593960525765017,-24.067255969819996,0.14951036861664863,-50.095638533716624,0.3196625855594684,4.931207263935947,-0.03635708494780777,-0.041716381154373955,-0.00037072,0.04194924837359046,0.00017264,1,1.0
1123,0.0008008197131307015,0.044616949809739806,-0.00033195,1.9464841943037883,5.142739189835587,57.118633097918135,-0.21789562370390278,13.906491865396315,-0.04593960525765017,-34.46393831846598,0.14951036861664863,-66.51790137662262,0.3196625855594684,-5.479174282309202,-0.03635708494780777,-0.020437521441565992,-0.00037072,0.10100700772369622,0.00017264,1,1.0
1124,0.3939515858769851,0.09858502739995864,-0.00033195,1.9464841943037883,5.142739189835587,-78.60982079964054,-0.21789562370390278,21.218901504995618,-0.04593960525765017,-44.447944936074286,0.14951036861664863,0.1757742794222974,0.3196625855594684,59.725228665634056,-0.03635708494780777,-0.06750034852566417,-0.00037072,0.14316502312184828,0.00017264,1,1.0
1125,0.15210409196688235,0.09296315004392064,-0.00033195,1.9464841943037883,5.142739189835587,43.530598096764976,-0.21789562370390278,8.521615758611542,-0.04593960525765017,-53.08552970981461,0.14951036861664863,-1.1988330351514724,0.3196625855594684,21.567056837675633,-0.03635708494780777,0.0197396412244059,-0.00037072,0.15489698506025018,0.00017264,0,1.0
1126,0.0004652729420504542,0.17324847252861914,-0.00033195,1.9464841943037883,5.142739189835587,83.51498259570731,-0.21789562370390278,46.30152803537959,-0.04593960525765017,-98.19277863559711,0.14951036861664863,27.10498720229856,0.3196625855594684,-24.636491884439014,-0.03635708494780777,-0.06580778585765364,-0.00037072,0.2221554250180101,0.00017264,1,1.0
1127,0.00010939253194108822,0.03377739619697111,-0.00033195,1.9464841943037883,5.142739189835587,27.50161515600999,-0.21789562370390278,21.458682570404857,-0.04593960525765017,-60.82583426577926,0.14951036861664863,-82.9697410675376,0.3196625855594684,12.966454316796225,-0.03635708494780777,-0.06624861595255356,-0.00037072,0.09688560340858852,0.00017264,1,1.0
1128,0.0009127832502599242,0.008616248991991739,-0.00033195,1.9464841943037883,5.142739189835587,-20.120344031393856,-0.21789562370390278,14.571763327098578,-0.04593960525765017,-76.69765424134933,0.14951036861664863,23.518851594020212,0.3196625855594684,33.35806768226653,-0.03635708494780777,-0.05224030137133777,-0.00037072,0.05263352380086882,0.00017264,1,1.0
1129,0.0002192216633765398,0.03105975189236611,-0.00033195,1.9464841943037883,5.142739189835587,20.62665128750246,-0.21789562370390278,15.64465491521816,-0.04593960525765017,-64.61897051571157,0.14951036861664863,-21.485848848976264,0.3196625855594684,17.089331349009207,-0.03635708494780777,-0.037094113398370925,-0.00037072,0.08435981903599055,0.00017264,1,1.0
1130,0.00031107677075931095,0.04486514324662609,-0.00033195,1.9464841943037883,5.142739189835587,61.582579232186475,-0.21789562370390278,7.490028218043001,-0.04593960525765017,-13.039175847985662,0.14951036861664863,-68.224772177027,0.3196625855594684,-12.223961069401485,-0.03635708494780777,-0.014852683992273803,-0.00037072,0.09731152651411965,0.00017264,1,1.0
1131,0.1003570726214077,0.06282681986990196,-0.00033195,1.9464841943037883,5.142739189835587,39.6253430888097,-0.21789562370390278,21.140833383077894,-0.04593960525765017,-29.364500512037694,0.14951036861664863,-47.7608121742288,0.3196625855594684,-5.6638023703793205,-0.03635708494780777,-0.007231383032373244,-0.00037072,0.10603850687270261,0.00017264,1,1.0
1132,0.00037015900675461955,0.04857866708875371,-0.00033195,1.9464841943037883,5.142739189835587,35.91440544567378,-0.21789562370390278,7.458830433866658,-0.04593960525765017,-26.178644111838963,0.14951036861664863,95.4037047638294,0.3196625855594684,-15.559793307387237,-0.03635708494780777,0.028823463619880852,-0.00037072,0.07024997229356102,0.00017264,0,1.0
1133,0.17699114735143778,0.0025303706345946773,-0.00033195,1.9464841943037883,5.142739189835587,-77.52029095549975,-0.21789562370390278,10.511930223857108,-0.04593960525765017,-83.63399675029669,0.14951036861664863,12.605342952685685,0.3196625855594684,76.66872665787162,-0.03635708494780777,-0.03255281487879313,-0.00037072,0.032524704767425784,0.00017264,1,1.0
1134,0.11928581688649789,0.004928453883369212,-0.00033195,1.9464841943037883,5.142739189835587,-63.08872895753977,-0.21789562370390278,-4.436047282113807,-0.04593960525765017,-27.76146681196224,0.14951036861664863,76.32221197945248,0.3196625855594684,43.183027916074685,-0.03635708494780777,-0.026525633329660875,-0.00037072,0.02660298301235304,0.00017264,1,1.0
1135,0.23368610084028124,0.05006301987419579,-0.00033195,1.9464841943037883,5.142739189835587,-41.01888382176839,-0.21789562370390278,5.912795005158046,-0.04593960525765017,-62.537912622955695,0.14951036861664863,8.957870929004459,0.3196625855594684,62.84119468334134,-0.03635708494780777,0.009233138065903257,-0.00037072,0.0752591390566981,0.00017264,0,1.0
1136,0.023101192157058706,0.06394523826559594,-0.00033195,1.9464841943037883,5.142739189835587,17.26375846655645,-0.21789562370390278,-2.235265020955375,-0.04593960525765017,-44.66995991830085,0.14951036861664863,28.20357975420512,0.3196625855594684,23.26109955235794,-0.03635708494780777,-0.042395047560523515,-0.00037072,0.12036202338166804,0.00017264,1,1.0
1137,0.000365304447727699,0.022168307448741296,-0.00033195,1.9464841943037883,5.142739189835587,24.636592782411746,-0.21789562370390278,14.529369180590779,-0.04593960525765017,-43.182157003920864,0.14951036861664863,-84.76106830267518,0.3196625855594684,11.5509308697006,-0.03635708494780777,-0.05568704162173234,-0.00037072,0.0786831888478723,0.00017264,1,1.0
1138,0.213636705130395,0.006955722211328568,-0.00033195,1.9464841943037883,5.142739189835587,-60.58111423907378,-0.21789562370390278,14.776717901246807,-0.04593960525765017,-69.74891032188167,0.14951036861664863,-98.37282817338796,0.3196625855594684,74.00792352138812,-0.03635708494780777,-0.05839720608323528,-0.00037072,0.05839226262527524,0.00017264,1,1.0
1139,0.06293920602617367,0.017381860599011634,-0.00033195,1.9464841943037883,5.142739189835587,-26.621013010048898,-0.21789562370390278,13.800677805838026,-0.04593960525765017,-86.8898727863973,0.14951036861664863,-62.59818321950153,0.3196625855594684,58.09879304710686,-0.03635708494780777,-0.08387343046957521,-0.00037072,0.08440300853914473,0.00017264,1,1.0
1140,0.24247027434414775,0.07130820067420222,-0.00033195,1.9464841943037883,5.142739189835587,-61.04267990290696,-0.21789562370390278,21.676995993315394,-0.04593960525765017,-23.28809446121182,0.14951036861664863,-37.050684840926856,0.3196625855594684,32.3840611882936,-0.03635708494780777,-0.12193893404178312,-0.00037072,0.12327315159983894,0.00017264,1,1.0
1141,0.1635270219512403,0.002158634131490628,-0.00033195,1.9464841943037883,5.142739189835587,-33.30925021788475,-0.21789562370390278,5.539730769700192,-0.04593960525765017,-15.98731218070011,0.14951036861664863,-99.53371670323385,0.3196625855594684,39.32036082702631,-0.03635708494780777,-0.0267346433062967,-0.00037072,0.026749456656432136,0.00017264,1,1.0
1142,0.17841873052733617,0.008696883798833193,-0.00033195,1.9464841943037883,5.142739189835587,-59.672869019644594,-0.21789562370390278,0.5574653089010371,-0.04593960525765017,-5.508758724907932,0.14951036861664863,17.459402187315536,0.3196625855594684,34.42315415833444,-0.03635708494780777,-0.04186708793659636,-0.00037072,0.0422722243454483,0.00017264,1,1.0
1143,0.6494252189971724,0.2640946628427201,-0.00033195,1.9464841943037883,5.142739189835587,97.52995796315014,-0.21789562370390278,30.091262376422897,-0.04593960525765017,-30.82350760261148,0.14951036861664863,-5.0079104790952105,0.3196625855594684,7.04442927742972,-0.03635708494780777,0.21020370848430664,-0.00037072,0.2830711468486135,0.00017264,0,1.0
1144,0.00022788034586870842,0.03485640839837085,-0.00033195,1.9464841943037883,5.142739189835587,22.233979725922584,-0.21789562370390278,13.525443088157704,-0.04593960525765017,-52.96486464718259,0.14951036861664863,39.61498421785581,0.3196625855594684,4.640624945242381,-0.03635708494780777,-0.0014192666395051595,-0.00037072,0.06714814428805001,0.00017264,1,1.0
1145,0.13075626951079522,0.007224617546707622,-0.00033195,1.9464841943037883,5.142739189835587,-61.73519269958101,-0.21789562370390278,-5.039665388719012,-0.04593960525765017,-11.930121303150806,0.14951036861664863,75.5151091657785,0.3196625855594684,34.79472806026992,-0.03635708494780777,-0.04094270319756309,-0.00037072,0.041049020597874034,0.00017264,1,1.0
1146,0.09590318347033246,0.02300074239528213,-0.00033195,1.9464841943037883,5.142739189835587,-38.741306934961415,-0.21789562370390278,11.021927426386203,-0.04593960525765017,-73.28148625782357,0.14951036861664863,85.754825368675,0.3196625855594684,41.89622823976624,-0.03635708494780777,-0.008170181383693912,-0.00037072,0.04910813417316909,0.00017264,1,1.0
1147,0.695389156556739,0.22856328294582406,-0.00033195,1.9464841943037883,5.142739189835587,-73.10723471604098,-0.21789562370390278,44.175026103697164,-0.04593960525765017,-94.65215186418119,0.14951036861664863,-72.51891446058706,0.3196625855594684,95.30239153353858,-0.03635708494780777,-0.021998131867734264,-0.00037072,0.24588438795543488,0.00017264,1,1.0
1148,0.2267350145505503,0.13194984902726764,-0.00033195,1.9464841943037883,5.142739189835587,7.859842957660871,-0.21789562370390278,-2.6532699681198784,-0.04593960525765017,-54.19049013889029,0.14951036861664863,86.55002716399382,0.3196625855594684,42.65091369917854,-0.03635708494780777,0.01096968007608587,-0.00037072,0.18326678503738358,0.00017264,0,1.0
1149,0.05529774764472534,0.02484657898936367,-0.00033195,1.9464841943037883,5.142739189835587,-18.482921028209997,-0.21789562370390278,-1.7577401339339134,-0.04593960525765017,-36.68270774182677,0.14951036861664863,-50.92266009591542,0.3196625855594684,41.23354296689236,-0.03635708494780777,-0.0746170027138239,-0.00037072,0.07782466389765669,0.00017264,1,1.0
1150,0.1579712118681965,0.09022615224154541,-0.00033195,1.9464841943037883,5.142739189835587,44.882602043931406,-0.21789562370390278,23.004210666741045,-0.04593960525765017,-95.17197887686228,0.14951036861664863,-68.43910374841467,0.3196625855594684,38.22376062065618,-0.03635708494780777,-0.014486916570870909,-0.00037072,0.1803469375712658,0.00017264,1,1.0
1151,0.22278902336143555,0.03393974956082828,-0.00033195,1.9464841943037883,5.142739189835587,-60.902712295563674,-0.21789562370390278,24.428057766915558,-0.04593960525765017,-65.2849242203432,0.14951036861664863,-67.80291214991479,0.3196625855594684,56.9144997087612,-0.03635708494780777,-0.08895871363075701,-0.00037072,0.09035013655926162,0.00017264,1,1.0
1152,0.0003330584131061298,0.034196403725911775,-0.00033195,1.9464841943037883,5.142739189835587,49.21767290967108,-0.21789562370390278,13.87119545552137,-0.04593960525765017,-23.191979443634875,0.14951036861664863,-69.78230374420733,0.3196625855594684,-9.523009525983584,-0.03635708494780777,-0.019445129106457147,-0.00037072,0.07900960417907851,0.00017264,1,1.0
1153,0.1854601248695234,0.008524591831478526,-0.00033195,1.9464841943037883,5.142739189835587,-61.38233965485385,-0.21789562370390278,-5.274999035455818,-0.04593960525765017,-9.519929289476522,0.14951036861664863,-12.087318464471958,0.3196625855594684,48.53946415356294,-0.03635708494780777,-0.02664091823649907,-0.00037072,0.026719194864505157,0.00017264,1,1.0
1154,0.47907059729226154,0.17587318125103474,-0.00033195,1.9464841943037883,5.142739189835587,-47.31747196576452,-0.21789562370390278,35.61666871919736,-0.04593960525765017,-72.717132403705,0.14951036861664863,-11.973649395986696,0.3196625855594684,58.561013188527795,-0.03635708494780777,-0.040607403794272204,-0.00037072,0.21098682035814048,0.00017264,1,1.0
1155,0.0011825034358717013,0.029778485730306732,-0.00033195,1.9464841943037883,5.142739189835587,9.617414601714662,-0.21789562370390278,12.413741529159532,-0.04593960525765017,-65.99381544192761,0.14951036861664863,51.837889417660136,0.3196625855594684,16.592867352205133,-0.03635708494780777,-0.006202780953449765,-0.00037072,0.06321724235633938,0.00017264,1,1.0
1156,0.16168417986279018,0.14540941323249024,-0.00033195,1.9464841943037883,5.142739189835587,11.75845884830891,-0.21789562370390278,6.864192302351279,-0.04593960525765017,-99.33940226241133,0.14951036861664863,-82.97069926572475,0.3196625855594684,72.63394673382976,-0.03635708494780777,-0.09819088425558718,-0.00037072,0.22427636859735384,0.00017264,1,1.0
1157,0.19591191706178174,0.002039805646455685,-0.00033195,1.9464841943037883,5.142739189835587,-94.24380715326306,-0.21789562370390278,8.618395031018613,-0.04593960525765017,-90.21113104546404,0.14951036861664863,52.48410431752951,0.3196625855594684,85.08097411571408,-0.03635708494780777,-0.02136912393631073,-0.00037072,0.021373277531094772,0.00017264,1,1.0
1158,0.26531389401895883,0.11170243490670002,-0.00033195,1.9464841943037883,5.142739189835587,4.622930741576266,-0.21789562370390278,3.6060327129777203,-0.04593960525765017,-55.340466251540285,0.14951036861664863,26.779548125600023,0.3196625855594684,47.26434216660286,-0.03635708494780777,0.0247750896257264,-0.00037072,0.15880338003584688,0.00017264,0,1.0
1159,2.2132038162543666e-05,0.024706604780877748,-0.00033195,1.9464841943037883,5.142739189835587,13.645672918835823,-0.21789562370390278,2.4384568649336176,-0.04593960525765017,-13.070875124550007,0.14951036861664863,65.40028248201665,0.3196625855594684,-7.01345081504026,-0.03635708494780777,0.009581941443065936,-0.00037072,0.03962531406777977,0.00017264,0,1.0
1160,0.0004330900312681796,0.06707443965823422,-0.00033195,1.9464841943037883,5.142739189835587,50.91111271401253,-0.21789562370390278,21.61007951612155,-0.04593960525765017,-31.111156227133783,0.14951036861664863,8.353260581244045,0.3196625855594684,-23.79247556711023,-0.03635708494780777,-0.02864477757643062,-0.00037072,0.1126186127351811,0.00017264,1,1.0
1161,0.09417549556912402,0.0604329598764872,-0.00033195,1.9464841943037883,5.142739189835587,-58.0514950242582,-0.21789562370390278,-21.154197576064856,-0.04593960525765017,-11.355886562731623,0.14951036861664863,63.563185647348746,0.3196625855594684,50.94324760054016,-0.03635708494780777,-0.10105857132817404,-0.00037072,0.10123053523443355,0.00017264,1,1.0
1162,0.331632570679875,0.11014989396145633,-0.00033195,1.9464841943037883,5.142739189835587,-18.303357583416833,-0.21789562370390278,5.456144595046757,-0.04593960525765017,-63.34684372631847,0.14951036861664863,24.299506129586845,0.3196625855594684,63.06678781298128,-0.03635708494780777,0.03584211980946982,-0.00037072,0.14521904044373365,0.00017264,0,1.0
1163,0.20816288870757962,0.10997200536496556,-0.00033195,1.9464841943037883,5.142739189835587,65.30230584742829,-0.21789562370390278,26.02535700335258,-0.04593960525765017,-59.23379344177054,0.14951036861664863,6.551375368666011,0.3196625855594684,1.2711299671443075,-0.03635708494780777,0.07382998664467036,-0.00037072,0.15479542833957102,0.00017264,0,1.0
1164,0.5684022558853029,0.43686568619669514,-0.00033195,1.9464841943037883,5.142739189835587,-13.981659003570002,-0.21789562370390278,52.580433003054765,-0.04593960525765017,-43.71397258902321,0.14951036861664863,-6.808049703327739,0.3196625855594684,16.72435224176971,-0.03635708494780777,-0.12140311944277393,-0.00037072,0.363483201002726,0.00017264,1,1.0
1165,0.07690292924285173,0.008342713039386582,-0.00033195,1.9464841943037883,5.142739189835587,-23.459507805643174,-0.21789562370390278,12.889895834597791,-0.04593960525765017,-63.1733246402479,0.14951036861664863,-66.32219179953645,0.3196625855594684,45.21335522354661,-0.03635708494780777,-0.061875791838342145,-0.00037072,0.06187463841649132,0.00017264,1,1.0
1166,0.1536125674937951,0.0017222398749008932,-0.00033195,1.9464841943037883,5.142739189835587,-54.185610384088314,-0.21789562370390278,7.849300421411392,-0.04593960525765017,-51.02420343455072,0.14951036861664863,-25.534962897990827,0.3196625855594684,55.02625068860575,-0.03635708494780777,-0.025629214756719403,-0.00037072,0.02561079133524941,0.00017264,1,1.0
1167,0.002060432135421515,0.06675025106405144,-0.00033195,1.9464841943037883,5.142739189835587,61.79103558091764,-0.21789562370390278,2.9915492736301244,-0.04593960525765017,-26.642801334188,0.14951036861664863,37.20710976465177,0.3196625855594684,-10.999942495557425,-0.03635708494780777,0.013404391551312227,-0.00037072,0.11695454426439347,0.00017264,0,1.0
1168,0.00037747280867395094,0.04636026267899916,-0.00033195,1.9464841943037883,5.142739189835587,36.14521119967119,-0.21789562370390278,18.471691524566403,-0.04593960525765017,-73.44089943195247,0.14951036861664863,-5.973257862752712,0.3196625855594684,12.38394071889168,-0.03635708494780777,-0.02374004550395354,-0.00037072,0.10450631849016448,0.00017264,1,1.0
1169,0.002245138704469185,0.07956509621805774,-0.00033195,1.9464841943037883,5.142739189835587,85.07079850875847,-0.21789562370390278,26.35825194995766,-0.04593960525765017,-76.26721905469944,0.14951036861664863,-73.55183982401208,0.3196625855594684,-2.5446020782836465,-0.03635708494780777,-0.02923999776121021,-0.00037072,0.1657882934426093,0.00017264,1,1.0
1170,0.0014116273760289566,0.026592289659413418,-0.00033195,1.9464841943037883,5.142739189835587,-4.716404810883419,-0.21789562370390278,22.76482584787621,-0.04593960525765017,-96.97170366132741,0.14951036861664863,-47.73713535999965,0.3196625855594684,39.71704505215797,-0.03635708494780777,-0.08931465075763889,-0.00037072,0.09553839291599386,0.00017264,1,1.0
1171,0.08146560494689281,0.06639560669853879,-0.00033195,1.9464841943037883,5.142739189835587,36.93815008787306,-0.21789562370390278,18.660702025449957,-0.04593960525765017,-80.36907489554781,0.14951036861664863,31.257752245866733,0.3196625855594684,18.500726999824522,-0.03635708494780777,0.02212935584829414,-0.00037072,0.11859707353009002,0.00017264,0,1.0
1172,0.17298367708099432,0.06435858363021943,-0.00033195,1.9464841943037883,5.142739189835587,-1.4707973412637236,-0.21789562370390278,-1.8135654800244296,-0.04593960525765017,-19.012429410358475,0.14951036861664863,-52.1428409044517,0.3196625855594684,35.04609444123361,-0.03635708494780777,-0.02732627190648465,-0.00037072,0.11177220602258281,0.00017264,1,1.0
1173,0.16217059487790386,0.0022741826454990488,-0.00033195,1.9464841943037883,5.142739189835587,-64.5844136785844,-0.21789562370390278,1.9953868124252947,-0.04593960525765017,-35.249247884891794,0.14951036861664863,22.83052162170982,0.3196625855594684,50.54829815157758,-0.03635708494780777,-0.01110508862610272,-0.00037072,0.011133766903775422,0.00017264,1,1.0
1174,0.25053530918064987,0.0034113633464593097,-0.00033195,1.9464841943037883,5.142739189835587,-74.3528459853099,-0.21789562370390278,8.530807393372605,-0.04593960525765017,-47.68481365755738,0.14951036861664863,-69.16586702703653,0.3196625855594684,71.8596579131904,-0.03635708494780777,-0.02562215252077192,-0.00037072,0.025603109456128877,0.00017264,1,1.0
1175,0.12003263474430752,0.01275972931575401,-0.00033195,1.9464841943037883,5.142739189835587,-43.930330117119084,-0.21789562370390278,15.509959902086035,-0.04593960525765017,-90.29928614984135,0.14951036861664863,-66.36918933377856,0.3196625855594684,68.848907212754,-0.03635708494780777,-0.07654690975986435,-0.00037072,0.0764821533456224,0.00017264,1,1.0
1176,0.00021498499253766457,0.07075378852777574,-0.00033195,1.9464841943037883,5.142739189835587,89.81049928859343,-0.21789562370390278,14.249834355801253,-0.04593960525765017,-35.925440221963456,0.14951036861664863,-16.82828744480305,0.3196625855594684,-21.317268192040974,-0.03635708494780777,0.023400051787269754,-0.00037072,0.1293656966264215,0.00017264,0,1.0
1177,0.2076425771597469,0.009117013775936995,-0.00033195,1.9464841943037883,5.142739189835587,-45.883282005494735,-0.21789562370390278,12.896582640378824,-0.04593960525765017,-24.914173553273145,0.14951036861664863,-93.34277565891321,0.3196625855594684,42.92752693631797,-0.03635708494780777,-0.04381449703918683,-0.00037072,0.04468800993254152,0.00017264,1,1.0
1178,0.3574587658262983,0.12296130277656521,-0.00033195,1.9464841943037883,5.142739189835587,15.292913256539459,-0.21789562370390278,12.327955870710488,-0.04593960525765017,-59.54936585739291,0.14951036861664863,-13.75440332552331,0.3196625855594684,48.59623523131647,-0.03635708494780777,0.06737983781770587,-0.00037072,0.1629478939598005,0.00017264,0,1.0
1179,0.5525017671956516,0.21352881453024117,-0.00033195,1.9464841943037883,5.142739189835587,83.19873298474229,-0.21789562370390278,39.15926014020777,-0.04593960525765017,-41.3804317612452,0.14951036861664863,-99.93821503537019,0.3196625855594684,10.455795005947882,-0.03635708494780777,0.13319550246410944,-0.00037072,0.24953737051980246,0.00017264,0,1.0
1180,0.03566077618818244,0.0001885607389674943,-0.00033195,1.9464841943037883,5.142739189835587,-45.95433013125789,-0.21789562370390278,2.410173901855696,-0.04593960525765017,-55.967869506457156,0.14951036861664863,96.68957607064146,0.3196625855594684,37.48797460120718,-0.03635708494780777,-0.007057883293545297,-0.00037072,0.007054569303674402,0.00017264,1,1.0
1181,0.09197470665326196,0.09660894799207187,-0.00033195,1.9464841943037883,5.142739189835587,-25.834576947986385,-0.21789562370390278,31.46231321312991,-0.04593960525765017,-58.670785462945794,0.14951036861664863,-11.37338288940341,0.3196625855594684,15.641092008814217,-0.03635708494780777,-0.14188583829850787,-0.00037072,0.14122002692956054,0.00017264,1,1.0
1182,0.5224537907948639,0.19092629975106018,-0.00033195,1.9464841943037883,5.142739189835587,38.69251530456788,-0.21789562370390278,21.503552910961666,-0.04593960525765017,-95.62462919833185,0.14951036861664863,-15.443899679896495,0.3196625855594684,66.41524350092863,-0.03635708494780777,0.1118527437966774,-0.00037072,0.2552476560826624,0.00017264,0,1.0
1183,0.21670419095110544,0.00681456559910157,-0.00033195,1.9464841943037883,5.142739189835587,-81.36953223188101,-0.21789562370390278,-1.3223707367060953,-0.04593960525765017,-24.961612184929255,0.14951036861664863,28.948679217491907,0.3196625855594684,57.32878050312107,-0.03635708494780777,-0.026634914228673125,-0.00037072,0.026668237287603466,0.00017264,1,1.0
1184,0.07690394385784796,0.0005295089354553761,-0.00033195,1.9464841943037883,5.142739189835587,-24.700751785194416,-0.21789562370390278,4.158761730894962,-0.04593960525765017,-21.25556095049687,0.14951036861664863,-17.609787631281538,0.3196625855594684,24.445481705373965,-0.03635708494780777,-0.012700626458696275,-0.00037072,0.012659141965519545,0.00017264,1,1.0
1185,0.21086116332681681,0.10173412071997145,-0.00033195,1.9464841943037883,5.142739189835587,68.07838693491598,-0.21789562370390278,25.58691660780782,-0.04593960525765017,-29.442039389595458,0.14951036861664863,-71.791352674267,0.3196625855594684,-7.811856421062528,-0.03635708494780777,0.04780260161154899,-0.00037072,0.14555548733484958,0.00017264,0,1.0
1186,0.21039941123812828,0.03841273895296574,-0.00033195,1.9464841943037883,5.142739189835587,-88.2803059268975,-0.21789562370390278,-13.536753039038873,-0.04593960525765017,-28.975228440653748,0.14951036861664863,30.660019657598774,0.3196625855594684,75.87682880843987,-0.03635708494780777,-0.07103576838277165,-0.00037072,0.07180897971357325,0.00017264,1,1.0
1187,0.3113381982821839,0.11204115989010113,-0.00033195,1.9464841943037883,5.142739189835587,-24.25577475635478,-0.21789562370390278,6.590548555570023,-0.04593960525765017,-87.65961160722831,0.14951036861664863,74.17712475049107,0.3196625855594684,70.88234054012185,-0.03635708494780777,0.03831646401297363,-0.00037072,0.15024869090671006,0.00017264,0,1.0
1188,0.14800910682254284,0.008173170134437266,-0.00033195,1.9464841943037883,5.142739189835587,-82.77150963641216,-0.21789562370390278,5.839408403144164,-0.04593960525765017,-99.79798793928911,0.14951036861664863,45.524413275725,0.3196625855594684,87.50499453952986,-0.03635708494780777,-0.04330629553504485,-0.00037072,0.04361485637362515,0.00017264,1,1.0
1189,0.05646114858899465,0.04823251795159263,-0.00033195,1.9464841943037883,5.142739189835587,-2.9850623973033144,-0.21789562370390278,25.30594498201042,-0.04593960525765017,-41.12466825848138,0.14951036861664863,-62.13820207333143,0.3196625855594684,8.097989625855638,-0.03635708494780777,-0.1006642183199949,-0.00037072,0.10072412814942176,0.00017264,1,1.0
1190,-0.00026902439838299985,0.13414081928476598,-0.00033195,1.9464841943037883,5.142739189835587,39.65970772898495,-0.21789562370390278,32.518976048426474,-0.04593960525765017,-40.68716228356951,0.14951036861664863,23.18559754982424,0.3196625855594684,-29.241601241468608,-0.03635708494780777,-0.10849689602603033,-0.00037072,0.17124409067074767,0.00017264,1,1.0
1191,0.35857197819969105,0.10628492704557127,-0.00033195,1.9464841943037883,5.142739189835587,-29.630787565150257,-0.21789562370390278,12.754446855135123,-0.04593960525765017,-66.63353489993612,0.14951036861664863,82.67175047686717,0.3196625855594684,55.200507980051626,-0.03635708494780777,0.07076585378172802,-0.00037072,0.1181185489847315,0.00017264,0,1.0
1192,0.1668262163216375,0.0030205623559816444,-0.00033195,1.9464841943037883,5.142739189835587,-69.03054521957053,-0.21789562370390278,0.920161328015238,-0.04593960525765017,-35.002226629221255,0.14951036861664863,35.41377987564345,0.3196625855594684,51.973449543411746,-0.03635708494780777,-0.015369218988008354,-0.00037072,0.015365299504965261,0.00017264,1,1.0
1193,0.2088020010721094,0.012553321368130102,-0.00033195,1.9464841943037883,5.142739189835587,-86.84494852927625,-0.21789562370390278,3.906445435750637,-0.04593960525765017,-37.212729037090234,0.14951036861664863,67.34876147639308,0.3196625855594684,55.079931911889254,-0.03635708494780777,-0.05399655135013057,-0.00037072,0.05411543035887448,0.00017264,1,1.0
1194,0.02240515537046653,0.004977044503420696,-0.00033195,1.9464841943037883,5.142739189835587,-33.8256274919844,-0.21789562370390278,10.22488369517016,-0.04593960525765017,-82.22764705476013,0.14951036861664863,35.77497736719284,0.3196625855594684,46.629674223633415,-0.03635708494780777,-0.044643135090943704,-0.00037072,0.04466764879396908,0.00017264,1,1.0
1195,0.36404244964295196,0.03954569429789675,-0.00033195,1.9464841943037883,5.142739189835587,-98.71276599496032,-0.21789562370390278,1.9982840981210992,-0.04593960525765017,-35.83276691655777,0.14951036861664863,10.138671249714047,0.3196625855594684,80.10117167636086,-0.03635708494780777,-0.007339111102839042,-0.00037072,0.05193859935973914,0.00017264,1,1.0
1196,0.11909359352362645,0.011509537083556,-0.00033195,1.9464841943037883,5.142739189835587,-33.78787685525254,-0.21789562370390278,17.69139502958155,-0.04593960525765017,-59.627261627903074,0.14951036861664863,-57.8598998512748,0.3196625855594684,43.06446273598515,-0.03635708494780777,-0.06041552691668539,-0.00037072,0.060695653889518045,0.00017264,1,1.0
1197,0.04213186832963551,0.0007675308584965616,-0.00033195,1.9464841943037883,5.142739189835587,-45.1297955269008,-0.21789562370390278,-0.0612990107783338,-0.04593960525765017,-41.98034281292889,0.14951036861664863,97.47753767113936,0.3196625855594684,32.028845129007344,-0.03635708494780777,-0.01453231272895812,-0.00037072,0.014552421931640752,0.00017264,1,1.0
1198,0.005817277912861851,0.13193358655099796,-0.00033195,1.9464841943037883,5.142739189835587,84.75644662219172,-0.21789562370390278,33.22392558737624,-0.04593960525765017,-55.92133308431946,0.14951036861664863,54.92364979599066,0.3196625855594684,-38.254474789755335,-0.03635708494780777,-0.023124581764302737,-0.00037072,0.18418890758665762,0.00017264,1,1.0
1199,-0.00014708872112498272,0.027178694115064503,-0.00033195,1.9464841943037883,5.142739189835587,34.22658008975719,-0.21789562370390278,15.425583886853316,-0.04593960525765017,-34.64011605824165,0.14951036861664863,-74.84115825272184,0.3196625855594684,0.9618548018278996,-0.03635708494780777,-0.03995270381953148,-0.00037072,0.07662763695017309,0.00017264,1,1.0
1200,0.278886254605142,0.14431741248683505,-0.00033195,0.9287244942797835,7.711917279670906,-31.840931481645846,-0.21789562370390278,40.695028431741946,-0.04593960525765017,-94.3642174521635,0.14951036861664863,-66.38133674098616,0.3196625855594684,78.90501960531806,-0.03635708494780777,0.024817486138127065,-0.00037072,0.25957593497947246,0.00017264,0,1.0
1201,0.005984988571135955,0.004848730957125485,-0.00033195,0.9287244942797835,7.711917279670906,-1.5796644339280537,-0.21789562370390278,28.77127517820259,-0.04593960525765017,-21.626473288274887,0.14951036861664863,-44.39376659509684,0.3196625855594684,1.7727305622879859,-0.03635708494780777,-0.024038281650815615,-0.00037072,0.02403458930974541,0.00017264,1,1.0
1202,0.05641066591755947,0.0016427756826108884,-0.00033195,0.9287244942797835,7.711917279670906,-40.473149410954164,-0.21789562370390278,-1.7702705126020402,-0.04593960525765017,-50.724083092273844,0.14951036861664863,38.74839627815969,0.3196625855594684,40.53129660895321,-0.03635708494780777,-0.006216653010698906,-0.00037072,0.006265052550355319,0.00017264,1,1.0
1203,0.1721470488337208,0.002714279799408446,-0.00033195,0.9287244942797835,7.711917279670906,-60.84132697886061,-0.21789562370390278,10.267387673550159,-0.04593960525765017,-30.65094315691515,0.14951036861664863,-11.93395260536044,0.3196625855594684,57.998401310413,-0.03635708494780777,-0.015168563331567332,-0.00037072,0.015193858537884856,0.00017264,1,1.0
1204,-2.4898316927618458e-05,0.060277089639997186,-0.00033195,0.9287244942797835,7.711917279670906,21.016337901106983,-0.21789562370390278,73.51604470356047,-0.04593960525765017,-72.09571571383417,0.14951036861664863,26.291862841116036,0.3196625855594684,-7.714515936886336,-0.03635708494780777,-0.022807482442330065,-0.00037072,0.09870933701568123,0.00017264,1,1.0
1205,0.03189538571883985,0.005814764937217649,-0.00033195,0.9287244942797835,7.711917279670906,-54.51486486388268,-0.21789562370390278,-8.73297983162591,-0.04593960525765017,-89.76572719795372,0.14951036861664863,72.03447465389766,0.3196625855594684,56.1707855697483,-0.03635708494780777,-0.018415566594779782,-0.00037072,0.01841699086148666,0.00017264,1,1.0
1206,0.13012318494746966,0.026235012402351016,-0.00033195,0.9287244942797835,7.711917279670906,-30.75028182750728,-0.21789562370390278,46.322412733320014,-0.04593960525765017,-61.6963816241048,0.14951036861664863,92.5805619940408,0.3196625855594684,34.51618517639077,-0.03635708494780777,-0.012170469513122055,-0.00037072,0.051270024175459304,0.00017264,1,1.0
1207,0.24148848595358302,0.020385407214199895,-0.00033195,0.9287244942797835,7.711917279670906,-82.48074256432913,-0.21789562370390278,70.63094115400901,-0.04593960525765017,-87.66537528147921,0.14951036861664863,-32.66782293942807,0.3196625855594684,78.38476198335538,-0.03635708494780777,-0.058909977542506056,-0.00037072,0.058715813821045085,0.00017264,1,1.0
1208,0.00014687412801991928,0.0504980340304681,-0.00033195,0.9287244942797835,7.711917279670906,0.4469801635226307,-0.21789562370390278,85.31339075974059,-0.04593960525765017,-90.83651457324939,0.14951036861664863,-17.503125106643274,0.3196625855594684,4.670826981946607,-0.03635708494780777,-0.05562630455730176,-0.00037072,0.08133697816289397,0.00017264,1,1.0
1209,0.10458893960253904,0.014078927090864508,-0.00033195,0.9287244942797835,7.711917279670906,-74.31553257165685,-0.21789562370390278,-20.505363893464285,-0.04593960525765017,-63.46335887370009,0.14951036861664863,-48.84392073079725,0.3196625855594684,75.24569988161132,-0.03635708494780777,-0.027640856851241916,-0.00037072,0.027585801316426392,0.00017264,1,1.0
1210,0.2329568691047123,0.036119915743570624,-0.00033195,0.9287244942797835,7.711917279670906,-52.274941960037594,-0.21789562370390278,78.49184097134726,-0.04593960525765017,-35.843248299307206,0.14951036861664863,-72.47089306623141,0.3196625855594684,47.014101553397595,-0.03635708494780777,-0.0718575629432641,-0.00037072,0.07224486796912195,0.00017264,1,1.0
1211,0.003007470466215856,0.04774983043336025,-0.00033195,0.9287244942797835,7.711917279670906,-50.185122851912006,-0.21789562370390278,-66.12874047527262,-0.04593960525765017,-42.02456135523405,0.14951036861664863,50.56241313676018,0.3196625855594684,52.851933369374116,-0.03635708494780777,-0.06657461103984753,-0.00037072,0.06650820271229115,0.00017264,1,1.0
1212,0.1904620079581954,0.002296404019189847,-0.00033195,0.9287244942797835,7.711917279670906,-93.46223951386916,-0.21789562370390278,21.913134521219984,-0.04593960525765017,-93.60441480890377,0.14951036861664863,-32.006892388708046,0.3196625855594684,92.09904145734566,-0.03635708494780777,-0.011047667710315335,-0.00037072,0.0110185047481287,0.00017264,1,1.0
1213,0.0036885756237804088,0.0006483197364077905,-0.00033195,0.9287244942797835,7.711917279670906,-4.652335180377884,-0.21789562370390278,12.139729052358689,-0.04593960525765017,-13.966472245618002,0.14951036861664863,-41.24517045412655,0.3196625855594684,5.115657432476631,-0.03635708494780777,-0.009599369575523643,-0.00037072,0.009640811135143909,0.00017264,1,1.0
1214,0.07267854958219566,0.011022156476467678,-0.00033195,0.9287244942797835,7.711917279670906,-71.80793050890176,-0.21789562370390278,-13.45171041530599,-0.04593960525765017,-81.71524279785636,0.14951036861664863,-64.41448296046316,0.3196625855594684,73.99087661654194,-0.03635708494780777,-0.025556227962953478,-0.00037072,0.025696344430520022,0.00017264,1,1.0
1215,0.02276564403857069,0.006914447241276261,-0.00033195,0.9287244942797835,7.711917279670906,-11.345992066551354,-0.21789562370390278,37.53626752716963,-0.04593960525765017,-35.976901512692024,0.14951036861664863,-78.68213102094516,0.3196625855594684,11.790931747204839,-0.03635708494780777,-0.030069493201274396,-0.00037072,0.0302749604513241,0.00017264,1,1.0
1216,0.10728560887828083,0.030021536523347395,-0.00033195,0.9287244942797835,7.711917279670906,-61.12634778905228,-0.21789562370390278,-48.26756980560095,-0.04593960525765017,-6.3426040508449555,0.14951036861664863,-83.03951724459085,0.3196625855594684,61.41054831680137,-0.03635708494780777,-0.04816596381349204,-0.00037072,0.04831793411326058,0.00017264,1,1.0
1217,0.12275875436969018,0.0764732316780728,-0.00033195,0.9287244942797835,7.711917279670906,25.881535783064137,-0.21789562370390278,65.70288284102737,-0.04593960525765017,-20.418665606303797,0.14951036861664863,52.12360806102067,0.3196625855594684,-6.567068071712117,-0.03635708494780777,0.013635324838302487,-0.00037072,0.12038154446358212,0.00017264,0,1.0
1218,0.0021777344971445484,0.004266635542279243,-0.00033195,0.9287244942797835,7.711917279670906,-19.98153475916794,-0.21789562370390278,33.517491028024914,-0.04593960525765017,-71.97199992134969,0.14951036861664863,22.4436913970625,0.3196625855594684,20.976722219344197,-0.03635708494780777,-0.025793443504030785,-0.00037072,0.025711635253753567,0.00017264,1,1.0
1219,0.009075544501821357,0.003918584926876813,-0.00033195,0.9287244942797835,7.711917279670906,-34.04126897049385,-0.21789562370390278,-7.75168038140864,-0.04593960525765017,-45.914917876519695,0.14951036861664863,-86.11188195909067,0.3196625855594684,36.47124353276312,-0.03635708494780777,-0.019145549522266082,-0.00037072,0.01912059130935955,0.00017264,1,1.0
1220,0.1801189617242442,0.0626383448507067,-0.00033195,0.9287244942797835,7.711917279670906,-2.6127278375660916,-0.21789562370390278,67.54305166768768,-0.04593960525765017,-21.146325827014138,0.14951036861664863,34.79167936388548,0.3196625855594684,13.649203045966985,-0.03635708494780777,-0.00026624919745962816,-0.00037072,0.09359005510233626,0.00017264,1,1.0
1221,0.01943974151974165,0.021495783321779073,-0.00033195,0.9287244942797835,7.711917279670906,-9.54215336308216,-0.21789562370390278,30.933620956983596,-0.04593960525765017,-67.51045909745054,0.14951036861664863,81.19241201107478,0.3196625855594684,16.464345450242583,-0.03635708494780777,-0.005702757999488769,-0.00037072,0.045063076806716534,0.00017264,1,1.0
1222,0.11439287022102881,0.018166515017990135,-0.00033195,0.9287244942797835,7.711917279670906,-37.909323010665375,-0.21789562370390278,-15.444316360325432,-0.04593960525765017,-2.0819206690758785,0.14951036861664863,-56.251587643629456,0.3196625855594684,40.60387759836926,-0.03635708494780777,-0.009548013942741136,-0.00037072,0.03201063306215569,0.00017264,1,1.0
1223,0.00010597228240458167,0.04136914966932965,-0.00033195,0.9287244942797835,7.711917279670906,-4.608112677879128,-0.21789562370390278,81.86427465681957,-0.04593960525765017,-82.07179043707663,0.14951036861664863,-87.72889517794594,0.3196625855594684,7.783297996688698,-0.03635708494780777,-0.06074517698678163,-0.00037072,0.07219442729249174,0.00017264,1,1.0
1224,-1.1655624315488585e-05,0.0388364144969253,-0.00033195,0.9287244942797835,7.711917279670906,10.031918313540189,-0.21789562370390278,0.8533891406097446,-0.04593960525765017,-25.848092717779256,0.14951036861664863,29.069774762523505,0.3196625855594684,3.6364522555588907,-0.03635708494780777,-0.00238766043061759,-0.00037072,0.07671781197810454,0.00017264,1,1.0
1225,0.13322515744685695,0.0023153565787519545,-0.00033195,0.9287244942797835,7.711917279670906,-58.69604673310396,-0.21789562370390278,3.285382306047602,-0.04593960525765017,-37.94679514952045,0.14951036861664863,-51.031401564567695,0.3196625855594684,57.54319848027799,-0.03635708494780777,-0.0057652589554257755,-0.00037072,0.005797856827060405,0.00017264,1,1.0
1226,0.0003149462772932543,0.007657362159226336,-0.00033195,0.9287244942797835,7.711917279670906,9.432683230727967,-0.21789562370390278,20.07175804370413,-0.04593960525765017,-15.01136382802093,0.14951036861664863,94.69069867115462,0.3196625855594684,-8.995060590509736,-0.03635708494780777,-0.013278012222946143,-0.00037072,0.02223729992834748,0.00017264,1,1.0
1227,0.1623863457027459,0.023384272684476876,-0.00033195,0.9287244942797835,7.711917279670906,-47.575075454525475,-0.21789562370390278,67.4556908380938,-0.04593960525765017,-68.92926784764882,0.14951036861664863,43.19173847992291,0.3196625855594684,43.85945938008311,-0.03635708494780777,-0.05916938587988901,-0.00037072,0.05914917289252012,0.00017264,1,1.0
1228,0.12332249505846357,0.0036110688777558787,-0.00033195,0.9287244942797835,7.711917279670906,-70.45033759755623,-0.21789562370390278,1.040085345875042,-0.04593960525765017,-77.21319256186287,0.14951036861664863,63.03158057911538,0.3196625855594684,69.57655479720214,-0.03635708494780777,-0.007012560570066953,-0.00037072,0.007007622268576631,0.00017264,1,1.0
1229,0.1317808042902571,0.001312317070768542,-0.00033195,0.9287244942797835,7.711917279670906,-60.232914552362416,-0.21789562370390278,10.457753523648455,-0.04593960525765017,-45.13873113540797,0.14951036861664863,-82.00012816772063,0.3196625855594684,59.46531797120547,-0.03635708494780777,-0.0041752507922429875,-0.00037072,0.004213481001148899,0.00017264,1,1.0
1230,0.26544458873477306,0.01189770377637079,-0.00033195,0.9287244942797835,7.711917279670906,-83.4586794968453,-0.21789562370390278,44.78610465967621,-0.04593960525765017,-63.29887457974479,0.14951036861664863,72.02319642050959,0.3196625855594684,77.72596946807306,-0.03635708494780777,-0.04577537761729936,-0.00037072,0.04569983172757062,0.00017264,1,1.0
1231,0.025694702139048106,0.00315346627539797,-0.00033195,0.9287244942797835,7.711917279670906,-31.262124519656687,-0.21789562370390278,33.989812310723046,-0.04593960525765017,-72.39605254087458,0.14951036861664863,-61.36571325336817,0.3196625855594684,32.70115471753606,-0.03635708494780777,-0.025116374347767097,-0.00037072,0.025212202988605298,0.00017264,1,1.0
1232,0.23126320342623147,0.03824503087299506,-0.00033195,0.9287244942797835,7.711917279670906,-60.13147519164261,-0.21789562370390278,85.50568494523736,-0.04593960525765017,-58.07158064592235,0.14951036861664863,-78.71912430225825,0.3196625855594684,55.41466404691273,-0.03635708494780777,-0.07501626495804525,-0.00037072,0.07506564801066024,0.00017264,1,1.0
1233,0.13107682770730059,0.011333735415858427,-0.00033195,0.9287244942797835,7.711917279670906,-43.15864684974169,-0.21789562370390278,50.224620142745216,-0.04593960525765017,-56.72474051315594,0.14951036861664863,-8.202736981196136,0.3196625855594684,40.85664663992913,-0.03635708494780777,-0.041778341421934186,-0.00037072,0.04215369589645051,0.00017264,1,1.0
1234,0.28901084799604665,0.06756046722967987,-0.00033195,0.9287244942797835,7.711917279670906,-42.05696765353332,-0.21789562370390278,70.69145344395108,-0.04593960525765017,-49.914200976477304,0.14951036861664863,24.292327845716855,0.3196625855594684,55.16070353153472,-0.03635708494780777,0.012482319745775114,-0.00037072,0.1002255014259811,0.00017264,0,1.0
1235,0.15013482883068252,0.011504275960494895,-0.00033195,0.9287244942797835,7.711917279670906,-41.241788524129575,-0.21789562370390278,44.93151644926469,-0.04593960525765017,-44.257654953909935,0.14951036861664863,60.40499848792368,0.3196625855594684,37.46603434025706,-0.03635708494780777,-0.042513242873600386,-0.00037072,0.04241841526450376,0.00017264,1,1.0
1236,0.11214690303480472,0.00533366315702748,-0.00033195,0.9287244942797835,7.711917279670906,-40.91590997073409,-0.21789562370390278,-15.385958426932238,-0.04593960525765017,-4.994552846452768,0.14951036861664863,19.940340035484446,0.3196625855594684,38.93324903132218,-0.03635708494780777,-0.018471590085826554,-0.00037072,0.018458827821351793,0.00017264,1,1.0
1237,0.15691872760195236,0.002649072274217278,-0.00033195,0.9287244942797835,7.711917279670906,-75.30976558436687,-0.21789562370390278,9.596944123050804,-0.04593960525765017,-74.69118051496622,0.14951036861664863,54.54432409315751,0.3196625855594684,73.48859610197835,-0.03635708494780777,-0.008629724390755409,-0.00037072,0.00865690354574072,0.00017264,1,1.0
1238,0.14721863268699772,0.005022841775537129,-0.00033195,0.9287244942797835,7.711917279670906,-74.79711800358025,-0.21789562370390278,4.239619934472522,-0.04593960525765017,-63.93175080646437,0.14951036861664863,-55.30611718153069,0.3196625855594684,74.68906243242466,-0.03635708494780777,-0.0033676146912242962,-0.00037072,0.006196815670407281,0.00017264,1,1.0
1239,-3.469439671424657e-05,0.005875331078454182,-0.00033195,0.9287244942797835,7.711917279670906,7.442555681966564,-0.21789562370390278,22.969250800352143,-0.04593960525765017,-1.9848991043863626,0.14951036861664863,-65.06852665755251,0.3196625855594684,-6.572488563508393,-0.03635708494780777,-0.01732835387476181,-0.00037072,0.02171122426066103,0.00017264,1,1.0
1240,-0.00018529076258873983,0.007935207355074267,-0.00033195,0.9287244942797835,7.711917279670906,-25.667455769686896,-0.21789562370390278,-20.16245871316769,-0.04593960525765017,-23.898679853299896,0.14951036861664863,-83.30985013165878,0.3196625855594684,28.10187855587887,-0.03635708494780777,-0.025828131924829474,-0.00037072,0.02677531369810883,0.00017264,1,1.0
1241,0.09713300326487599,0.0006114413008472899,-0.00033195,0.9287244942797835,7.711917279670906,-53.92342661357304,-0.21789562370390278,14.375007191247574,-0.04593960525765017,-71.53581632718638,0.14951036861664863,61.02631957865781,0.3196625855594684,53.05496001679623,-0.03635708494780777,-0.007946633057848533,-0.00037072,0.007959667414239598,0.00017264,1,1.0
1242,0.16732661940424093,0.008742713428203366,-0.00033195,0.9287244942797835,7.711917279670906,-66.55987625736073,-0.21789562370390278,49.09220235850156,-0.04593960525765017,-90.90052777510947,0.14951036861664863,79.6744755256804,0.3196625855594684,63.64094964156006,-0.03635708494780777,-0.03998328808864003,-0.00037072,0.04027902792304988,0.00017264,1,1.0
1243,0.04920961166121418,0.03735927170419418,-0.00033195,0.9287244942797835,7.711917279670906,-11.123563342557972,-0.21789562370390278,20.66534506147116,-0.04593960525765017,-62.38193846404888,0.14951036861664863,62.675679427841715,0.3196625855594684,24.15647243412798,-0.03635708494780777,0.003960946533325009,-0.00037072,0.07147521464643239,0.00017264,0,1.0
1244,0.08791983399535758,0.008546018657569472,-0.00033195,0.9287244942797835,7.711917279670906,-69.53786585378805,-0.21789562370390278,-11.180886522359442,-0.04593960525765017,-77.49435372607144,0.14951036861664863,-1.4306063995100293,0.3196625855594684,70.53771662428369,-0.03635708494780777,-0.019476382329201604,-0.00037072,0.019764814913759157,0.00017264,1,1.0
1245,0.2410900514674026,0.010563622518530982,-0.00033195,0.9287244942797835,7.711917279670906,-78.99385184266484,-0.21789562370390278,48.00963306670381,-0.04593960525765017,-63.739022985983134,0.14951036861664863,0.9686453814606862,0.3196625855594684,74.492429338861,-0.03635708494780777,-0.043336082103125464,-0.00037072,0.04339394937758348,0.00017264,1,1.0
1246,0.08720775916441943,0.0016518799456165583,-0.00033195,0.9287244942797835,7.711917279670906,-27.034329327267248,-0.21789562370390278,18.298782867581192,-0.04593960525765017,-19.200553145441006,0.14951036861664863,-14.621076527562963,0.3196625855594684,25.405576523801447,-0.03635708494780777,-0.01653598678793414,-0.00037072,0.016483571519654693,0.00017264,1,1.0
1247,0.005246315112872144,0.005727900338695885,-0.00033195,0.9287244942797835,7.711917279670906,-21.955313101312587,-0.21789562370390278,39.362677009603054,-0.04593960525765017,-67.90492351223033,0.14951036861664863,-85.89991288285285,0.3196625855594684,23.782738209059968,-0.03635708494780777,-0.0306893678611093,-0.00037072,0.03072826375730465,0.00017264,1,1.0
1248,0.20907751244041772,0.010223036983072026,-0.00033195,0.9287244942797835,7.711917279670906,-77.70326185802074,-0.21789562370390278,55.95101181840896,-0.04593960525765017,-76.52507032353529,0.14951036861664863,-94.10779731396201,0.3196625855594684,75.07086061696397,-0.03635708494780777,-0.04350301577541291,-0.00037072,0.04347286418609744,0.00017264,1,1.0
1249,0.001426938142148934,0.0007212825560552892,-0.00033195,0.9287244942797835,7.711917279670906,-19.34872954320798,-0.21789562370390278,17.542367875805507,-0.04593960525765017,-56.43265550264794,0.14951036861664863,23.164228726533338,0.3196625855594684,20.344435131743424,-0.03635708494780777,-0.01297307534373945,-0.00037072,0.012974729675550876,0.00017264,1,1.0
1250,0.13599899377861852,0.0036716304077681625,-0.00033195,0.9287244942797835,7.711917279670906,-74.10228242158519,-0.21789562370390278,2.9257095306364747,-0.04593960525765017,-80.69631109043387,0.14951036861664863,79.37816767020773,0.3196625855594684,72.82423704599051,-0.03635708494780777,-0.007144275792792777,-0.00037072,0.007066525875630283,0.00017264,1,1.0
1251,1.3030178021039562e-05,0.06087174420280328,-0.00033195,0.9287244942797835,7.711917279670906,12.55721088085715,-0.21789562370390278,86.29772727142517,-0.04593960525765017,-89.91600741620152,0.14951036861664863,99.75690017503078,0.3196625855594684,-5.7888038425496555,-0.03635708494780777,-0.04769415852000353,-0.00037072,0.09020897511252876,0.00017264,1,1.0
1252,0.13895328869342036,0.0017419430502878428,-0.00033195,0.9287244942797835,7.711917279670906,-43.913823298246534,-0.21789562370390278,13.185614451799301,-0.04593960525765017,-15.488350791970928,0.14951036861664863,-41.87051354514854,0.3196625855594684,41.534750739064506,-0.03635708494780777,-0.015001825752938784,-0.00037072,0.01504694771965959,0.00017264,1,1.0
1253,0.04443190551866959,0.011319735576967662,-0.00033195,0.9287244942797835,7.711917279670906,-27.571488601072463,-0.21789562370390278,32.59436039496838,-0.04593960525765017,-69.79147423258895,0.14951036861664863,-1.0267585934766152,0.3196625855594684,31.135146419003707,-0.03635708494780777,-0.014192168209907671,-0.00037072,0.03243581260065286,0.00017264,1,1.0
1254,0.16050987478074202,0.0036208149671585243,-0.00033195,0.9287244942797835,7.711917279670906,-54.64592263277971,-0.21789562370390278,0.54481754030529,-0.04593960525765017,-21.394345999336227,0.14951036861664863,38.42878557409178,0.3196625855594684,51.48615952881645,-0.03635708494780777,-0.016351220673361692,-0.00037072,0.016327617531406914,0.00017264,1,1.0
1255,0.20941043640838802,0.0024726738991932666,-0.00033195,0.9287244942797835,7.711917279670906,-97.12189714015882,-0.21789562370390278,26.29187666748188,-0.04593960525765017,-90.1856770168163,0.14951036861664863,-68.56683071313637,0.3196625855594684,95.5299696791039,-0.03635708494780777,-0.014704689183109396,-0.00037072,0.01475240536647025,0.00017264,1,1.0
1256,0.07482554000699113,0.028765718832267077,-0.00033195,0.9287244942797835,7.711917279670906,-23.403029585041416,-0.21789562370390278,71.79017860622562,-0.04593960525765017,-79.45078255955946,0.14951036861664863,83.2180407563848,0.3196625855594684,21.343826081353328,-0.03635708494780777,-0.06139453566132355,-0.00037072,0.06153647063588917,0.00017264,1,1.0
1257,0.05733032155492587,0.018572856236785056,-0.00033195,0.9287244942797835,7.711917279670906,-37.911434495849,-0.21789562370390278,68.19992744393335,-0.04593960525765017,-96.92550147847116,0.14951036861664863,-82.85693196039567,0.3196625855594684,38.674833754026906,-0.03635708494780777,-0.052916952593755825,-0.00037072,0.05296655320724407,0.00017264,1,1.0
1258,0.2851980926875911,0.024668354162459858,-0.00033195,0.9287244942797835,7.711917279670906,-95.17065528940435,-0.21789562370390278,75.51719194312518,-0.04593960525765017,-99.47608702175059,0.14951036861664863,30.950846908862474,0.3196625855594684,89.7446005116332,-0.03635708494780777,-0.06538472419895888,-0.00037072,0.06551066633117991,0.00017264,1,1.0
1259,0.10997247645360814,0.001235671996885076,-0.00033195,0.9287244942797835,7.711917279670906,-35.779374069864474,-0.21789562370390278,5.7016572445212566,-0.04593960525765017,-13.729757847790934,0.14951036861664863,2.2821627961776065,0.3196625855594684,33.697418173041655,-0.03635708494780777,-0.011106736221890245,-0.00037072,0.011138513940715564,0.00017264,1,1.0
1260,0.09250479271842804,0.009193594497756152,-0.00033195,0.9287244942797835,7.711917279670906,-52.9005732676131,-0.21789562370390278,55.40159356972873,-0.04593960525765017,-97.74128051276828,0.14951036861664863,-54.37884211450812,0.3196625855594684,53.000644121251206,-0.03635708494780777,-0.040932503698610526,-0.00037072,0.04091282106310368,0.00017264,1,1.0
1261,0.21096203487177773,0.0072295746052869906,-0.00033195,0.9287244942797835,7.711917279670906,-74.8287048044253,-0.21789562370390278,-2.448480469737918,-0.04593960525765017,-33.28042698051739,0.14951036861664863,70.30516669432856,0.3196625855594684,70.71298864843754,-0.03635708494780777,-0.02187227524041384,-0.00037072,0.021811378571030143,0.00017264,1,1.0
1262,0.10297293506992207,0.04198935745444732,-0.00033195,0.9287244942797835,7.711917279670906,-1.074569899440772,-0.21789562370390278,25.091986835108166,-0.04593960525765017,-21.6054666570862,0.14951036861664863,63.28225267662404,0.3196625855594684,13.354381515409784,-0.03635708494780777,0.017406996654282966,-0.00037072,0.0682981527004045,0.00017264,0,1.0
1263,0.3427148370655388,0.032269134427019536,-0.00033195,0.9287244942797835,7.711917279670906,-89.9586318688351,-0.21789562370390278,70.87444752844664,-0.04593960525765017,-54.568655403569885,0.14951036861664863,54.62024567390102,0.3196625855594684,81.79894224062689,-0.03635708494780777,-0.07273532594448137,-0.00037072,0.07305860049829685,0.00017264,1,1.0
1264,0.02850681958413909,0.00048379316188631213,-0.00033195,0.9287244942797835,7.711917279670906,-43.91681334050043,-0.21789562370390278,14.182456889376281,-0.04593960525765017,-83.24739570353108,0.14951036861664863,-8.189168183199916,0.3196625855594684,45.6338570458848,-0.03635708494780777,-0.011461408064715281,-0.00037072,0.01147277956478852,0.00017264,1,1.0
1265,0.0006541964554704072,0.0265334675253332,-0.00033195,0.9287244942797835,7.711917279670906,0.20381811579374315,-0.21789562370390278,65.05250537723016,-0.04593960525765017,-61.7999195770024,0.14951036861664863,18.887926700530688,0.3196625855594684,-0.3416582605079188,-0.03635708494780777,-0.05524981352018134,-0.00037072,0.05546038736527065,0.00017264,1,1.0
1266,0.0007536843584128455,0.14452855643886361,-0.00033195,0.9287244942797835,7.711917279670906,68.81554898956293,-0.21789562370390278,54.71700742739387,-0.04593960525765017,-68.32064369357023,0.14951036861664863,-86.80920725247277,0.3196625855594684,-15.613068672852657,-0.03635708494780777,0.0021515068283638195,-0.00037072,0.2893650184304859,0.00017264,0,1.0
1267,0.21078906008827564,0.017646307360668134,-0.00033195,0.9287244942797835,7.711917279670906,-56.294057695126035,-0.21789562370390278,55.09738187798572,-0.04593960525765017,-47.68110483149261,0.14951036861664863,47.26228423272508,0.3196625855594684,51.24757689551083,-0.03635708494780777,-0.0529132767934162,-0.00037072,0.0531772419832304,0.00017264,1,1.0
1268,0.03133486121298256,0.005103630998456429,-0.00033195,0.9287244942797835,7.711917279670906,-22.471248867552802,-0.21789562370390278,36.19296850784247,-0.04593960525765017,-59.69143641782463,0.14951036861664863,-6.787840644078475,0.3196625855594684,22.739258409660767,-0.03635708494780777,-0.027839188273449188,-0.00037072,0.027999641487950915,0.00017264,1,1.0
1269,4.0186124833460624e-05,0.05541063451589215,-0.00033195,0.9287244942797835,7.711917279670906,6.295032173712276,-0.21789562370390278,43.94961100941405,-0.04593960525765017,-92.90827202010267,0.14951036861664863,44.767056926991835,0.3196625855594684,13.716750663769377,-0.03635708494780777,-0.005248201237557176,-0.00037072,0.11145253677622433,0.00017264,1,1.0
1270,0.2708409508860214,0.02594584096022616,-0.00033195,0.9287244942797835,7.711917279670906,-84.30836719672197,-0.21789562370390278,-12.014147191980964,-0.04593960525765017,-5.106046455302194,0.14951036861664863,-81.4450373266596,0.3196625855594684,83.92006393523629,-0.03635708494780777,-0.011394125316867398,-0.00037072,0.03365810009780114,0.00017264,1,1.0
1271,0.0905266867898283,0.0005727905325344039,-0.00033195,0.9287244942797835,7.711917279670906,-57.05645991641841,-0.21789562370390278,13.792623561669403,-0.04593960525765017,-70.30544869118212,0.14951036861664863,-37.77353062108959,0.3196625855594684,57.38073903220886,-0.03635708494780777,-0.005662675338051718,-0.00037072,0.005677608320599276,0.00017264,1,1.0
1272,0.10810872615543521,0.0006597922770083383,-0.00033195,0.9287244942797835,7.711917279670906,-64.32578691781475,-0.21789562370390278,16.88049766534401,-0.04593960525765017,-73.44766837814265,0.14951036861664863,-75.71502381127546,0.3196625855594684,64.69799867671014,-0.03635708494780777,-0.007392160411610952,-0.00037072,0.007403401280127796,0.00017264,1,1.0
1273,0.1169178541064115,0.0176120146973072,-0.00033195,0.9287244942797835,7.711917279670906,-75.61869802853462,-0.21789562370390278,-26.17369785773111,-0.04593960525765017,-51.340436190051186,0.14951036861664863,-71.46994353001863,0.3196625855594684,76.33300585366356,-0.03635708494780777,-0.03197015644449888,-0.00037072,0.03201515692010906,0.00017264,1,1.0
1274,0.14894115287416668,0.02666542451797336,-0.00033195,0.9287244942797835,7.711917279670906,-20.440052280862265,-0.21789562370390278,54.120647560495215,-0.04593960525765017,-15.165521345483576,0.14951036861664863,-9.249778562049059,0.3196625855594684,19.580347862983015,-0.03635708494780777,-0.03723284476656327,-0.00037072,0.05591315001381572,0.00017264,1,1.0
1275,-6.685106932305222e-05,0.05346062174865942,-0.00033195,0.9287244942797835,7.711917279670906,20.048194633320207,-0.21789562370390278,2.8536112919671113,-0.04593960525765017,-12.989584946267904,0.14951036861664863,-63.94971039699612,0.3196625855594684,-1.0361429626883418,-0.03635708494780777,-0.004507412501598924,-0.00037072,0.10589052119367431,0.00017264,1,1.0
1276,0.2134057926721312,0.0045803187101927,-0.00033195,0.9287244942797835,7.711917279670906,-72.41437661745563,-0.21789562370390278,28.62835072321305,-0.04593960525765017,-45.59572844221529,0.14951036861664863,-25.67167900686819,0.3196625855594684,68.77657480230513,-0.03635708494780777,-0.027269113995344194,-0.00037072,0.027279927234221894,0.00017264,1,1.0
1277,0.0005890313797306396,0.011168691616482157,-0.00033195,0.9287244942797835,7.711917279670906,-5.419792432462652,-0.21789562370390278,44.78424253531399,-0.04593960525765017,-50.71519132667238,0.14951036861664863,-12.567605461955072,0.3196625855594684,5.850342307615295,-0.03635708494780777,-0.03693180102280909,-0.00037072,0.037022146574167,0.00017264,1,1.0
1278,0.21108063172014738,0.01276706779182774,-0.00033195,0.9287244942797835,7.711917279670906,-79.43413750772638,-0.21789562370390278,-16.95458184009904,-0.04593960525765017,-22.538724535123013,0.14951036861664863,10.986241098602187,0.3196625855594684,76.0695447863029,-0.03635708494780777,-0.025884487978329002,-0.00037072,0.025946049354393538,0.00017264,1,1.0
1279,0.0008331171342219057,0.03622623321060049,-0.00033195,0.9287244942797835,7.711917279670906,-0.22207195524110643,-0.21789562370390278,25.624404723733186,-0.04593960525765017,-69.49326381079861,0.14951036861664863,51.82678895996791,0.3196625855594684,13.740894631782522,-0.03635708494780777,-0.003193759960985601,-0.00037072,0.07447399002284838,0.00017264,1,1.0
1280,0.34063023497084255,0.023071105360462384,-0.00033195,0.9287244942797835,7.711917279670906,-87.05300644864626,-0.21789562370390278,58.94450438667169,-0.04593960525765017,-23.060808946965953,0.14951036861664863,-91.36884186381717,0.3196625855594684,79.86162426878278,-0.03635708494780777,-0.06093814288603039,-0.00037072,0.06118729291244385,0.00017264,1,1.0
1281,0.014453913250120826,0.014947864933880717,-0.00033195,0.9287244942797835,7.711917279670906,-29.42521761877052,-0.21789562370390278,-37.731732255960644,-0.04593960525765017,-21.919937686262692,0.14951036861664863,62.87431698739818,0.3196625855594684,30.233718026944167,-0.03635708494780777,-0.03660732774737913,-0.00037072,0.036526450338821924,0.00017264,1,1.0
1282,0.16419348094191968,0.0033952919554453105,-0.00033195,0.9287244942797835,7.711917279670906,-60.722779026507226,-0.21789562370390278,19.065865560861983,-0.04593960525765017,-45.06312204846207,0.14951036861664863,-7.339728879661243,0.3196625855594684,58.64716292932255,-0.03635708494780777,-0.01498836853917642,-0.00037072,0.01755041144771971,0.00017264,1,1.0
1283,0.0015699254202905244,0.04437816498008751,-0.00033195,0.9287244942797835,7.711917279670906,6.3322709842931095,-0.21789562370390278,76.4610074372279,-0.04593960525765017,-78.61443629973644,0.14951036861664863,85.00449470171827,0.3196625855594684,-3.3028040344537453,-0.03635708494780777,-0.05196650941553497,-0.00037072,0.07307638883657866,0.00017264,1,1.0
1284,0.0001546500974595466,0.007357771088473519,-0.00033195,0.9287244942797835,7.711917279670906,-17.34820047319985,-0.21789562370390278,13.734935102823153,-0.04593960525765017,-45.80482245440262,0.14951036861664863,-81.67630835672186,0.3196625855594684,21.651069791822277,-0.03635708494780777,-0.01121220050475003,-0.00037072,0.024549790390032238,0.00017264,1,1.0
1285,0.2613609233551595,0.061442701320412324,-0.00033195,0.9287244942797835,7.711917279670906,-46.08347438955451,-0.21789562370390278,49.53814140051274,-0.04593960525765017,-59.90818751769557,0.14951036861664863,38.53125246998313,0.3196625855594684,61.909305257473946,-0.03635708494780777,0.026709337461076732,-0.00037072,0.09359377553699746,0.00017264,0,1.0
1286,0.023645954868571836,0.0012694418257457427,-0.00033195,0.9287244942797835,7.711917279670906,-18.243893494092433,-0.21789562370390278,20.973019734082957,-0.04593960525765017,-36.59883853783416,0.14951036861664863,-51.74073970259663,0.3196625855594684,18.850208379027805,-0.03635708494780777,-0.015498812563226654,-0.00037072,0.01549917969984883,0.00017264,1,1.0
1287,-0.0001285187919039532,0.07551028860473785,-0.00033195,0.9287244942797835,7.711917279670906,51.33994529689376,-0.21789562370390278,71.8258851214999,-0.04593960525765017,-17.227622757000837,0.14951036861664863,-64.52346502563337,0.3196625855594684,-33.47106592060069,-0.03635708494780777,-0.011532384985245503,-0.00037072,0.11716045437892464,0.00017264,1,1.0
1288,0.03238189372435888,0.0035264556228339827,-0.00033195,0.9287244942797835,7.711917279670906,0.3899972453556333,-0.21789562370390278,18.841639447687246,-0.04593960525765017,-8.185403866094342,0.14951036861664863,91.94047035114487,0.3196625855594684,-2.360796786961238,-0.03635708494780777,-0.02112145075441982,-0.00037072,0.021187815044901057,0.00017264,1,1.0
1289,0.06196622618090303,0.014634799646051126,-0.00033195,0.9287244942797835,7.711917279670906,-51.43859863313866,-0.21789562370390278,-31.022393162545082,-0.04593960525765017,-48.774435358614085,0.14951036861664863,99.99670613232611,0.3196625855594684,51.507933619377475,-0.03635708494780777,-0.03223636314503547,-0.00037072,0.03224168904263077,0.00017264,1,1.0
1290,0.10881827785937012,0.0008418178606977188,-0.00033195,0.9287244942797835,7.711917279670906,-56.393096446235084,-0.21789562370390278,12.841938018978484,-0.04593960525765017,-65.13115198716359,0.14951036861664863,31.297673370509045,0.3196625855594684,55.44692799406355,-0.03635708494780777,-0.006869465527086595,-0.00037072,0.006912212514452995,0.00017264,1,1.0
1291,0.24956768666903484,0.010509035436478062,-0.00033195,0.9287244942797835,7.711917279670906,-80.23908730653748,-0.21789562370390278,-6.856195476732984,-0.04593960525765017,-13.382582193939646,0.14951036861664863,28.80956047445757,0.3196625855594684,75.26206485184547,-0.03635708494780777,-0.027306000939235634,-0.00037072,0.02729501158294281,0.00017264,1,1.0
1292,0.14964394317374075,0.12418940235088338,-0.00033195,0.9287244942797835,7.711917279670906,50.685155211096564,-0.21789562370390278,81.23187504908776,-0.04593960525765017,-28.728817736366963,0.14951036861664863,-18.54434455337323,0.3196625855594684,-10.497023139349414,-0.03635708494780777,0.028184600079497843,-0.00037072,0.2234687735916998,0.00017264,0,1.0
1293,0.10371938033600664,0.008366821190772408,-0.00033195,0.9287244942797835,7.711917279670906,-44.182058749032265,-0.21789562370390278,20.154828398465032,-0.04593960525765017,-51.041152780152046,0.14951036861664863,-45.952510291233516,0.3196625855594684,46.30226962036111,-0.03635708494780777,-0.002925352910601274,-0.00037072,0.018654489676069235,0.00017264,1,1.0
1294,0.1335640459796874,0.0009977439330162664,-0.00033195,0.9287244942797835,7.711917279670906,-64.56200164380897,-0.21789562370390278,21.06434209097295,-0.04593960525765017,-68.09923348577125,0.14951036861664863,-31.184375224891905,0.3196625855594684,63.62958848309309,-0.03635708494780777,-0.012169570880695414,-0.00037072,0.012254541154149434,0.00017264,1,1.0
1295,0.38275855139896775,0.10517105131207564,-0.00033195,0.9287244942797835,7.711917279670906,-53.24503793640831,-0.21789562370390278,78.59901222612987,-0.04593960525765017,-69.77212791511496,0.14951036861664863,-82.40074729566285,0.3196625855594684,83.4063695445431,-0.03635708494780777,0.03944684453994904,-0.00037072,0.17182718748419018,0.00017264,0,1.0
1296,0.17340907397846347,0.00293381291922043,-0.00033195,0.9287244942797835,7.711917279670906,-92.55817935491898,-0.21789562370390278,14.345500892130653,-0.04593960525765017,-93.41798147248055,0.14951036861664863,-42.75978258251454,0.3196625855594684,91.90514445649991,-0.03635708494780777,-0.0029716269022787476,-0.00037072,0.0030213622210385634,0.00017264,1,1.0
1297,0.05317128410068743,0.002348794021460555,-0.00033195,0.9287244942797835,7.711917279670906,-23.56859902595611,-0.21789562370390278,-11.462762043477753,-0.04593960525765017,-0.673953106870594,0.14951036861664863,-47.03781262824133,0.3196625855594684,23.31453270296267,-0.03635708494780777,-0.012143028761550056,-0.00037072,0.012150532203100719,0.00017264,1,1.0
1298,0.20251308896998932,0.003065144805540993,-0.00033195,0.9287244942797835,7.711917279670906,-90.80595737485581,-0.21789562370390278,34.5333517170148,-0.04593960525765017,-97.91097001370348,0.14951036861664863,11.786450030975534,0.3196625855594684,88.48106869642785,-0.03635708494780777,-0.02417085993578335,-0.00037072,0.02417512003039169,0.00017264,1,1.0
1299,0.11651869257807554,0.002698775952570925,-0.00033195,0.9287244942797835,7.711917279670906,-67.63809035708562,-0.21789562370390278,4.245897429009106,-0.04593960525765017,-64.56608655566954,0.14951036861664863,-65.68890462583506,0.3196625855594684,67.81297159234269,-0.03635708494780777,-0.004812950615452193,-0.00037072,0.004819575261181169,0.00017264,1,1.0
1300,0.007904288530494213,0.03320423811505539,-0.00033195,3.450317238911107,5.9334145391034205,34.271256509028,-0.21789562370390278,-13.020741049250374,-0.04593960525765017,-60.295335208619875,0.14951036861664863,42.02782763651364,0.3196625855594684,68.52116939850207,-0.03635708494780777,-0.06942538836451778,-0.00037072,0.07520341667180472,0.00017264,1,1.0
1301,0.04153764469422544,0.00018512239173962944,-0.00033195,3.450317238911107,5.9334145391034205,-32.72691679058572,-0.21789562370390278,2.7072822619215797,-0.04593960525765017,-15.356791469353308,0.14951036861664863,-15.162434711347,0.3196625855594684,20.38578484218521,-0.03635708494780777,-0.005411286176969399,-0.00037072,0.005409497711221636,0.00017264,1,1.0
1302,0.0002455854632374757,0.001354296941237109,-0.00033195,3.450317238911107,5.9334145391034205,38.43412636009301,-0.21789562370390278,3.105343262036193,-0.04593960525765017,-44.2612371845555,0.14951036861664863,-28.087191668020846,0.3196625855594684,20.736099001135855,-0.03635708494780777,-0.018965676884514483,-0.00037072,0.019042600518673833,0.00017264,1,1.0
1303,0.0649009600859314,0.002811559944038756,-0.00033195,3.450317238911107,5.9334145391034205,-61.190593515126295,-0.21789562370390278,-4.413670982350051,-0.04593960525765017,-24.57189788532865,0.14951036861664863,10.29254290856593,0.3196625855594684,52.889723586435444,-0.03635708494780777,-0.019666762131768593,-0.00037072,0.01967881814027235,0.00017264,1,1.0
1304,6.0429822672777855e-05,0.019208948867313794,-0.00033195,3.450317238911107,5.9334145391034205,91.26589273025567,-0.21789562370390278,5.036261810493969,-0.04593960525765017,-49.420266817370255,0.14951036861664863,90.81718783112227,0.3196625855594684,-7.397891300949201,-0.03635708494780777,0.015889269191976342,-0.00037072,0.02341730428315454,0.00017264,0,1.0
1305,0.06411314530475999,0.00011693572140601993,-0.00033195,3.450317238911107,5.9334145391034205,-99.9454161300228,-0.21789562370390278,3.2539435519176814,-0.04593960525765017,-70.26971810850017,0.14951036861664863,75.73984472510054,0.3196625855594684,67.59161195379518,-0.03635708494780777,-0.0041249262300193405,-0.00037072,0.004128359475431511,0.00017264,1,1.0
1306,0.11877752147329503,0.0007667594519303608,-0.00033195,3.450317238911107,5.9334145391034205,-81.11798479927194,-0.21789562370390278,0.35537514505948586,-0.04593960525765017,-12.209786897779143,0.14951036861664863,-64.03576352848,0.3196625855594684,53.45397996201831,-0.03635708494780777,-0.003850147141884446,-0.00037072,0.003850014294544909,0.00017264,1,1.0
1307,-3.703609169117619e-05,0.014199854162814166,-0.00033195,3.450317238911107,5.9334145391034205,69.31835722558738,-0.21789562370390278,-1.4141796183105115,-0.04593960525765017,-67.92324240578205,0.14951036861664863,10.54314742301852,0.3196625855594684,38.8355814901575,-0.03635708494780777,-0.03611167371963027,-0.00037072,0.04704296068247607,0.00017264,1,1.0
1308,0.4431792199857178,0.10665357518643541,-0.00033195,3.450317238911107,5.9334145391034205,30.62639769305623,-0.21789562370390278,16.80120530699768,-0.04593960525765017,-90.99392526023871,0.14951036861664863,75.65833910314956,0.3196625855594684,79.2852727667712,-0.03635708494780777,0.03829351171046901,-0.00037072,0.11918621436932192,0.00017264,0,1.0
1309,0.04184499531369665,0.01648339983736492,-0.00033195,3.450317238911107,5.9334145391034205,-35.862632781469124,-0.21789562370390278,-10.17154009331392,-0.04593960525765017,-54.26866883561973,0.14951036861664863,46.417173824734036,0.3196625855594684,76.77176956975141,-0.03635708494780777,-0.05147191707675341,-0.00037072,0.051757142672218086,0.00017264,1,1.0
1310,0.00040918016231783483,0.016067571173030922,-0.00033195,3.450317238911107,5.9334145391034205,91.72474504856173,-0.21789562370390278,16.60372134645085,-0.04593960525765017,-81.00472893892213,0.14951036861664863,19.836701931510227,0.3196625855594684,-4.671141515348701,-0.03635708494780777,-0.011216756771870444,-0.00037072,0.03723364636156736,0.00017264,1,1.0
1311,0.00022177501695774815,0.0677311580895146,-0.00033195,3.450317238911107,5.9334145391034205,21.956254750390748,-0.21789562370390278,40.26179575281688,-0.04593960525765017,-95.35720026782515,0.14951036861664863,-54.10815649882187,0.3196625855594684,-31.079700723711994,-0.03635708494780777,-0.10468578147579666,-0.00037072,0.10567876758607878,0.00017264,1,1.0
1312,0.030982836968548366,0.036392914869918434,-0.00033195,3.450317238911107,5.9334145391034205,-0.7463317461340795,-0.21789562370390278,-17.132216060010414,-0.04593960525765017,-41.80572384723737,0.14951036861664863,24.00523015437434,0.3196625855594684,78.97112887434821,-0.03635708494780777,-0.07785700102225898,-0.00037072,0.07811152543331115,0.00017264,1,1.0
1313,-6.505457172267803e-05,0.0874718441941877,-0.00033195,3.450317238911107,5.9334145391034205,99.97203578624247,-0.21789562370390278,34.54592722449395,-0.04593960525765017,-49.87720247445168,0.14951036861664863,62.96465362254023,0.3196625855594684,-83.0566600689431,-0.03635708494780777,-0.07617037876400362,-0.00037072,0.1262808217743624,0.00017264,1,1.0
1314,0.07108955400567282,0.0017340920354742672,-0.00033195,3.450317238911107,5.9334145391034205,-18.813536264409912,-0.21789562370390278,10.832717899394414,-0.04593960525765017,-47.12416123823735,0.14951036861664863,-75.56186817389539,0.3196625855594684,32.62658885132001,-0.03635708494780777,-0.019507341153976232,-0.00037072,0.01949522786330956,0.00017264,1,1.0
1315,0.02342378922106708,0.018647993964333167,-0.00033195,3.450317238911107,5.9334145391034205,20.78921692634668,-0.21789562370390278,25.630115473566207,-0.04593960525765017,-84.92338412918632,0.14951036861664863,-65.8725493932343,0.3196625855594684,4.926910788946088,-0.03635708494780777,-0.05641936859753187,-0.00037072,0.0562655316827423,0.00017264,1,1.0
1316,0.18004087384841186,0.06266962250348884,-0.00033195,3.450317238911107,5.9334145391034205,80.39403990002386,-0.21789562370390278,-8.21883177798584,-0.04593960525765017,-61.604173057037926,0.14951036861664863,-11.148803343102967,0.3196625855594684,80.9453293557037,-0.03635708494780777,-0.03836176917040336,-0.00037072,0.10152886924720973,0.00017264,1,1.0
1317,0.07232793481145607,0.00798502724226389,-0.00033195,3.450317238911107,5.9334145391034205,19.912356821006064,-0.21789562370390278,3.693699599267052,-0.04593960525765017,-92.6235311203588,0.14951036861664863,-79.02609976722701,0.3196625855594684,78.18981641090909,-0.03635708494780777,-0.04314075020112122,-0.00037072,0.043557354880460517,0.00017264,1,1.0
1318,0.050969544809891354,0.017116623362074104,-0.00033195,3.450317238911107,5.9334145391034205,-25.025231470904608,-0.21789562370390278,23.390608606776834,-0.04593960525765017,-80.32817951988858,0.14951036861664863,-43.03052610432838,0.3196625855594684,18.892835389646066,-0.03635708494780777,-0.0543981494381355,-0.00037072,0.054571899659651944,0.00017264,1,1.0
1319,0.11680785722448761,0.00906972405514634,-0.00033195,3.450317238911107,5.9334145391034205,-53.03402489869102,-0.21789562370390278,21.698816907678516,-0.04593960525765017,-97.19748403662905,0.14951036861664863,-91.07375628749976,0.3196625855594684,59.06035045888572,-0.03635708494780777,-0.04219855055220471,-0.00037072,0.04208440206493858,0.00017264,1,1.0
1320,0.061600025961977,0.028290547335619393,-0.00033195,3.450317238911107,5.9334145391034205,-83.5023729182637,-0.21789562370390278,26.153174957743353,-0.04593960525765017,-92.70111105586268,0.14951036861664863,20.71146628112038,0.3196625855594684,27.48484143552286,-0.03635708494780777,-0.07015428566595053,-0.00037072,0.07042595186881045,0.00017264,1,1.0
1321,0.10231207483968041,0.03554456111171904,-0.00033195,3.450317238911107,5.9334145391034205,-90.29250818675497,-0.21789562370390278,21.690818720427103,-0.04593960525765017,-5.9745170742567,0.14951036861664863,-84.30415667105098,0.3196625855594684,-5.426560341994396,-0.03635708494780777,-0.07676000618609048,-0.00037072,0.07612893149057266,0.00017264,1,1.0
1322,0.00013043790942545395,0.016524687738557198,-0.00033195,3.450317238911107,5.9334145391034205,78.25904720988598,-0.21789562370390278,0.7647172518935805,-0.04593960525765017,-53.45598063116322,0.14951036861664863,71.50980197061968,0.3196625855594684,12.285666859752977,-0.03635708494780777,-0.006050472794167842,-0.00037072,0.03518673760585831,0.00017264,1,1.0
1323,0.0033212798154743303,0.008353826119745838,-0.00033195,3.450317238911107,5.9334145391034205,16.3397400435242,-0.21789562370390278,-1.943504417385005,-0.04593960525765017,-76.83406509626619,0.14951036861664863,30.98628157623704,0.3196625855594684,56.63992947176315,-0.03635708494780777,-0.039474792432572944,-0.00037072,0.03967304278772506,0.00017264,1,1.0
1324,0.046804980216726036,0.0013307398427943639,-0.00033195,3.450317238911107,5.9334145391034205,-34.07267090902241,-0.21789562370390278,-2.0967422634104813,-0.04593960525765017,-20.591987077886934,0.14951036861664863,-6.2556640277881534,0.3196625855594684,37.00956547580176,-0.03635708494780777,-0.01399419934721055,-0.00037072,0.014047766907355621,0.00017264,1,1.0
1325,0.0004161982957076177,0.006510063691249451,-0.00033195,3.450317238911107,5.9334145391034205,45.04813543408806,-0.21789562370390278,3.583877805734015,-0.04593960525765017,-75.32782216767382,0.14951036861664863,20.58676470101452,0.3196625855594684,35.477128664520535,-0.03635708494780777,-0.02100021213978865,-0.00037072,0.028888129353458282,0.00017264,1,1.0
1326,0.06450214302464097,0.002894491862642375,-0.00033195,3.450317238911107,5.9334145391034205,-83.4237496350621,-0.21789562370390278,-6.736095775922784,-0.04593960525765017,-12.539314333729958,0.14951036861664863,37.65335832558336,0.3196625855594684,51.158471693422214,-0.03635708494780777,-0.01895397545003771,-0.00037072,0.01898257884894283,0.00017264,1,1.0
1327,0.00038068049160389084,0.015088260084315117,-0.00033195,3.450317238911107,5.9334145391034205,70.08662358368858,-0.21789562370390278,22.965748396322798,-0.04593960525765017,-67.31243200647253,0.14951036861664863,-84.86289613421144,0.3196625855594684,-13.617683065788032,-0.03635708494780777,-0.045759813076631226,-0.00037072,0.049173822788731905,0.00017264,1,1.0
1328,0.0010970303956470487,0.011070695091658268,-0.00033195,3.450317238911107,5.9334145391034205,63.5158388266034,-0.21789562370390278,2.0470381686401775,-0.04593960525765017,-65.62410352095415,0.14951036861664863,34.56772565109259,0.3196625855594684,26.35097982914447,-0.03635708494780777,-0.016395909180519495,-0.00037072,0.03306349940733528,0.00017264,1,1.0
1329,0.09131175933913681,0.007340681821005009,-0.00033195,3.450317238911107,5.9334145391034205,-78.53328236473752,-0.21789562370390278,-5.057887748077375,-0.04593960525765017,-57.04256712702319,0.14951036861664863,16.963539393277152,0.3196625855594684,86.52833603434846,-0.03635708494780777,-0.03346621440025033,-0.00037072,0.03347044167911506,0.00017264,1,1.0
1330,0.00015888995121256244,0.007778945961498799,-0.00033195,3.450317238911107,5.9334145391034205,57.93365192705482,-0.21789562370390278,2.7569543870936317,-0.04593960525765017,-59.10813399395446,0.14951036861664863,12.522357232880653,0.3196625855594684,23.431852197039444,-0.03635708494780777,-0.016308119078900542,-0.00037072,0.027850118634990276,0.00017264,1,1.0
1331,0.00025073356179815265,0.0007531060587457344,-0.00033195,3.450317238911107,5.9334145391034205,3.4921109620647712,-0.21789562370390278,3.9167586230552063,-0.04593960525765017,-39.104406375353285,0.14951036861664863,18.236867695043212,0.3196625855594684,16.43864149532809,-0.03635708494780777,-0.00653791461996715,-0.00037072,0.0077556956370143865,0.00017264,1,1.0
1332,0.016198029119951718,0.0030650128745957936,-0.00033195,3.450317238911107,5.9334145391034205,57.88339608820245,-0.21789562370390278,9.86345240752199,-0.04593960525765017,-99.11592015316988,0.14951036861664863,-56.50541408904218,0.3196625855594684,46.68003651525729,-0.03635708494780777,-0.03241193755251284,-0.00037072,0.032475126238121196,0.00017264,1,1.0
1333,0.00023630972100385783,0.13687801884194992,-0.00033195,3.450317238911107,5.9334145391034205,47.74015093961277,-0.21789562370390278,49.50891701515507,-0.04593960525765017,-61.118381297300175,0.14951036861664863,-74.52710710340008,0.3196625855594684,-84.591090656352,-0.03635708494780777,-0.13889460164860695,-0.00037072,0.15200699118016442,0.00017264,1,1.0
1334,5.404391943803887e-05,0.005321171018803977,-0.00033195,3.450317238911107,5.9334145391034205,44.77209996014795,-0.21789562370390278,-0.2876992773818914,-0.04593960525765017,-27.65831060660878,0.14951036861664863,-4.685936053002337,0.3196625855594684,12.563861967846648,-0.03635708494780777,-0.015119816073335573,-0.00037072,0.022403223516324476,0.00017264,1,1.0
1335,0.0002387508588620607,0.019211777764419943,-0.00033195,3.450317238911107,5.9334145391034205,81.32976657732874,-0.21789562370390278,5.825188036724441,-0.04593960525765017,-27.223265031183292,0.14951036861664863,79.6016218767596,0.3196625855594684,-22.7344479349825,-0.03635708494780777,0.00798248810888389,-0.00037072,0.02983494036722297,0.00017264,0,1.0
1336,9.236622161823416e-05,0.010818625077114808,-0.00033195,3.450317238911107,5.9334145391034205,45.23401147832656,-0.21789562370390278,15.498682249346176,-0.04593960525765017,-92.90849366945648,0.14951036861664863,43.42683995053982,0.3196625855594684,14.506501370517272,-0.03635708494780777,-0.016305547127516532,-0.00037072,0.03217326581837776,0.00017264,1,1.0
1337,0.26515284972801045,0.055434905356099615,-0.00033195,3.450317238911107,5.9334145391034205,58.433270020206486,-0.21789562370390278,4.18158191335486,-0.04593960525765017,-16.692441889672104,0.14951036861664863,-39.221643378797935,0.3196625855594684,36.08967708154023,-0.03635708494780777,0.021875560734174723,-0.00037072,0.0682915541074711,0.00017264,0,1.0
1338,0.008165203684377374,0.004949952292475146,-0.00033195,3.450317238911107,5.9334145391034205,39.67356441051993,-0.21789562370390278,2.017953240521927,-0.04593960525765017,-71.32730237195511,0.14951036861664863,-20.563523120913406,0.3196625855594684,44.25741750829441,-0.03635708494780777,-0.0333852227919539,-0.00037072,0.03350119152742821,0.00017264,1,1.0
1339,0.0009360106594395734,0.01500617631496394,-0.00033195,3.450317238911107,5.9334145391034205,42.75671618340842,-0.21789562370390278,11.495308088192822,-0.04593960525765017,-12.743284773126053,0.14951036861664863,5.2045890751773785,0.3196625855594684,-30.49723029399107,-0.03635708494780777,-0.024141113671557378,-0.00037072,0.04099342080882085,0.00017264,1,1.0
1340,0.0008645825054603429,0.013790031377575212,-0.00033195,3.450317238911107,5.9334145391034205,17.68734317144,-0.21789562370390278,13.818061350837267,-0.04593960525765017,-20.558183106785727,0.14951036861664863,-4.954406808707688,0.3196625855594684,-23.814315032509594,-0.03635708494780777,-0.0361132369449431,-0.00037072,0.04400511830428877,0.00017264,1,1.0
1341,0.000910271779744537,0.017787837150938582,-0.00033195,3.450317238911107,5.9334145391034205,63.03629213417568,-0.21789562370390278,9.86495554289545,-0.04593960525765017,-5.6825566949228765,0.14951036861664863,19.269819447348553,0.3196625855594684,-37.885712911808746,-0.03635708494780777,-0.015962719789333446,-0.00037072,0.04147186489846996,0.00017264,1,1.0
1342,0.00016132367368570932,0.038938224881077815,-0.00033195,3.450317238911107,5.9334145391034205,67.66223542579083,-0.21789562370390278,-15.292836739016506,-0.04593960525765017,-30.516697725630607,0.14951036861664863,74.81281418771441,0.3196625855594684,38.964328000712285,-0.03635708494780777,-0.05749789003820786,-0.00037072,0.07987038239062726,0.00017264,1,1.0
1343,0.30302172706422303,0.04419852582170057,-0.00033195,3.450317238911107,5.9334145391034205,-41.3057761677294,-0.21789562370390278,15.137041555309228,-0.04593960525765017,-86.66597739496524,0.14951036861664863,-32.856238292364935,0.3196625855594684,87.88197836285964,-0.03635708494780777,0.02019912688236109,-0.00037072,0.051262357670758575,0.00017264,0,1.0
1344,0.00014636612186902376,0.02798884915997498,-0.00033195,3.450317238911107,5.9334145391034205,53.473926705943164,-0.21789562370390278,23.209690076055985,-0.04593960525765017,-86.8553871527999,0.14951036861664863,54.54069962808682,0.3196625855594684,-13.638654637999567,-0.03635708494780777,-0.03831424408099,-0.00037072,0.06333838326649768,0.00017264,1,1.0
1345,0.05545826604329948,0.014725829119587693,-0.00033195,3.450317238911107,5.9334145391034205,-64.39512285615552,-0.21789562370390278,-14.252356080374105,-0.04593960525765017,-12.285746188124167,0.14951036861664863,44.67253342083321,0.3196625855594684,64.19279585697309,-0.03635708494780777,-0.047002334453326994,-0.00037072,0.047271958458278515,0.00017264,1,1.0
1346,0.0021884060326544663,0.031444642069276434,-0.00033195,3.450317238911107,5.9334145391034205,30.88087002425794,-0.21789562370390278,28.955351774576844,-0.04593960525765017,-70.97860254660179,0.14951036861664863,-64.66599973106064,0.3196625855594684,-20.223964841107406,-0.03635708494780777,-0.07165780345557335,-0.00037072,0.07146791917447615,0.00017264,1,1.0
1347,0.0003535923004391872,0.006082284153234999,-0.00033195,3.450317238911107,5.9334145391034205,69.97789830115283,-0.21789562370390278,6.8455843037713935,-0.04593960525765017,-31.384540449899614,0.14951036861664863,-30.9939441475432,0.3196625855594684,-5.504954941702035,-0.03635708494780777,-0.0034957115179434645,-0.00037072,0.015258564249101846,0.00017264,1,1.0
1348,0.00034431038982118967,0.04681600575999249,-0.00033195,3.450317238911107,5.9334145391034205,-56.69041000367108,-0.21789562370390278,27.76251044946624,-0.04593960525765017,-66.45145627698413,0.14951036861664863,65.73696401552782,0.3196625855594684,-18.236533140622086,-0.03635708494780777,-0.08723524795761628,-0.00037072,0.08954666543619125,0.00017264,1,1.0
1349,0.0011264801692218995,0.015285675873848627,-0.00033195,3.450317238911107,5.9334145391034205,-60.28109983856585,-0.21789562370390278,16.294119599339503,-0.04593960525765017,-64.42673718492239,0.14951036861664863,94.03352197504645,0.3196625855594684,7.675382529261313,-0.03635708494780777,-0.049152012397903004,-0.00037072,0.05131232437381878,0.00017264,1,1.0
1350,0.009214001374143438,0.0014368489724408723,-0.00033195,3.450317238911107,5.9334145391034205,30.77646664831935,-0.21789562370390278,8.9734788641119,-0.04593960525765017,-87.4941754179059,0.14951036861664863,-16.18799247387411,0.3196625855594684,39.856177184367496,-0.03635708494780777,-0.022926244286704443,-0.00037072,0.022938002310468844,0.00017264,1,1.0
1351,0.09839808680600223,0.001990226908887686,-0.00033195,3.450317238911107,5.9334145391034205,-32.32809135986419,-0.21789562370390278,-0.9500881508247297,-0.04593960525765017,-12.679047144899885,0.14951036861664863,-94.1405917615463,0.3196625855594684,47.08623593489935,-0.03635708494780777,-0.01761911527496028,-0.00037072,0.017697753553687412,0.00017264,1,1.0
1352,6.433931982802177e-05,0.02700156861651589,-0.00033195,3.450317238911107,5.9334145391034205,65.14517595373972,-0.21789562370390278,21.465416338601155,-0.04593960525765017,-83.42006246126914,0.14951036861664863,63.95467436929323,0.3196625855594684,-15.471423212434413,-0.03635708494780777,-0.030129974785575372,-0.00037072,0.05990996963371123,0.00017264,1,1.0
1353,0.0041486585504069,0.00021758594949680557,-0.00033195,3.450317238911107,5.9334145391034205,-18.08617257771609,-0.21789562370390278,3.748112179683187,-0.04593960525765017,-55.434771636243106,0.14951036861664863,46.615994854252406,0.3196625855594684,31.078028429694918,-0.03635708494780777,-0.008093485673713824,-0.00037072,0.008118980497951811,0.00017264,1,1.0
1354,0.01914636448358706,0.003250511531241094,-0.00033195,3.450317238911107,5.9334145391034205,-32.94980138028744,-0.21789562370390278,11.735745545566727,-0.04593960525765017,-69.06643401244148,0.14951036861664863,33.87676648298714,0.3196625855594684,27.7681676117517,-0.03635708494780777,-0.024713946472859377,-0.00037072,0.024660318060249237,0.00017264,1,1.0
1355,0.07133101758847932,0.01983747460874763,-0.00033195,3.450317238911107,5.9334145391034205,82.89095074727786,-0.21789562370390278,20.70530099645861,-0.04593960525765017,-92.01663455504132,0.14951036861664863,-52.92160720789691,0.3196625855594684,15.535051770616507,-0.03635708494780777,-0.013520735369455424,-0.00037072,0.04459439012452133,0.00017264,1,1.0
1356,0.037006248284807565,0.002140703638521796,-0.00033195,3.450317238911107,5.9334145391034205,-0.08219896258192913,-0.21789562370390278,1.268955130023248,-0.04593960525765017,-49.035105505989435,0.14951036861664863,-24.88903417631803,0.3196625855594684,43.16542316159871,-0.03635708494780777,-0.021645467494481214,-0.00037072,0.021733021619657934,0.00017264,1,1.0
1357,0.11984861258650475,0.008113805118670995,-0.00033195,3.450317238911107,5.9334145391034205,-3.5210093940744573,-0.21789562370390278,12.888398770658473,-0.04593960525765017,-77.74131586578798,0.14951036861664863,-84.86967124850825,0.3196625855594684,56.14876121824388,-0.03635708494780777,-0.010621670193123975,-0.00037072,0.02475867694658611,0.00017264,1,1.0
1358,0.00010591804976337049,0.01648734815412735,-0.00033195,3.450317238911107,5.9334145391034205,87.09000065668889,-0.21789562370390278,-6.573156306325111,-0.04593960525765017,-22.039998719440785,0.14951036861664863,-41.46043047200474,0.3196625855594684,20.198880054755566,-0.03635708494780777,-0.043200155389139044,-0.00037072,0.05221805797507585,0.00017264,1,1.0
1359,0.09290017223640465,0.00038701253019071777,-0.00033195,3.450317238911107,5.9334145391034205,-55.63628885602822,-0.21789562370390278,4.420286055513034,-0.04593960525765017,-26.248550053618004,0.14951036861664863,-58.81804497182642,0.3196625855594684,43.03989520677194,-0.03635708494780777,-0.006849510659227058,-0.00037072,0.006841819131522788,0.00017264,1,1.0
1360,0.0002832332745492938,0.01806639227963032,-0.00033195,3.450317238911107,5.9334145391034205,38.96020083111927,-0.21789562370390278,-9.912204685076723,-0.04593960525765017,-31.563948405795553,0.14951036861664863,17.48679888209123,0.3196625855594684,39.33649792676247,-0.03635708494780777,-0.04934287381924815,-0.00037072,0.05448777335408027,0.00017264,1,1.0
1361,0.0431550068213533,0.0002967613806731396,-0.00033195,3.450317238911107,5.9334145391034205,-10.472401521253897,-0.21789562370390278,6.030970120073632,-0.04593960525765017,-50.282210610961585,0.14951036861664863,-31.07747275333993,0.3196625855594684,35.65827308507148,-0.03635708494780777,-0.012048109898351329,-0.00037072,0.012056543909440238,0.00017264,1,1.0
1362,0.0004891246227179957,0.01399434783457881,-0.00033195,3.450317238911107,5.9334145391034205,57.983302832801265,-0.21789562370390278,16.153122518897867,-0.04593960525765017,-27.121298638872624,0.14951036861664863,-50.942557632450644,0.3196625855594684,-28.008595906576993,-0.03635708494780777,-0.033366719669350384,-0.00037072,0.042863871185470984,0.00017264,1,1.0
1363,0.06674053205035152,0.0032083662525844714,-0.00033195,3.450317238911107,5.9334145391034205,-21.973671034177393,-0.21789562370390278,11.442851363889272,-0.04593960525765017,-35.706027822931894,0.14951036861664863,-73.75030784145127,0.3196625855594684,22.08704469251264,-0.03635708494780777,-0.02394923739060152,-0.00037072,0.02398987970512516,0.00017264,1,1.0
1364,0.053828171762213495,0.002625692340102775,-0.00033195,3.450317238911107,5.9334145391034205,-24.499425550348896,-0.21789562370390278,7.058821026139047,-0.04593960525765017,-2.3474326947547888,0.14951036861664863,-63.704975192764614,0.3196625855594684,5.394092293190163,-0.03635708494780777,-0.02033150570322897,-0.00037072,0.020295937870529215,0.00017264,1,1.0
1365,0.0003755430558758932,0.020134830575700806,-0.00033195,3.450317238911107,5.9334145391034205,-25.18023549809474,-0.21789562370390278,19.739712400332472,-0.04593960525765017,-60.61948285416767,0.14951036861664863,44.22135921256547,0.3196625855594684,-5.76905889625957,-0.03635708494780777,-0.05427279900465821,-0.00037072,0.05770067259228579,0.00017264,1,1.0
1366,0.0007495741487334451,0.016022650251715304,-0.00033195,3.450317238911107,5.9334145391034205,39.33426876087481,-0.21789562370390278,-7.886153115256885,-0.04593960525765017,-42.526217886871564,0.14951036861664863,15.252901736842084,0.3196625855594684,42.64392825324579,-0.03635708494780777,-0.047362216792994065,-0.00037072,0.05173501926754411,0.00017264,1,1.0
1367,0.0007894878093889779,0.034455928324448694,-0.00033195,3.450317238911107,5.9334145391034205,65.57753515836178,-0.21789562370390278,21.06563320684165,-0.04593960525765017,-45.2133643129103,0.14951036861664863,43.01197768936762,0.3196625855594684,-40.84314868265018,-0.03635708494780777,-0.0402824943331393,-0.00037072,0.07124003102681453,0.00017264,1,1.0
1368,0.05219665550352043,0.011219897107268232,-0.00033195,3.450317238911107,5.9334145391034205,4.202171081287403,-0.21789562370390278,22.948781525044026,-0.04593960525765017,-93.75321008394619,0.14951036861664863,-75.03571218917209,0.3196625855594684,28.141939216059324,-0.03635708494780777,-0.04564962478538883,-0.00037072,0.04548445391138169,0.00017264,1,1.0
1369,0.00016745329891503652,0.0053436484271454495,-0.00033195,3.450317238911107,5.9334145391034205,45.29505181562381,-0.21789562370390278,3.26694208269538,-0.04593960525765017,-0.2086339099220208,0.14951036861664863,-17.7813687463948,0.3196625855594684,-16.13538946263125,-0.03635708494780777,0.00018079340167328779,-0.00037072,0.010143868391312923,0.00017264,0,1.0
1370,0.016738425080893668,0.0023073561838409724,-0.00033195,3.450317238911107,5.9334145391034205,-17.550011339576923,-0.21789562370390278,5.353243749518362,-0.04593960525765017,-1e-20,0.14951036861664863,-14.520502369233018,0.3196625855594684,-5.673635525021159,-0.03635708494780777,-0.019745574617465685,-0.00037072,0.019742029305636517,0.00017264,1,1.0
1371,0.11024430961421244,0.005860807657431308,-0.00033195,3.450317238911107,5.9334145391034205,-57.80620899569547,-0.21789562370390278,-2.2811083445447977,-0.04593960525765017,-50.04099498160959,0.14951036861664863,-48.270958112419734,0.3196625855594684,80.70201411940242,-0.03635708494780777,-0.03050805444018942,-0.00037072,0.030909033486959572,0.00017264,1,1.0
1372,0.12944107936006755,0.0039453292330783145,-0.00033195,3.450317238911107,5.9334145391034205,-95.10558921126062,-0.21789562370390278,13.924057573733128,-0.04593960525765017,-74.55871014913983,0.14951036861664863,-49.91570722423148,0.3196625855594684,68.27399086182544,-0.03635708494780777,-0.027162595275874786,-0.00037072,0.02739813421444242,0.00017264,1,1.0
1373,0.05302411405907722,8.231119311826906e-05,-0.00033195,3.450317238911107,5.9334145391034205,-85.56424634541531,-0.21789562370390278,2.440302173499331,-0.04593960525765017,-53.15496423532486,0.14951036861664863,63.73453288241764,0.3196625855594684,53.27937498614532,-0.03635708494780777,-0.00308782493524706,-0.00037072,0.0030965739486351293,0.00017264,1,1.0
1374,0.0003829687061509615,0.012598878994515849,-0.00033195,3.450317238911107,5.9334145391034205,74.91602822480871,-0.21789562370390278,-2.650922237285252,-0.04593960525765017,-29.494611584931672,0.14951036861664863,3.0767389300990917,0.3196625855594684,12.574547929353704,-0.03635708494780777,-0.022265380546327672,-0.00037072,0.03810865565572459,0.00017264,1,1.0
1375,0.05157991360130179,0.0025967617757186464,-0.00033195,3.450317238911107,5.9334145391034205,-57.29454811604235,-0.21789562370390278,12.833739713135985,-0.04593960525765017,-89.2342600460226,0.14951036861664863,28.78172541334109,0.3196625855594684,51.4602310798078,-0.03635708494780777,-0.024008104362575812,-0.00037072,0.02404067121357948,0.00017264,1,1.0
1376,0.00024161687973196788,0.006667449451811841,-0.00033195,3.450317238911107,5.9334145391034205,17.692869804032693,-0.21789562370390278,2.7140833015915926,-0.04593960525765017,-9.605090786484903,0.14951036861664863,37.53568017061753,0.3196625855594684,-8.512469304904513,-0.03635708494780777,-0.002033165489798954,-0.00037072,0.01468814687500054,0.00017264,1,1.0
1377,0.014811793303857512,0.037605135620361566,-0.00033195,3.450317238911107,5.9334145391034205,-65.88787400847198,-0.21789562370390278,27.707277713817366,-0.04593960525765017,-87.6817434418467,0.14951036861664863,59.89285798905785,0.3196625855594684,3.1866624436644675,-0.03635708494780777,-0.08044942851553419,-0.00037072,0.08053420453029594,0.00017264,1,1.0
1378,0.0002853710055586711,0.009094792199470497,-0.00033195,3.450317238911107,5.9334145391034205,11.381396147951383,-0.21789562370390278,4.0491243641769605,-0.04593960525765017,-18.043621694607744,0.14951036861664863,66.4599606384053,0.3196625855594684,-7.905628903919341,-0.03635708494780777,-0.005434234302173555,-0.00037072,0.021824291264520568,0.00017264,1,1.0
1379,0.10611156362757507,0.000621113842315696,-0.00033195,3.450317238911107,5.9334145391034205,-46.78287986298818,-0.21789562370390278,8.200088335222748,-0.04593960525765017,-50.924938279212505,0.14951036861664863,-82.40375945288012,0.3196625855594684,55.09123108703162,-0.03635708494780777,-0.013637619206238984,-0.00037072,0.013654724946568619,0.00017264,1,1.0
1380,0.06924403515110104,0.013758980692029138,-0.00033195,3.450317238911107,5.9334145391034205,21.387364361688775,-0.21789562370390278,-0.39707768706347346,-0.04593960525765017,-88.72867096255085,0.14951036861664863,-70.32758450818808,0.3196625855594684,84.04777447674198,-0.03635708494780777,-0.05337419179665771,-0.00037072,0.05360018874318323,0.00017264,1,1.0
1381,0.00047820266518222576,0.03905235417679466,-0.00033195,3.450317238911107,5.9334145391034205,77.22380136555203,-0.21789562370390278,22.05184322095198,-0.04593960525765017,-19.76451846346265,0.14951036861664863,-5.912768814143851,0.3196625855594684,-59.18010062639122,-0.03635708494780777,-0.04941224312741506,-0.00037072,0.07738306560888362,0.00017264,1,1.0
1382,4.643013702065879e-05,0.011165696258916221,-0.00033195,3.450317238911107,5.9334145391034205,10.40386880424968,-0.21789562370390278,-6.607388575565445,-0.04593960525765017,-50.92493882276908,0.14951036861664863,45.38378092162996,0.3196625855594684,48.093513306974835,-0.03635708494780777,-0.04094081147448557,-0.00037072,0.0428516642600803,0.00017264,1,1.0
1383,0.08163318182848633,0.0015443880414244538,-0.00033195,3.450317238911107,5.9334145391034205,-44.50702285768493,-0.21789562370390278,2.825186765292211,-0.04593960525765017,-62.13032703718456,0.14951036861664863,-28.400499823885557,0.3196625855594684,66.43523271307492,-0.03635708494780777,-0.018546709845162494,-0.00037072,0.018564072251548814,0.00017264,1,1.0
1384,0.0534310120825357,0.013015689396958009,-0.00033195,3.450317238911107,5.9334145391034205,20.64527431750497,-0.21789562370390278,-7.571372390939089,-0.04593960525765017,-22.241115646507634,0.14951036861664863,-74.94356787148105,0.3196625855594684,50.46128125697021,-0.03635708494780777,-0.04864696508534691,-0.00037072,0.04864476379895352,0.00017264,1,1.0
1385,3.6072627741523533e-06,0.018189616273067765,-0.00033195,3.450317238911107,5.9334145391034205,88.59521854402907,-0.21789562370390278,21.345409128262,-0.04593960525765017,-70.37884895508849,0.14951036861664863,-39.297097437084346,0.3196625855594684,-17.022923601640137,-0.03635708494780777,-0.03228004297625547,-0.00037072,0.048860646714933835,0.00017264,1,1.0
1386,0.08203907450267774,0.000823548552943146,-0.00033195,3.450317238911107,5.9334145391034205,-40.521061772509896,-0.21789562370390278,10.489844545810715,-0.04593960525765017,-97.7244556475386,0.14951036861664863,-28.207110882049935,0.3196625855594684,72.5705115805871,-0.03635708494780777,-0.02012321506819339,-0.00037072,0.02011440465671658,0.00017264,1,1.0
1387,0.0012684232199918766,0.009685243729855885,-0.00033195,3.450317238911107,5.9334145391034205,-31.62117563248357,-0.21789562370390278,18.481732777245305,-0.04593960525765017,-98.05869270843387,0.14951036861664863,63.85905913719744,0.3196625855594684,25.132566154915867,-0.03635708494780777,-0.04153322332051673,-0.00037072,0.041677531115548935,0.00017264,1,1.0
1388,0.0616362937462846,0.02762701885753206,-0.00033195,3.450317238911107,5.9334145391034205,86.0897295830972,-0.21789562370390278,12.660359149376916,-0.04593960525765017,-14.259818658098435,0.14951036861664863,-12.88489619488536,0.3196625855594684,-29.98941891468814,-0.03635708494780777,-0.006174894831239328,-0.00037072,0.050408130931156106,0.00017264,1,1.0
1389,0.03094539824418275,0.001959390679379033,-0.00033195,3.450317238911107,5.9334145391034205,2.9935008190207717,-0.21789562370390278,1.2203639971409352,-0.04593960525765017,-46.90325345239801,0.14951036861664863,-21.71486930453159,0.3196625855594684,39.6144397332507,-0.03635708494780777,-0.02082420657484382,-0.00037072,0.02079827878734301,0.00017264,1,1.0
1390,0.24524121927032524,0.04664660409263025,-0.00033195,3.450317238911107,5.9334145391034205,12.618357841783107,-0.21789562370390278,-0.45064891033085747,-0.04593960525765017,-39.26154991487339,0.14951036861664863,-19.226593291640025,0.3196625855594684,69.87211170035309,-0.03635708494780777,0.004304771511989547,-0.00037072,0.06584477004994628,0.00017264,0,1.0
1391,0.00035599017650858947,0.014070597873351262,-0.00033195,3.450317238911107,5.9334145391034205,61.35824816217048,-0.21789562370390278,-1.6556214212381755,-0.04593960525765017,-19.695379704310824,0.14951036861664863,59.7697573389436,0.3196625855594684,-1.8108033180981975,-0.03635708494780777,-0.0029478927257010866,-0.00037072,0.028663282073913467,0.00017264,1,1.0
1392,0.000626422562319838,0.0026874804431143463,-0.00033195,3.450317238911107,5.9334145391034205,64.65912774394225,-0.21789562370390278,-0.9463331556550812,-0.04593960525765017,-9.777126249034623,0.14951036861664863,-77.47947071328042,0.3196625855594684,5.712557011850279,-0.03635708494780777,-0.024695472816446417,-0.00037072,0.02472437428083118,0.00017264,1,1.0
1393,0.008312674861254588,0.03116211144102733,-0.00033195,3.450317238911107,5.9334145391034205,88.85723506342386,-0.21789562370390278,-7.919668075922923,-0.04593960525765017,-68.2483867603002,0.14951036861664863,-22.542001384784687,0.3196625855594684,57.46387557836447,-0.03635708494780777,-0.06653683338397766,-0.00037072,0.07537451484678752,0.00017264,1,1.0
1394,0.06215037209441112,0.0015550186089802395,-0.00033195,3.450317238911107,5.9334145391034205,-13.091503300753539,-0.21789562370390278,-0.3027151158304572,-0.04593960525765017,-21.249902854298462,0.14951036861664863,-60.819774270793985,0.3196625855594684,37.610893614274005,-0.03635708494780777,-0.017146340359066287,-0.00037072,0.01720660428964109,0.00017264,1,1.0
1395,0.013298719110120871,0.007736046769143832,-0.00033195,3.450317238911107,5.9334145391034205,57.077188690672216,-0.21789562370390278,8.275171371662507,-0.04593960525765017,-92.5327166105083,0.14951036861664863,9.684619747888503,0.3196625855594684,37.04839835623154,-0.03635708494780777,-0.015922819805130602,-0.00037072,0.028717793274852913,0.00017264,1,1.0
1396,0.0955974768918335,0.0009730374631172771,-0.00033195,3.450317238911107,5.9334145391034205,-44.495216162202574,-0.21789562370390278,6.535349877327768,-0.04593960525765017,-20.002213349756143,0.14951036861664863,-86.63131510174682,0.3196625855594684,34.25363319324229,-0.03635708494780777,-0.012141184700367253,-0.00037072,0.01216748385672711,0.00017264,1,1.0
1397,0.06740476215956727,0.00023448842904228606,-0.00033195,3.450317238911107,5.9334145391034205,-68.54377843816702,-0.21789562370390278,1.2211095870129955,-0.04593960525765017,-18.84238838476488,0.14951036861664863,-0.7629239822024046,0.3196625855594684,37.1398037006764,-0.03635708494780777,-0.002945468158867152,-0.00037072,0.0029685396580158585,0.00017264,1,1.0
1398,0.1527695472759067,0.0360426844799577,-0.00033195,3.450317238911107,5.9334145391034205,89.17876892869388,-0.21789562370390278,3.441740485287363,-0.04593960525765017,-65.81881169225939,0.14951036861664863,-25.87671527793863,0.3196625855594684,49.08643886928611,-0.03635708494780777,-0.0009969226576347773,-0.00037072,0.06007899019453305,0.00017264,1,1.0
1399,0.08109795840709388,0.0137366345114766,-0.00033195,3.450317238911107,5.9334145391034205,-39.7280840261291,-0.21789562370390278,23.659402693936308,-0.04593960525765017,-96.9788342518326,0.14951036861664863,-58.12350326552879,0.3196625855594684,40.87129486075928,-0.03635708494780777,-0.050039794406178374,-0.00037072,0.050243847213610505,0.00017264,1,1.0
1400,0.3809660110481806,0.06743316007608166,-0.00033195,1.9101617833100923,3.129449789051122,-10.038826341513365,-0.21789562370390278,7.291620642693818,-0.04593960525765017,-28.14928946794656,0.14951036861664863,-24.753238507572703,0.3196625855594684,30.518173426684996,-0.03635708494780777,-0.17361835208900445,-0.00037072,0.17462656870616722,0.00017264,1,1.0
1401,0.03991907163361197,0.11541465653244264,-0.00033195,1.9101617833100923,3.129449789051122,74.35933417992933,-0.21789562370390278,21.350050369231205,-0.04593960525765017,-73.75433381377172,0.14951036861664863,43.6102665677039,0.3196625855594684,-14.584750060754308,-0.03635708494780777,0.4369397803395608,-0.00037072,0.7565572909457975,0.00017264,0,1.0
1402,0.5823648137217148,0.392270499618137,-0.00033195,1.9101617833100923,3.129449789051122,37.60946216483664,-0.21789562370390278,6.423224295917846,-0.04593960525765017,-27.18116459698361,0.14951036861664863,-2.2819387778247258,0.3196625855594684,10.781673399190677,-0.03635708494780777,0.2733261159294773,-0.00037072,0.7160815906127103,0.00017264,0,1.0
1403,0.6681414533508867,0.27609513496376914,-0.00033195,1.9101617833100923,3.129449789051122,-10.256360060354629,-0.21789562370390278,14.072318377258826,-0.04593960525765017,-69.94900434331339,0.14951036861664863,-13.423451397325689,0.3196625855594684,57.192587196892404,-0.03635708494780777,-0.08998759028671621,-0.00037072,0.3966295744479841,0.00017264,1,1.0
1404,-0.0034811332336241174,0.5764619257283122,-0.00033195,1.9101617833100923,3.129449789051122,-33.172039116960335,-0.21789562370390278,1.9340251212492694,-0.04593960525765017,-3.893617790777121,0.14951036861664863,45.166681393430665,0.3196625855594684,2.3640669920026887,-0.03635708494780777,-0.42614159174376665,-0.00037072,0.48349647879605206,0.00017264,1,1.0
1405,0.5305908722844188,0.5043970608802237,-0.00033195,1.9101617833100923,3.129449789051122,-13.559090911396979,-0.21789562370390278,18.83676814907281,-0.04593960525765017,-78.10569326106435,0.14951036861664863,30.231202432045055,0.3196625855594684,43.6137707397946,-0.03635708494780777,-0.05043459649988297,-0.00037072,0.6010397533060288,0.00017264,1,1.0
1406,0.8809566157411155,1.9664976938556615,-0.00033195,1.9101617833100923,3.129449789051122,93.93141154974444,-0.21789562370390278,1.9292052679571103,-0.04593960525765017,-79.8293831203779,0.14951036861664863,79.88648501698778,0.3196625855594684,22.220917383217387,-0.03635708494780777,0.3029135874501455,-0.00037072,2.2191853014744787,0.00017264,0,1.0
1407,0.0868329040005793,0.10313627418080229,-0.00033195,1.9101617833100923,3.129449789051122,18.585434631196808,-0.21789562370390278,12.050729175416864,-0.04593960525765017,-88.84885557333001,0.14951036861664863,84.2718152446523,0.3196625855594684,24.870064933977762,-0.03635708494780777,0.38751128751433495,-0.00037072,0.47945187983371507,0.00017264,0,1.0
1408,2.6019043715797885,3.5427281454695376,-0.00033195,1.9101617833100923,3.129449789051122,-13.227674754062813,-0.21789562370390278,28.926877650519693,-0.04593960525765017,-76.25439359573974,0.14951036861664863,-10.83970980991523,0.3196625855594684,86.82373296603551,-0.03635708494780777,0.5703771970910922,-0.00037072,1.9436061854991602,0.00017264,0,1.0
1409,-0.1270205561972994,0.5793378012783588,-0.00033195,1.9101617833100923,3.129449789051122,19.195547124941456,-0.21789562370390278,0.3482406515725798,-0.04593960525765017,-50.43668067263602,0.14951036861664863,68.87658961389212,0.3196625855594684,10.79730581253251,-0.03635708494780777,0.028879842401842992,-0.00037072,0.5248709131715443,0.00017264,0,1.0
1410,-0.26285310231735404,1.186297221869648,-0.00033195,1.9101617833100923,3.129449789051122,88.48894416363306,-0.21789562370390278,13.842446804879142,-0.04593960525765017,-18.28354480812974,0.14951036861664863,77.32322569118303,0.3196625855594684,-68.1637184407555,-0.03635708494780777,0.17747728555863596,-0.00037072,1.3470757292168813,0.00017264,0,1.0
1411,2.303907755689672,4.319181109047226,-0.00033195,1.9101617833100923,3.129449789051122,85.99987945522254,-0.21789562370390278,8.619347394130006,-0.04593960525765017,-84.7863950177858,0.14951036861664863,-33.043659708291464,0.3196625855594684,81.61859500449766,-0.03635708494780777,0.27675080026679466,-0.00037072,2.6395108150028843,0.00017264,0,1.0
1412,0.6311747752515977,0.3189102708867231,-0.00033195,1.9101617833100923,3.129449789051122,29.218075462056152,-0.21789562370390278,15.78627100886558,-0.04593960525765017,-38.3858127576039,0.14951036861664863,-54.9486807972052,0.3196625855594684,23.31173111297034,-0.03635708494780777,-0.020884332783856097,-0.00037072,0.47687897752534164,0.00017264,1,1.0
1413,0.6603687879855222,0.87333508161354,-0.00033195,1.9101617833100923,3.129449789051122,89.21178040300876,-0.21789562370390278,2.3613124980953923,-0.04593960525765017,-11.989269492781991,0.14951036861664863,5.719094898497121,0.3196625855594684,-16.260915623431774,-0.03635708494780777,0.3073639776837177,-0.00037072,1.4715644915973827,0.00017264,0,1.0
1414,-0.0002783475654372092,0.1950973423462895,-0.00033195,1.9101617833100923,3.129449789051122,62.3560095582602,-0.21789562370390278,8.299303388518275,-0.04593960525765017,-44.15889449590571,0.14951036861664863,83.67343417983463,0.3196625855594684,-24.285333210720463,-0.03635708494780777,0.3695434960882801,-0.00037072,1.0546952634478939,0.00017264,0,1.0
1415,0.5623064777444372,0.16318781210909403,-0.00033195,1.9101617833100923,3.129449789051122,77.38530073260449,-0.21789562370390278,23.457661702785874,-0.04593960525765017,-69.04107354810691,0.14951036861664863,-26.042864897775573,0.3196625855594684,7.247231481872649,-0.03635708494780777,0.36663386614620075,-0.00037072,0.7868917099195065,0.00017264,0,1.0
1416,-0.0003077196790807202,0.1820593598355406,-0.00033195,1.9101617833100923,3.129449789051122,-42.07869785173286,-0.21789562370390278,-3.1796566492653264,-0.04593960525765017,-36.909341897406904,0.14951036861664863,84.67858511058063,0.3196625855594684,29.64436204324912,-0.03635708494780777,-0.1395133824998107,-0.00037072,0.3099843369816536,0.00017264,1,1.0
1417,0.29471725064719384,0.13995217660216475,-0.00033195,1.9101617833100923,3.129449789051122,7.100558440068653,-0.21789562370390278,10.76468193343747,-0.04593960525765017,-22.92804436793211,0.14951036861664863,-40.5575904226535,0.3196625855594684,16.126201286370794,-0.03635708494780777,-0.24804246175436143,-0.00037072,0.24515639810916293,0.00017264,1,1.0
1418,0.000137167333674304,0.3120764607680066,-0.00033195,1.9101617833100923,3.129449789051122,72.11305305904597,-0.21789562370390278,20.44692218218898,-0.04593960525765017,-70.17419754366709,0.14951036861664863,85.68038118667586,0.3196625855594684,-26.57066973550893,-0.03635708494780777,0.3600940153288646,-0.00037072,1.185156907883757,0.00017264,0,1.0
1419,-0.002940019445874298,0.33275125765296565,-0.00033195,1.9101617833100923,3.129449789051122,99.89499021010866,-0.21789562370390278,11.808538787801218,-0.04593960525765017,-19.032227778385703,0.14951036861664863,54.204015083536326,0.3196625855594684,-57.213433691758425,-0.03635708494780777,0.4439698749992749,-0.00037072,1.2511866986938165,0.00017264,0,1.0
1420,-9.34440582465168e-05,0.040360457749306064,-0.00033195,1.9101617833100923,3.129449789051122,95.38305733940523,-0.21789562370390278,16.500900462154803,-0.04593960525765017,-43.866965007878854,0.14951036861664863,0.8736714181784839,0.3196625855594684,-29.585916554609444,-0.03635708494780777,0.40925854808746776,-0.00037072,0.6472008851599562,0.00017264,0,1.0
1421,0.14818791198354458,0.21119819604832563,-0.00033195,1.9101617833100923,3.129449789051122,-23.256358131708325,-0.21789562370390278,-1.9089331269234893,-0.04593960525765017,-42.35892285564438,0.14951036861664863,42.94369830070743,0.3196625855594684,38.28191557702336,-0.03635708494780777,-0.13644758351182812,-0.00037072,0.26409143887932185,0.00017264,1,1.0
1422,0.6536700935122464,0.1394436240841323,-0.00033195,1.9101617833100923,3.129449789051122,-3.8730258682782157,-0.21789562370390278,8.675726403668031,-0.04593960525765017,-10.721930770811493,0.14951036861664863,-70.74290653582891,0.3196625855594684,30.326386374384498,-0.03635708494780777,-0.2253783881658671,-0.00037072,0.2275853390460059,0.00017264,1,1.0
1423,0.9518191159833491,0.5096464161553755,-0.00033195,1.9101617833100923,3.129449789051122,23.598900649613523,-0.21789562370390278,20.72297894244085,-0.04593960525765017,-36.737688794075794,0.14951036861664863,-65.50458900358147,0.3196625855594684,27.268026313404185,-0.03635708494780777,0.10659116450229394,-0.00037072,0.5789067093170375,0.00017264,0,1.0
1424,-0.008799552962260981,0.4136934463585517,-0.00033195,1.9101617833100923,3.129449789051122,16.104868421475974,-0.21789562370390278,12.683851870468702,-0.04593960525765017,-34.343061457387684,0.14951036861664863,20.597343404477527,0.3196625855594684,-4.037422663892325,-0.03635708494780777,-0.1301745786047988,-0.00037072,0.4669048708695179,0.00017264,1,1.0
1425,0.0007985437570482423,0.1293149471700393,-0.00033195,1.9101617833100923,3.129449789051122,41.80348918679141,-0.21789562370390278,7.832866690631417,-0.04593960525765017,-0.023732361823517706,0.14951036861664863,-46.49304789528097,0.3196625855594684,-17.14262819058255,-0.03635708494780777,-0.16067610022859669,-0.00037072,0.24750822203048384,0.00017264,1,1.0
1426,-0.01659315646041093,0.8185431563330496,-0.00033195,1.9101617833100923,3.129449789051122,-43.620941542904575,-0.21789562370390278,12.930426244696838,-0.04593960525765017,-67.18729605644255,0.14951036861664863,75.1825779282767,0.3196625855594684,31.86923263039394,-0.03635708494780777,-0.5022798740689324,-0.00037072,0.5457436860239667,0.00017264,1,1.0
1427,0.0005901959526382616,0.2074400958744193,-0.00033195,1.9101617833100923,3.129449789051122,73.6510758236692,-0.21789562370390278,7.13148563350285,-0.04593960525765017,-49.060243430279975,0.14951036861664863,80.35773837963627,0.3196625855594684,-22.484461917587264,-0.03635708494780777,0.4188405455941978,-0.00037072,1.0744795410259482,0.00017264,0,1.0
1428,0.025368115803240054,0.12212735521227111,-0.00033195,1.9101617833100923,3.129449789051122,46.410500665316725,-0.21789562370390278,11.437047929281126,-0.04593960525765017,-47.512116923255206,0.14951036861664863,40.834495250152266,0.3196625855594684,-8.517483514144345,-0.03635708494780777,0.3532511192180997,-0.00037072,0.5050865826144968,0.00017264,0,1.0
1429,0.010832907302596784,0.23114035198832034,-0.00033195,1.9101617833100923,3.129449789051122,55.8932180237049,-0.21789562370390278,6.9625067063836985,-0.04593960525765017,-7.891104549361306,0.14951036861664863,23.065298527277154,0.3196625855594684,-32.58503883970454,-0.03635708494780777,0.24231750874381483,-0.00037072,0.6626101417859013,0.00017264,0,1.0
1430,0.34503046039488605,0.058044333523781966,-0.00033195,1.9101617833100923,3.129449789051122,-5.22053246656886,-0.21789562370390278,6.6049766427827805,-0.04593960525765017,-20.60534516947423,0.14951036861664863,-29.08202455722622,0.3196625855594684,23.898542514144427,-0.03635708494780777,-0.16185367979885193,-0.00037072,0.16199297097194335,0.00017264,1,1.0
1431,0.22491309225448308,0.07877689768208053,-0.00033195,1.9101617833100923,3.129449789051122,-29.308707390997636,-0.21789562370390278,9.276414801717285,-0.04593960525765017,-73.82004462201381,0.14951036861664863,32.862971642111454,0.3196625855594684,52.998327083333045,-0.03635708494780777,-0.1954591098869486,-0.00037072,0.19696372907141635,0.00017264,1,1.0
1432,0.4580346306884043,0.14755970115421105,-0.00033195,1.9101617833100923,3.129449789051122,-42.51794031731946,-0.21789562370390278,4.856277220102978,-0.04593960525765017,-71.56485907025287,0.14951036861664863,39.131528914141235,0.3196625855594684,67.2525087208526,-0.03635708494780777,-0.05870932287883743,-0.00037072,0.20038198581992103,0.00017264,1,1.0
1433,-0.012728014191215387,0.6359693457027311,-0.00033195,1.9101617833100923,3.129449789051122,20.416630663055507,-0.21789562370390278,17.483949591105578,-0.04593960525765017,-41.25167962831316,0.14951036861664863,5.5249696533732,0.3196625855594684,-3.898137453940073,-0.03635708494780777,-0.28590770133727234,-0.00037072,0.5290907448339046,0.00017264,1,1.0
1434,1.1468240877483258,1.012108243033262,-0.00033195,1.9101617833100923,3.129449789051122,-84.8422657840622,-0.21789562370390278,20.993529229149956,-0.04593960525765017,-76.56457215216659,0.14951036861664863,-18.93278391795247,0.3196625855594684,95.375626796256,-0.03635708494780777,-0.5801610137222991,-0.00037072,0.5266569635231052,0.00017264,1,1.0
1435,0.0011622040894622154,0.2158577030923439,-0.00033195,1.9101617833100923,3.129449789051122,65.99850507185886,-0.21789562370390278,10.844616982218446,-0.04593960525765017,-46.03308515597642,0.14951036861664863,82.19247095613589,0.3196625855594684,-27.705177810442432,-0.03635708494780777,0.379773846300287,-0.00037072,1.0857605798803904,0.00017264,0,1.0
1436,0.013472091649344264,0.5106294643157203,-0.00033195,1.9101617833100923,3.129449789051122,100.0,-0.21789562370390278,22.414124773390835,-0.04593960525765017,-9.858900114842157,0.14951036861664863,-48.32023539311956,0.3196625855594684,-54.262246059301056,-0.03635708494780777,0.09101109374296634,-0.00037072,0.7364817910414767,0.00017264,0,1.0
1437,0.30503355758607154,0.3514013677969148,-0.00033195,1.9101617833100923,3.129449789051122,88.51191734219394,-0.21789562370390278,14.76292263568952,-0.04593960525765017,-99.84709845952719,0.14951036861664863,50.307335763372194,0.3196625855594684,14.518639340134657,-0.03635708494780777,0.31822778836033777,-0.00037072,1.236150320160141,0.00017264,0,1.0
1438,0.14232268997781466,0.5080942920336287,-0.00033195,1.9101617833100923,3.129449789051122,88.32067238814084,-0.21789562370390278,5.2259277631134236,-0.04593960525765017,-70.25484425482806,0.14951036861664863,81.94066813983999,0.3196625855594684,-6.083437880712204,-0.03635708494780777,0.31751478340745753,-0.00037072,1.413792167156588,0.00017264,0,1.0
1439,0.638610938084049,3.5484339489864363,-0.00033195,1.9101617833100923,3.129449789051122,-53.20600033289608,-0.21789562370390278,33.50792927649141,-0.04593960525765017,-82.63502475342749,0.14951036861664863,-79.77164784689398,0.3196625855594684,71.52252689600323,-0.03635708494780777,-1.3989265115536995,-0.00037072,0.6265771186676925,0.00017264,1,1.0
1440,0.195296429974504,0.05489337623809763,-0.00033195,1.9101617833100923,3.129449789051122,6.404643934341514,-0.21789562370390278,5.971478150260038,-0.04593960525765017,-15.268576677555043,0.14951036861664863,-27.714620368455865,0.3196625855594684,11.993033950457495,-0.03635708494780777,-0.16520497000559586,-0.00037072,0.1651660383114883,0.00017264,1,1.0
1441,1.7960084838677766,2.1019079946550967,-0.00033195,1.9101617833100923,3.129449789051122,61.28017768889166,-0.21789562370390278,7.529437044528096,-0.04593960525765017,-30.049305882395686,0.14951036861664863,-66.15628156662873,0.3196625855594684,46.696442402329,-0.03635708494780777,0.28467369047273583,-0.00037072,1.6799947045194394,0.00017264,0,1.0
1442,0.3381139162457817,0.20305223716054227,-0.00033195,1.9101617833100923,3.129449789051122,3.2133829423361626,-0.21789562370390278,13.215329027039152,-0.04593960525765017,-66.98303546543956,0.14951036861664863,6.705318854928497,0.3196625855594684,37.71757686994326,-0.03635708494780777,-0.059047712748547476,-0.00037072,0.3615836874051016,0.00017264,1,1.0
1443,1.6497922651542791,1.5400225999522539,-0.00033195,1.9101617833100923,3.129449789051122,16.308146543019053,-0.21789562370390278,5.896503313771993,-0.04593960525765017,-15.674899311608273,0.14951036861664863,-87.9253859069961,0.3196625855594684,58.23055433622164,-0.03635708494780777,0.08587141348715338,-0.00037072,1.0323176005349044,0.00017264,0,1.0
1444,0.5590528243696788,0.15752842906352935,-0.00033195,1.9101617833100923,3.129449789051122,25.213512143887492,-0.21789562370390278,18.507890483875865,-0.04593960525765017,-93.83102860129722,0.14951036861664863,35.66621391374743,0.3196625855594684,39.85668053230381,-0.03635708494780777,0.43488554995144696,-0.00037072,0.5797300702860291,0.00017264,0,1.0
1445,0.6958359830052567,0.06436849597078435,-0.00033195,1.9101617833100923,3.129449789051122,-80.40281147919441,-0.21789562370390278,4.470865868509855,-0.04593960525765017,-74.17923655831517,0.14951036861664863,43.971150683323415,0.3196625855594684,89.85120584664152,-0.03635708494780777,-0.047884110095432385,-0.00037072,0.04823484162213645,0.00017264,1,1.0
1446,0.9971089462219559,0.38364867552553633,-0.00033195,1.9101617833100923,3.129449789051122,39.82881393468392,-0.21789562370390278,22.61712670121778,-0.04593960525765017,-65.40729556054347,0.14951036861664863,-47.43140201130221,0.3196625855594684,36.77429415721158,-0.03635708494780777,0.30291422381997585,-0.00037072,0.6938224133128694,0.00017264,0,1.0
1447,0.5202136329695434,0.8738065266421393,-0.00033195,1.9101617833100923,3.129449789051122,-96.50200604396915,-0.21789562370390278,-9.988230297659603,-0.04593960525765017,-50.82444544808416,0.14951036861664863,51.9024858522164,0.3196625855594684,93.58230921460138,-0.03635708494780777,-0.46690505828294115,-0.00037072,0.14919695476451156,0.00017264,1,1.0
1448,0.2798880937160362,0.22862063249648834,-0.00033195,1.9101617833100923,3.129449789051122,64.35545183798982,-0.21789562370390278,8.011211813958585,-0.04593960525765017,-43.68449835955088,0.14951036861664863,29.911611558931018,0.3196625855594684,-4.913696638895332,-0.03635708494780777,0.3495690590296064,-0.00037072,0.8766142726208777,0.00017264,0,1.0
1449,0.16077075411112884,0.1813191823992538,-0.00033195,1.9101617833100923,3.129449789051122,-64.89125498835078,-0.21789562370390278,-0.43733256922550123,-0.04593960525765017,-40.42825383684055,0.14951036861664863,74.82095585911532,0.3196625855594684,43.94947194727543,-0.03635708494780777,-0.2801900545460084,-0.00037072,0.27502415286182946,0.00017264,1,1.0
1450,0.7745513244838094,0.6493030220466168,-0.00033195,1.9101617833100923,3.129449789051122,60.79627771164723,-0.21789562370390278,30.257828861679272,-0.04593960525765017,-72.16358821804765,0.14951036861664863,-75.39809502183446,0.3196625855594684,23.727210128067423,-0.03635708494780777,-0.07781927515478754,-0.00037072,0.8288040411033928,0.00017264,1,1.0
1451,-0.0004837789416741872,0.2036639821173772,-0.00033195,1.9101617833100923,3.129449789051122,-7.4811419094414395,-0.21789562370390278,0.6301429649620798,-0.04593960525765017,-40.30935071900855,0.14951036861664863,70.63334224667084,0.3196625855594684,15.966667764044185,-0.03635708494780777,0.05742914655201978,-0.00037072,0.3892886517716566,0.00017264,0,1.0
1452,0.3578828382150099,0.017408966219909214,-0.00033195,1.9101617833100923,3.129449789051122,-63.24616857192287,-0.21789562370390278,3.7112423560259344,-0.04593960525765017,-72.76021832893446,0.14951036861664863,61.66812091846742,0.3196625855594684,70.34883546122876,-0.03635708494780777,-0.0451375204111362,-0.00037072,0.04562431695531736,0.00017264,1,1.0
1453,1.388400049306096,0.9605860703548652,-0.00033195,1.9101617833100923,3.129449789051122,-81.02992349109817,-0.21789562370390278,12.050504534853143,-0.04593960525765017,-9.18041582614287,0.14951036861664863,-89.53571077372038,0.3196625855594684,77.92776771450382,-0.03635708494780777,-0.507404314556465,-0.00037072,0.2763156883342406,0.00017264,1,1.0
1454,0.43336704927538117,0.06496345623910335,-0.00033195,1.9101617833100923,3.129449789051122,-70.61739858449828,-0.21789562370390278,-0.825112070157373,-0.04593960525765017,-47.44508565199987,0.14951036861664863,54.82426325299377,0.3196625855594684,63.871611487937,-0.03635708494780777,-0.11496531052022793,-0.00037072,0.11480424090311458,0.00017264,1,1.0
1455,0.5885418941207771,0.051455951512424714,-0.00033195,1.9101617833100923,3.129449789051122,-42.60047652560646,-0.21789562370390278,2.957808438536,-0.04593960525765017,-26.223265306283185,0.14951036861664863,-7.148181849429827,0.3196625855594684,49.374124758760196,-0.03635708494780777,-0.03563275659730998,-0.00037072,0.036589267426905756,0.00017264,1,1.0
1456,0.8217434164397319,0.17127053675059667,-0.00033195,1.9101617833100923,3.129449789051122,-76.35091998638144,-0.21789562370390278,-1.8077217459885462,-0.04593960525765017,-23.346651946122815,0.14951036861664863,8.882159809621777,0.3196625855594684,69.62463056984738,-0.03635708494780777,-0.11761091860002652,-0.00037072,0.11801661553223917,0.00017264,1,1.0
1457,0.681659787734062,1.0276632774629708,-0.00033195,1.9101617833100923,3.129449789051122,87.48097012196811,-0.21789562370390278,7.399145583368401,-0.04593960525765017,-77.30518031328153,0.14951036861664863,49.19034557704944,0.3196625855594684,17.61529814025813,-0.03635708494780777,0.3175538659473902,-0.00037072,1.6628069974024668,0.00017264,0,1.0
1458,0.2729596203299338,1.2752598855303874,-0.00033195,1.9101617833100923,3.129449789051122,62.6884449632194,-0.21789562370390278,36.90872353907114,-0.04593960525765017,-94.86458976565345,0.14951036861664863,-19.81064295614062,0.3196625855594684,4.875635264899527,-0.03635708494780777,-0.269306686476142,-0.00037072,0.9962754121792141,0.00017264,1,1.0
1459,1.3566301062914885,0.8896438352326608,-0.00033195,1.9101617833100923,3.129449789051122,1.89190560434734,-0.21789562370390278,9.580864932973308,-0.04593960525765017,-58.69223751090327,0.14951036861664863,-12.154948681040716,0.3196625855594684,66.30092152886542,-0.03635708494780777,0.3166406492071913,-0.00037072,0.910115290013644,0.00017264,0,1.0
1460,0.8981122741872936,0.3445084068765131,-0.00033195,1.9101617833100923,3.129449789051122,18.468767976196098,-0.21789562370390278,19.065404413535717,-0.04593960525765017,-77.81868966798301,0.14951036861664863,-16.052067588718504,0.3196625855594684,50.30347390556097,-0.03635708494780777,0.26657264151022797,-0.00037072,0.6047592593394003,0.00017264,0,1.0
1461,0.4227168901070556,0.5386416023936659,-0.00033195,1.9101617833100923,3.129449789051122,84.87834411813785,-0.21789562370390278,10.794326277115239,-0.04593960525765017,-85.06846284695237,0.14951036861664863,50.26601054478615,0.3196625855594684,13.209416892951621,-0.03635708494780777,0.32502420779317454,-0.00037072,1.3460849840420908,0.00017264,0,1.0
1462,0.3245717986138269,0.5058645624101359,-0.00033195,1.9101617833100923,3.129449789051122,47.215364973059586,-0.21789562370390278,1.8647186345413516,-0.04593960525765017,-39.90044613612801,0.14951036861664863,80.1465312647803,0.3196625855594684,-3.158178046683679,-0.03635708494780777,0.29268385100483374,-0.00037072,1.2463541996908163,0.00017264,0,1.0
1463,0.21563755469827445,0.24375845928656,-0.00033195,1.9101617833100923,3.129449789051122,55.83127699361595,-0.21789562370390278,5.269987597820756,-0.04593960525765017,-14.694505853241772,0.14951036861664863,6.2608352760760235,0.3196625855594684,-15.619392292366225,-0.03635708494780777,0.26965795492097777,-0.00037072,0.6530257601071164,0.00017264,0,1.0
1464,0.8568968114107328,1.1654198290804123,-0.00033195,1.9101617833100923,3.129449789051122,-9.652631188585506,-0.21789562370390278,-0.8530398900649651,-0.04593960525765017,-67.69676825881876,0.14951036861664863,71.42577269458633,0.3196625855594684,60.79690183206274,-0.03635708494780777,0.11135772312206937,-0.00037072,1.135861546936908,0.00017264,0,1.0
1465,0.5064642935781657,0.7355943246426223,-0.00033195,1.9101617833100923,3.129449789051122,-14.886188303664637,-0.21789562370390278,23.793353376318525,-0.04593960525765017,-72.93480576699257,0.14951036861664863,-27.536524188980426,0.3196625855594684,46.56380086860725,-0.03635708494780777,-0.5323074059011971,-0.00037072,0.53336104903323,0.00017264,1,1.0
1466,1.1550243472851087,0.439084674330348,-0.00033195,1.9101617833100923,3.129449789051122,36.64050406793619,-0.21789562370390278,22.818585026141207,-0.04593960525765017,-91.63919603023439,0.14951036861664863,-28.811318693959358,0.3196625855594684,57.40456171008156,-0.03635708494780777,0.3528804122347575,-0.00037072,0.8572637690258904,0.00017264,0,1.0
1467,0.0016063012318479064,0.16129004084668905,-0.00033195,1.9101617833100923,3.129449789051122,78.72502227381042,-0.21789562370390278,17.253269874917137,-0.04593960525765017,-70.68287020620556,0.14951036861664863,74.36476214872623,0.3196625855594684,-21.251417163707906,-0.03635708494780777,0.5480233981384646,-0.00037072,0.9365034287197398,0.00017264,0,1.0
1468,0.20696626510736799,0.04085078849427037,-0.00033195,1.9101617833100923,3.129449789051122,-16.951568183759566,-0.21789562370390278,5.971388569170685,-0.04593960525765017,-43.68305359350825,0.14951036861664863,10.275199590638755,0.3196625855594684,34.540637120138676,-0.03635708494780777,-0.14092635608933712,-0.00037072,0.14112350988048966,0.00017264,1,1.0
1469,0.6678578047876826,0.5038381692536581,-0.00033195,1.9101617833100923,3.129449789051122,-31.9033887520499,-0.21789562370390278,17.416947556737114,-0.04593960525765017,-63.50102810673256,0.14951036861664863,-34.642474180401166,0.3196625855594684,61.307959897618176,-0.03635708494780777,-0.4453113156172927,-0.00037072,0.34649601588944007,0.00017264,1,1.0
1470,1.7708715410396152,1.6759285048885053,-0.00033195,1.9101617833100923,3.129449789051122,44.22237379294689,-0.21789562370390278,13.50284908374305,-0.04593960525765017,-71.97048912648054,0.14951036861664863,-47.096767928526056,0.3196625855594684,72.15041707036453,-0.03635708494780777,0.2995362225374688,-0.00037072,1.502682400677449,0.00017264,0,1.0
1471,0.4093589777350133,0.3142256047404204,-0.00033195,1.9101617833100923,3.129449789051122,15.991381167289557,-0.21789562370390278,16.151990896656933,-0.04593960525765017,-27.451955710728072,0.14951036861664863,-64.87158427278658,0.3196625855594684,16.79947014581617,-0.03635708494780777,-0.35884539382731573,-0.00037072,0.36904416796282224,0.00017264,1,1.0
1472,1.140428757658718,0.21773478300821206,-0.00033195,1.9101617833100923,3.129449789051122,-91.20602464427436,-0.21789562370390278,7.274691931056925,-0.04593960525765017,-58.51964773494454,0.14951036861664863,-1.657925980909473,0.3196625855594684,99.88801024263738,-0.03635708494780777,-0.13589947545916808,-0.00037072,0.1383016475304703,0.00017264,1,1.0
1473,0.52330194353893,0.8452035114151255,-0.00033195,1.9101617833100923,3.129449789051122,59.02923420296826,-0.21789562370390278,1.7508250609497347,-0.04593960525765017,-60.04554475713424,0.14951036861664863,81.7331199416138,0.3196625855594684,12.280985460306766,-0.03635708494780777,0.2988482824992037,-0.00037072,1.5263829002472358,0.00017264,0,1.0
1474,-0.00027310789713141936,0.5394209262957532,-0.00033195,1.9101617833100923,3.129449789051122,75.49703559311182,-0.21789562370390278,17.053406443950788,-0.04593960525765017,-17.8881228868329,0.14951036861664863,18.657146226624388,0.3196625855594684,-47.01737315766327,-0.03635708494780777,0.1664127094358227,-0.00037072,0.9470414914700955,0.00017264,0,1.0
1475,0.0027489578274697973,0.3364795831704184,-0.00033195,1.9101617833100923,3.129449789051122,12.1454584285974,-0.21789562370390278,-0.7280258818670053,-0.04593960525765017,-21.828669789082134,0.14951036861664863,66.72384353621725,0.3196625855594684,-3.418870319927559,-0.03635708494780777,0.06730385904392655,-0.00037072,0.6360974155622323,0.00017264,0,1.0
1476,0.8081233886549182,0.5923440487397353,-0.00033195,1.9101617833100923,3.129449789051122,80.90710000449928,-0.21789562370390278,31.08751183091431,-0.04593960525765017,-49.01793919304848,0.14951036861664863,-83.74084656138729,0.3196625855594684,-0.932797766512948,-0.03635708494780777,0.15209481952195153,-0.00037072,0.8873464581334851,0.00017264,0,1.0
1477,0.3931758059337298,0.1353720873509891,-0.00033195,1.9101617833100923,3.129449789051122,75.68980214763688,-0.21789562370390278,17.346835528937717,-0.04593960525765017,-38.570045904832014,0.14951036861664863,-25.067436215238068,0.3196625855594684,-11.039149920365153,-0.03635708494780777,0.42075629477600934,-0.00037072,0.6144220655941557,0.00017264,0,1.0
1478,0.2616765258634508,0.7672038689334245,-0.00033195,1.9101617833100923,3.129449789051122,5.921110559571423,-0.21789562370390278,18.250613681982276,-0.04593960525765017,-20.46136434746589,0.14951036861664863,-42.05269390715781,0.3196625855594684,3.0919284767864483,-0.03635708494780777,-0.49893035383096224,-0.00037072,0.5005357614882637,0.00017264,1,1.0
1479,0.6041687832192932,0.5241809783331015,-0.00033195,1.9101617833100923,3.129449789051122,76.8971342819788,-0.21789562370390278,12.567984886249326,-0.04593960525765017,-79.60567163542726,0.14951036861664863,23.92291862470385,0.3196625855594684,20.480295579191107,-0.03635708494780777,0.31772247765720796,-0.00037072,1.2382787217219504,0.00017264,0,1.0
1480,0.9148026291194901,0.37340022266519424,-0.00033195,1.9101617833100923,3.129449789051122,21.396309309640884,-0.21789562370390278,14.647809050931489,-0.04593960525765017,-54.35226135732461,0.14951036861664863,-24.255416222494556,0.3196625855594684,39.8126962343369,-0.03635708494780777,0.33665882133120284,-0.00037072,0.56800424217466,0.00017264,0,1.0
1481,0.5612127667690116,0.4868396652801377,-0.00033195,1.9101617833100923,3.129449789051122,54.697880811582266,-0.21789562370390278,4.477699608142209,-0.04593960525765017,-21.364396372908104,0.14951036861664863,16.601438769784828,0.3196625855594684,-3.069396992203541,-0.03635708494780777,0.3203075929727933,-0.00037072,1.0370712752193643,0.00017264,0,1.0
1482,0.00809987023500991,0.13809456741331688,-0.00033195,1.9101617833100923,3.129449789051122,46.80495569031809,-0.21789562370390278,8.865298795086542,-0.04593960525765017,-28.013895966458005,0.14951036861664863,9.654557034080172,0.3196625855594684,-12.703616517025846,-0.03635708494780777,0.26555919304506204,-0.00037072,0.33183722620447365,0.00017264,0,1.0
1483,0.8022688245303091,0.3736612607804827,-0.00033195,1.9101617833100923,3.129449789051122,25.611430105909296,-0.21789562370390278,18.58172929935673,-0.04593960525765017,-42.782760760458956,0.14951036861664863,-55.63495756868169,0.3196625855594684,28.318354791728392,-0.03635708494780777,0.08393869836403672,-0.00037072,0.5156758179313308,0.00017264,0,1.0
1484,0.008813792822562228,3.0597832571219947,-0.00033195,1.9101617833100923,3.129449789051122,93.73943029067698,-0.21789562370390278,45.93592183529144,-0.04593960525765017,-73.26389642560653,0.14951036861664863,-87.17758297018807,0.3196625855594684,-27.678781586316166,-0.03635708494780777,-0.8588160137481258,-0.00037072,1.1508158587621042,0.00017264,1,1.0
1485,0.2543108827172693,0.09242694627939893,-0.00033195,1.9101617833100923,3.129449789051122,-61.17842305420064,-0.21789562370390278,-4.269649754133598,-0.04593960525765017,-29.392605501699816,0.14951036861664863,59.031775639672595,0.3196625855594684,45.709793618146755,-0.03635708494780777,-0.18060752004197458,-0.00037072,0.18105997701299478,0.00017264,1,1.0
1486,0.6525947059364994,0.27182936818868075,-0.00033195,1.9101617833100923,3.129449789051122,-8.61723923962533,-0.21789562370390278,14.476262715327863,-0.04593960525765017,-82.24971935809384,0.14951036861664863,9.723077870617573,0.3196625855594684,59.37871630661585,-0.03635708494780777,0.05931267813082344,-0.00037072,0.42923233988094844,0.00017264,0,1.0
1487,0.8376513738947592,0.2971187386949434,-0.00033195,1.9101617833100923,3.129449789051122,60.6540412263084,-0.21789562370390278,20.584577601984964,-0.04593960525765017,-43.380469300555596,0.14951036861664863,-54.78117820749448,0.3196625855594684,12.097761839422274,-0.03635708494780777,0.3909614417147217,-0.00037072,0.6729441760242697,0.00017264,0,1.0
1488,0.6923739199401334,0.07651670196362985,-0.00033195,1.9101617833100923,3.129449789051122,-50.876020536640574,-0.21789562370390278,2.3757658528177985,-0.04593960525765017,-24.434528894886295,0.14951036861664863,-9.474809483654331,0.3196625855594684,55.297054527041766,-0.03635708494780777,-0.027753370541221845,-0.00037072,0.027394037286624318,0.00017264,1,1.0
1489,-0.003210615752871515,0.30547164794505305,-0.00033195,1.9101617833100923,3.129449789051122,-37.684792037682904,-0.21789562370390278,-6.583421461355848,-0.04593960525765017,-43.193581925390376,0.14951036861664863,92.16456780429775,0.3196625855594684,35.898134847920716,-0.03635708494780777,-0.1364881974701211,-0.00037072,0.3753123470696095,0.00017264,1,1.0
1490,0.03185001833667034,0.16805291888699755,-0.00033195,1.9101617833100923,3.129449789051122,55.74331613772248,-0.21789562370390278,16.534972952898794,-0.04593960525765017,-53.77063354532663,0.14951036861664863,20.243201274020787,0.3196625855594684,-9.757139203971642,-0.03635708494780777,0.2597347560824884,-0.00037072,0.5250932918587728,0.00017264,0,1.0
1491,0.7250543359583282,0.1780244397505402,-0.00033195,1.9101617833100923,3.129449789051122,-48.24712704723219,-0.21789562370390278,-0.2957683992272783,-0.04593960525765017,-27.81333658469648,0.14951036861664863,-12.416888869660458,0.3196625855594684,62.3654556423643,-0.03635708494780777,-0.1618557102640012,-0.00037072,0.16381237726423642,0.00017264,1,1.0
1492,-0.0004749651990829662,1.7293329980033196,-0.00033195,1.9101617833100923,3.129449789051122,100.0,-0.21789562370390278,32.894314256101175,-0.04593960525765017,-13.829977584486896,0.14951036861664863,-94.94161885876075,0.3196625855594684,-55.49477872512913,-0.03635708494780777,-0.49236234220562924,-0.00037072,0.9121970399748635,0.00017264,1,1.0
1493,0.30450184176850925,2.0357962212455583,-0.00033195,1.9101617833100923,3.129449789051122,-20.91735548007669,-0.21789562370390278,-20.002857963473065,-0.04593960525765017,-4.374826740819887,0.14951036861664863,65.67074800960009,0.3196625855594684,32.72094375835732,-0.03635708494780777,-0.4761439477604844,-0.00037072,1.040117959440956,0.00017264,1,1.0
1494,0.9131416498969904,0.32195048662926273,-0.00033195,1.9101617833100923,3.129449789051122,72.6968559792453,-0.21789562370390278,25.150549296022593,-0.04593960525765017,-87.4977434184641,0.14951036861664863,-36.98357281158989,0.3196625855594684,32.19001137859552,-0.03635708494780777,0.3354961292067259,-0.00037072,0.9792630438733602,0.00017264,0,1.0
1495,0.003073620901963267,0.3251088133003769,-0.00033195,1.9101617833100923,3.129449789051122,-3.637028558022186,-0.21789562370390278,-1.9405935740909046,-0.04593960525765017,-8.93983621798495,0.14951036861664863,55.49203213853988,0.3196625855594684,-2.411994224414661,-0.03635708494780777,-0.05488599260096494,-0.00037072,0.5099420528710261,0.00017264,1,1.0
1496,0.0007954958817658064,0.11501115991026613,-0.00033195,1.9101617833100923,3.129449789051122,79.244151633154,-0.21789562370390278,7.2421683402065735,-0.04593960525765017,-12.264457407202926,0.14951036861664863,22.244367171488182,0.3196625855594684,-39.17171716357057,-0.03635708494780777,0.371792671876732,-0.00037072,0.7672228413777444,0.00017264,0,1.0
1497,-0.0007273173270477273,0.1821810823715274,-0.00033195,1.9101617833100923,3.129449789051122,-38.44331490169356,-0.21789562370390278,-4.2344134572980066,-0.04593960525765017,-32.443835529548174,0.14951036861664863,79.83072481780799,0.3196625855594684,27.442992515627804,-0.03635708494780777,-0.1285980984256511,-0.00037072,0.30291607824622135,0.00017264,1,1.0
1498,0.2527492077929331,0.10213080045889265,-0.00033195,1.9101617833100923,3.129449789051122,-38.771221765541846,-0.21789562370390278,10.528979182972318,-0.04593960525765017,-92.32342304978052,0.14951036861664863,48.07712292323891,0.3196625855594684,66.32372341280261,-0.03635708494780777,-0.21614493981378535,-0.00037072,0.22244829191290105,0.00017264,1,1.0
1499,0.8705424601707358,0.35693092766839024,-0.00033195,1.9101617833100923,3.129449789051122,0.012034127683101248,-0.21789562370390278,15.597652114041738,-0.04593960525765017,-73.16130706514298,0.14951036861664863,-14.173690559795537,0.3196625855594684,58.259761634012484,-0.03635708494780777,0.13730835682308892,-0.00037072,0.5014614306595369,0.00017264,0,1.0
1500,-0.33871843152868686,13.496809910636802,-0.00033195,0.7950698454640701,2.498501227223157,-42.39364616892677,-0.21789562370390278,-31.906554613567398,-0.04593960525765017,-15.997679009704234,0.14951036861664863,83.3107157690634,0.3196625855594684,31.623394267071504,-0.03635708494780777,-6.580955999970067,-0.00037072,0.24651421239198923,0.00017264,1,1.0
1501,-1.408731578961329,3.1038476230370193,-0.00033195,0.7950698454640701,2.498501227223157,17.447201881021403,-0.21789562370390278,11.490830609589858,-0.04593960525765017,-58.176481028273045,0.14951036861664863,79.4343807749816,0.3196625855594684,-15.043906016900905,-0.03635708494780777,0.7780649811135913,-0.00037072,2.439188839337612,0.00017264,0,1.0
1502,-0.15692971359738728,3.056291498135172,-0.00033195,0.7950698454640701,2.498501227223157,86.45193497538862,-0.21789562370390278,82.51214354816265,-0.04593960525765017,-66.61382372582352,0.14951036861664863,4.394074424856173,0.3196625855594684,-63.140930323079964,-0.03635708494780777,3.5675174436675796,-0.00037072,13.554220408199047,0.00017264,0,1.0
1503,0.7282104393706779,4.146187734191065,-0.00033195,0.7950698454640701,2.498501227223157,20.98247009670589,-0.21789562370390278,59.89063220053865,-0.04593960525765017,-86.5646075796657,0.14951036861664863,49.34416215003221,0.3196625855594684,2.3495004670111355,-0.03635708494780777,1.931011192147973,-0.00037072,6.622799905911557,0.00017264,0,1.0
1504,-0.12381832418718419,0.6323389058199621,-0.00033195,0.7950698454640701,2.498501227223157,11.3980501893923,-0.21789562370390278,18.666786813400776,-0.04593960525765017,-29.13026421964471,0.14951036861664863,8.928951583495277,0.3196625855594684,-3.1319052040733872,-0.03635708494780777,0.20823703619065048,-0.00037072,2.5184509386218314,0.00017264,0,1.0
1505,0.3222504610507526,0.5373239183847757,-0.00033195,0.7950698454640701,2.498501227223157,82.24361798200641,-0.21789562370390278,87.72945374845304,-0.04593960525765017,-50.58498279019759,0.14951036861664863,-91.45525161674102,0.3196625855594684,-45.680347664607474,-0.03635708494780777,0.3148912771397807,-0.00037072,14.823519136144055,0.00017264,0,1.0
1506,-1.0796570702853219,3.993176141363877,-0.00033195,0.7950698454640701,2.498501227223157,76.15873373928511,-0.21789562370390278,32.75969628131937,-0.04593960525765017,-5.394527928925336,0.14951036861664863,52.19735842422339,0.3196625855594684,-86.96934969813783,-0.03635708494780777,4.692997220954145,-0.00037072,7.797600836613996,0.00017264,0,1.0
1507,-0.8627050479044676,2.5724091303624363,-0.00033195,0.7950698454640701,2.498501227223157,95.39383424090575,-0.21789562370390278,50.96271631992979,-0.04593960525765017,-13.084137171720872,0.14951036861664863,-7.048534718963179,0.3196625855594684,-89.15790965019359,-0.03635708494780777,3.1951878611420943,-0.00037072,12.506076435873926,0.00017264,0,1.0
1508,-0.24079702630844935,8.552938935812714,-0.00033195,0.7950698454640701,2.498501227223157,70.17890052917048,-0.21789562370390278,23.208929967604433,-0.04593960525765017,-58.036059308322905,0.14951036861664863,63.18122680514227,0.3196625855594684,-43.846818288395355,-0.03635708494780777,2.783277431393514,-0.00037072,13.418762796945213,0.00017264,0,1.0
1509,-1.7881421242092603,41.65402972296668,-0.00033195,0.7950698454640701,2.498501227223157,-38.38852485623456,-0.21789562370390278,-27.34905054782204,-0.04593960525765017,-78.47511329485347,0.14951036861664863,-3.601981591952696,0.3196625855594684,68.85223247410265,-0.03635708494780777,-8.338185526271157,-0.00037072,0.1984993292699917,0.00017264,1,1.0
1510,-0.3034662063016896,1.4642090173678435,-0.00033195,0.7950698454640701,2.498501227223157,11.965129002406812,-0.21789562370390278,-4.1286409431609075,-0.04593960525765017,-12.690477034720548,0.14951036861664863,80.55663206196591,0.3196625855594684,-20.336820027599416,-0.03635708494780777,0.2760274310829609,-0.00037072,3.3035535097377524,0.00017264,0,1.0
1511,0.7090865948785295,2.3898728606854025,-0.00033195,0.7950698454640701,2.498501227223157,31.17605513458277,-0.21789562370390278,25.52461658751752,-0.04593960525765017,-35.99273828639658,0.14951036861664863,-23.53860563669671,0.3196625855594684,-1.7104792747970687,-0.03635708494780777,0.2967394003481236,-0.00037072,8.117006081679621,0.00017264,0,1.0
1512,-0.768934121628956,2.3124462093868736,-0.00033195,0.7950698454640701,2.498501227223157,47.50931123616193,-0.21789562370390278,27.496493009844773,-0.04593960525765017,-53.16893038341685,0.14951036861664863,83.11555984910933,0.3196625855594684,-41.57863001613112,-0.03635708494780777,3.5522928441636488,-0.00037072,6.677841040271124,0.00017264,0,1.0
1513,3.3735625640490223,7.148166288877804,-0.00033195,0.7950698454640701,2.498501227223157,-16.479606402641416,-0.21789562370390278,46.38020126547144,-0.04593960525765017,-34.406380710244456,0.14951036861664863,-44.735272897476605,0.3196625855594684,50.08165415219489,-0.03635708494780777,0.28842167060528645,-0.00037072,4.310853127412566,0.00017264,0,1.0
1514,2.832931577660204,2.756925602661121,-0.00033195,0.7950698454640701,2.498501227223157,10.899901432320185,-0.21789562370390278,57.845178923284514,-0.04593960525765017,-39.575788942459724,0.14951036861664863,-93.29698301298629,0.3196625855594684,34.637204249656776,-0.03635708494780777,0.269442802884198,-0.00037072,7.5103435719397735,0.00017264,0,1.0
1515,1.1603057924688454,0.7386655287036672,-0.00033195,0.7950698454640701,2.498501227223157,54.20635958861591,-0.21789562370390278,65.89450686497662,-0.04593960525765017,-31.965187047231257,0.14951036861664863,-93.50485444719641,0.3196625855594684,-18.6618973112398,-0.03635708494780777,0.2563249086197503,-0.00037072,11.316967779842102,0.00017264,0,1.0
1516,1.3170058177183503,0.5715908966013901,-0.00033195,0.7950698454640701,2.498501227223157,-21.839622695717257,-0.21789562370390278,20.12293996550367,-0.04593960525765017,-74.78704109215438,0.14951036861664863,31.593447508684083,0.3196625855594684,53.11252042847181,-0.03635708494780777,0.29759404212373963,-0.00037072,1.7203290250753747,0.00017264,0,1.0
1517,2.4025096802408106,4.089400518022291,-0.00033195,0.7950698454640701,2.498501227223157,-41.54802448798298,-0.21789562370390278,-1.9449097018009895,-0.04593960525765017,-32.099343827356705,0.14951036861664863,-6.8604699904801825,0.3196625855594684,71.14558571020495,-0.03635708494780777,-1.0326423068510049,-0.00037072,0.20894870754556116,0.00017264,1,1.0
1518,-1.0256897980672028,2.684458556729411,-0.00033195,0.7950698454640701,2.498501227223157,85.41240410869513,-0.21789562370390278,36.15588276963016,-0.04593960525765017,-6.20181178106275,0.14951036861664863,-11.754773301550712,0.3196625855594684,-79.6888575780893,-0.03635708494780777,1.9521346474039563,-0.00037072,11.450994906695168,0.00017264,0,1.0
1519,1.6125694284077625,1.52300062890801,-0.00033195,0.7950698454640701,2.498501227223157,15.647044182257737,-0.21789562370390278,41.5136234021391,-0.04593960525765017,-11.179834392859206,0.14951036861664863,-69.66254937782803,0.3196625855594684,6.502120772072514,-0.03635708494780777,0.2758744444794825,-0.00037072,5.0172603136141785,0.00017264,0,1.0
1520,-0.007249891948290177,0.2434000220617993,-0.00033195,0.7950698454640701,2.498501227223157,67.37452590447364,-0.21789562370390278,65.06058260517617,-0.04593960525765017,-57.76817148988188,0.14951036861664863,-34.09998907571175,0.3196625855594684,-36.760047168961826,-0.03635708494780777,1.0111480359371319,-0.00037072,12.261438929488744,0.00017264,0,1.0
1521,1.5764611496754941,6.699025846265078,-0.00033195,0.7950698454640701,2.498501227223157,37.707445625410486,-0.21789562370390278,67.27215586630074,-0.04593960525765017,-23.44347403423544,0.14951036861664863,-48.56474346500338,0.3196625855594684,-18.86587928593455,-0.03635708494780777,1.8346553200304854,-0.00037072,7.791580778010207,0.00017264,0,1.0
1522,1.052357466993502,3.149648884078126,-0.00033195,0.7950698454640701,2.498501227223157,-9.495089431629438,-0.21789562370390278,-6.826575171872666,-0.04593960525765017,-30.204107411243577,0.14951036861664863,55.50105133337044,0.3196625855594684,23.56505916651087,-0.03635708494780777,0.25045117282824636,-0.00037072,2.958476886623203,0.00017264,0,1.0
1523,-0.7083487858016309,2.2286068771175196,-0.00033195,0.7950698454640701,2.498501227223157,70.51450759688281,-0.21789562370390278,31.47022338056259,-0.04593960525765017,-7.277203206522037,0.14951036861664863,14.970829378512608,0.3196625855594684,-69.65248744112411,-0.03635708494780777,3.001983654863784,-0.00037072,8.848568972458553,0.00017264,0,1.0
1524,-0.2728952175678767,1.409287216469393,-0.00033195,0.7950698454640701,2.498501227223157,78.81253458836876,-0.21789562370390278,75.82111938036371,-0.04593960525765017,-93.11837939082436,0.14951036861664863,22.622461830916365,0.3196625855594684,-44.90418550038622,-0.03635708494780777,2.849526311408048,-0.00037072,14.079742914210485,0.00017264,0,1.0
1525,0.544136014869672,4.892024190795455,-0.00033195,0.7950698454640701,2.498501227223157,-36.50576421523602,-0.21789562370390278,-13.322247602836173,-0.04593960525765017,-56.96283544844813,0.14951036861664863,68.76991881067168,0.3196625855594684,53.27019851735797,-0.03635708494780777,-2.195138421966088,-0.00037072,0.2200003101482766,0.00017264,1,1.0
1526,1.4824752648217077,0.6447038471198334,-0.00033195,0.7950698454640701,2.498501227223157,-18.3325177958579,-0.21789562370390278,29.82966710213413,-0.04593960525765017,-85.55088875298267,0.14951036861664863,25.277046128213797,0.3196625855594684,55.22462576180055,-0.03635708494780777,0.2784726920727114,-0.00037072,2.904444299260552,0.00017264,0,1.0
1527,1.4070420510371346,0.7260380080871599,-0.00033195,0.7950698454640701,2.498501227223157,-17.452102458560713,-0.21789562370390278,14.766635006737785,-0.04593960525765017,-46.33528099628472,0.14951036861664863,5.338751923207371,0.3196625855594684,43.0719106956705,-0.03635708494780777,0.3003483327563693,-0.00037072,1.3868218754079242,0.00017264,0,1.0
1528,1.1895857296694161,2.2825496059000616,-0.00033195,0.7950698454640701,2.498501227223157,-12.083954512083077,-0.21789562370390278,11.21425995653892,-0.04593960525765017,-46.758993777826944,0.14951036861664863,64.75150364712749,0.3196625855594684,25.768043470961445,-0.03635708494780777,0.29835801216138,-0.00037072,2.9847719236681094,0.00017264,0,1.0
1529,-0.584362967318981,1.710583807350865,-0.00033195,0.7950698454640701,2.498501227223157,54.79388933351983,-0.21789562370390278,19.660181951423528,-0.04593960525765017,-1e-20,0.14951036861664863,8.014351449912965,0.3196625855594684,-54.64533990889194,-0.03635708494780777,2.031825892559724,-0.00037072,6.953053120788322,0.00017264,0,1.0
1530,-0.3870180895457378,1.1388707933385294,-0.00033195,0.7950698454640701,2.498501227223157,77.4224030069872,-0.21789562370390278,63.55922783630843,-0.04593960525765017,-63.92375334967947,0.14951036861664863,-14.044477247747087,0.3196625855594684,-47.61276349876393,-0.03635708494780777,1.5035006165859057,-0.00037072,13.440905011760304,0.00017264,0,1.0
1531,-1.0846711327172074,2.8475843740277367,-0.00033195,0.7950698454640701,2.498501227223157,67.43320436077981,-0.21789562370390278,38.72307600757055,-0.04593960525765017,-55.31680585182474,0.14951036861664863,73.56973105701537,0.3196625855594684,-60.16107410871943,-0.03635708494780777,3.7333544492320385,-0.00037072,9.253001883796529,0.00017264,0,1.0
1532,-0.411173948520549,18.70602509553652,-0.00033195,0.7950698454640701,2.498501227223157,87.59251365499604,-0.21789562370390278,24.603065462327006,-0.04593960525765017,-65.89250324209156,0.14951036861664863,18.783228546538563,0.3196625855594684,-43.870220158994044,-0.03635708494780777,0.4374573708781302,-0.00037072,18.418095392989258,0.00017264,0,1.0
1533,0.823343135751962,0.5208239460700719,-0.00033195,0.7950698454640701,2.498501227223157,61.958101734407336,-0.21789562370390278,63.490163091873185,-0.04593960525765017,-27.156735608874154,0.14951036861664863,-91.70726168067249,0.3196625855594684,-29.166527319079567,-0.03635708494780777,0.2645250015310072,-0.00037072,11.902949866507418,0.00017264,0,1.0
1534,-0.00030993653208755134,1.3718576175564876,-0.00033195,0.7950698454640701,2.498501227223157,46.88477430732277,-0.21789562370390278,51.52104361198153,-0.04593960525765017,-43.38286245599228,0.14951036861664863,3.1450150901580614,0.3196625855594684,-32.612786091642704,-0.03635708494780777,1.9706202116417542,-0.00037072,7.626283590028851,0.00017264,0,1.0
1535,-0.03679770330815346,13.299222668184544,-0.00033195,0.7950698454640701,2.498501227223157,-49.917222867037715,-0.21789562370390278,-37.57396633750356,-0.04593960525765017,-23.46614505940801,0.14951036861664863,90.05675010510821,0.3196625855594684,44.84962451007122,-0.03635708494780777,-6.687906731240808,-0.00037072,0.2370632983307659,0.00017264,1,1.0
1536,3.2105766088254586,3.520638916202196,-0.00033195,0.7950698454640701,2.498501227223157,2.6745642296676095,-0.21789562370390278,71.31195721098018,-0.04593960525765017,-87.96657365283765,0.14951036861664863,-63.771508496360156,0.3196625855594684,58.38731517269547,-0.03635708494780777,0.4983257850011782,-0.00037072,8.67711662583185,0.00017264,0,1.0
1537,0.8003677824347246,26.08406289015378,-0.00033195,0.7950698454640701,2.498501227223157,-74.27676520999562,-0.21789562370390278,-71.91437748464138,-0.04593960525765017,-18.80740231317612,0.14951036861664863,83.237689476897,0.3196625855594684,83.81204461338751,-0.03635708494780777,-8.444331969011497,-0.00037072,0.11201566194260781,0.00017264,1,1.0
1538,0.0029321752901789733,0.022248415810475607,-0.00033195,0.7950698454640701,2.498501227223157,28.232802627693726,-0.21789562370390278,37.72376986542821,-0.04593960525765017,-54.52381008153033,0.14951036861664863,0.34710009286007093,0.3196625855594684,-6.245954408205584,-0.03635708494780777,0.3853619954900318,-0.00037072,6.3622827308597465,0.00017264,0,1.0
1539,-1.193239106096922,3.210649063560136,-0.00033195,0.7950698454640701,2.498501227223157,98.09258296488727,-0.21789562370390278,67.46343888497883,-0.04593960525765017,-76.72807036533658,0.14951036861664863,52.884093937617735,0.3196625855594684,-79.01094192984579,-0.03635708494780777,4.003628727632198,-0.00037072,14.489641414967302,0.00017264,0,1.0
1540,2.056959785449943,4.45742907381983,-0.00033195,0.7950698454640701,2.498501227223157,10.48397305494644,-0.21789562370390278,35.06413447893561,-0.04593960525765017,-16.98772578184883,0.14951036861664863,-20.90597571215236,0.3196625855594684,9.235980431342382,-0.03635708494780777,2.3502052927436754,-0.00037072,4.290189796742919,0.00017264,0,1.0
1541,-1.1998423170598993,2.489844594556752,-0.00033195,0.7950698454640701,2.498501227223157,40.458780667819475,-0.21789562370390278,24.800656112219976,-0.04593960525765017,-66.4400087123201,0.14951036861664863,81.09135297844479,0.3196625855594684,-31.215049311132052,-0.03635708494780777,2.055345769223267,-0.00037072,6.265303840682236,0.00017264,0,1.0
1542,4.152661137544158,5.0707793265355345,-0.00033195,0.7950698454640701,2.498501227223157,-19.600355735416887,-0.21789562370390278,65.3788051358149,-0.04593960525765017,-93.48905250547263,0.14951036861664863,-69.2139810808003,0.3196625855594684,89.48548251351622,-0.03635708494780777,0.25849189852848653,-0.00037072,7.219161720041438,0.00017264,0,1.0
1543,0.0027980936030385095,0.07085021515180578,-0.00033195,0.7950698454640701,2.498501227223157,67.62114399586443,-0.21789562370390278,82.51382033317704,-0.04593960525765017,-99.63936343440729,0.14951036861664863,-25.965314735396603,0.3196625855594684,-22.891229402974275,-0.03635708494780777,0.5015998484342274,-0.00037072,14.170286398169942,0.00017264,0,1.0
1544,0.010541020578604843,0.01805105948209207,-0.00033195,0.7950698454640701,2.498501227223157,5.303715022240153,-0.21789562370390278,16.712580524136214,-0.04593960525765017,-46.04950164431749,0.14951036861664863,28.881189539188092,0.3196625855594684,8.290188212553648,-0.03635708494780777,0.47835288718321267,-0.00037072,2.4722534413221378,0.00017264,0,1.0
1545,0.8554149582603195,0.26865659696221345,-0.00033195,0.7950698454640701,2.498501227223157,-21.891990246546104,-0.21789562370390278,18.42436694050889,-0.04593960525765017,-87.6217936296517,0.14951036861664863,56.370334120282,0.3196625855594684,51.49635382732977,-0.03635708494780777,0.29888026043557203,-0.00037072,1.510873437196697,0.00017264,0,1.0
1546,1.1113760258818413,7.208420251631857,-0.00033195,0.7950698454640701,2.498501227223157,25.289912741005697,-0.21789562370390278,22.108083263775033,-0.04593960525765017,-66.64349743624544,0.14951036861664863,2.6404976319834237,0.3196625855594684,18.917283655297425,-0.03635708494780777,0.25169609584999186,-0.00037072,9.855559635583797,0.00017264,0,1.0
1547,2.1109408199314785,3.255253545854643,-0.00033195,0.7950698454640701,2.498501227223157,-23.384597750479127,-0.21789562370390278,26.70436316376413,-0.04593960525765017,-85.42376979651719,0.14951036861664863,57.83812576531224,0.3196625855594684,58.31698783703982,-0.03635708494780777,1.409313829891332,-0.00037072,2.997553437517075,0.00017264,0,1.0
1548,-0.6181238386519274,2.4237980477512586,-0.00033195,0.7950698454640701,2.498501227223157,79.59852044616142,-0.21789562370390278,36.267592383454826,-0.04593960525765017,-8.99724218800123,0.14951036861664863,-27.894552525541183,0.3196625855594684,-66.8071018343708,-0.03635708494780777,1.3923199762728116,-0.00037072,11.75500400060345,0.00017264,0,1.0
1549,3.0906855803476683,2.8672051826036493,-0.00033195,0.7950698454640701,2.498501227223157,-34.786073692874865,-0.21789562370390278,36.878468009409445,-0.04593960525765017,-95.45101632786664,0.14951036861664863,-5.870386878545761,0.3196625855594684,90.50392296824606,-0.03635708494780777,0.27391498943610015,-0.00037072,3.4480390397746685,0.00017264,0,1.0
1550,-0.6725729470393982,2.004703289477762,-0.00033195,0.7950698454640701,2.498501227223157,58.186094590425576,-0.21789562370390278,36.83100138229243,-0.04593960525765017,-45.283917719948946,0.14951036861664863,48.74864630026717,0.3196625855594684,-49.181342018868406,-0.03635708494780777,3.114984621053666,-0.00037072,8.318898369511103,0.00017264,0,1.0
1551,0.48943101845459536,0.13271416989261636,-0.00033195,0.7950698454640701,2.498501227223157,5.832225290025114,-0.21789562370390278,14.00324839957707,-0.04593960525765017,-14.162724875079622,0.14951036861664863,-11.755254341745376,0.3196625855594684,4.531041668085598,-0.03635708494780777,0.2850831053558376,-0.00037072,2.1000845191266078,0.00017264,0,1.0
1552,-0.006938864926368193,0.4316728840423956,-0.00033195,0.7950698454640701,2.498501227223157,42.44250953404002,-0.21789562370390278,53.67294478960309,-0.04593960525765017,-89.7724435265896,0.14951036861664863,37.17128935391234,0.3196625855594684,-11.998069470809842,-0.03635708494780777,1.9146608192709507,-0.00037072,9.215151736509933,0.00017264,0,1.0
1553,-0.46545334670994043,1.6554499506386051,-0.00033195,0.7950698454640701,2.498501227223157,78.55453387615869,-0.21789562370390278,66.74937275400261,-0.04593960525765017,-76.73733243037002,0.14951036861664863,22.90548548931067,0.3196625855594684,-51.651188343792306,-0.03635708494780777,2.862135651313662,-0.00037072,13.129870007846929,0.00017264,0,1.0
1554,2.121560755771922,2.7373847218105434,-0.00033195,0.7950698454640701,2.498501227223157,7.364213999021857,-0.21789562370390278,41.871303634640995,-0.04593960525765017,-6.509819439228347,0.14951036861664863,-75.32914628254733,0.3196625855594684,15.341725729687967,-0.03635708494780777,0.28101185384892124,-0.00037072,4.3598914329034955,0.00017264,0,1.0
1555,-0.00016641737586431393,14.742214771808928,-0.00033195,0.7950698454640701,2.498501227223157,-53.55864713370088,-0.21789562370390278,-12.480450528124308,-0.04593960525765017,-49.805950012842224,0.14951036861664863,80.35486056879098,0.3196625855594684,53.54994838465041,-0.03635708494780777,-6.913339563473972,-0.00037072,-0.056800599040742306,0.00017264,1,1.0
1556,0.9812152880349074,2.202044095161316,-0.00033195,0.7950698454640701,2.498501227223157,36.44668101097227,-0.21789562370390278,52.10809599111025,-0.04593960525765017,-7.934365223722598,0.14951036861664863,-67.67348133581372,0.3196625855594684,-20.84184669078729,-0.03635708494780777,0.6986131327785494,-0.00037072,6.683763576155641,0.00017264,0,1.0
1557,-0.8316474874551731,2.4682285709631406,-0.00033195,0.7950698454640701,2.498501227223157,65.48342490561757,-0.21789562370390278,32.6168002619781,-0.04593960525765017,-27.75915091151708,0.14951036861664863,45.07563963556139,0.3196625855594684,-62.92494762980058,-0.03635708494780777,3.414034069482324,-0.00037072,8.415027056533479,0.00017264,0,1.0
1558,0.0041524338398513105,0.0062149005862418005,-0.00033195,0.7950698454640701,2.498501227223157,16.263176916931624,-0.21789562370390278,27.968195735554858,-0.04593960525765017,-50.85387870086244,0.14951036861664863,11.645138154034354,0.3196625855594684,2.011666111503091,-0.03635708494780777,0.2717118604954716,-0.00037072,4.420827026076102,0.00017264,0,1.0
1559,1.890204816599777,5.212134806087035,-0.00033195,0.7950698454640701,2.498501227223157,-6.734438953170753,-0.21789562370390278,20.8686502878749,-0.04593960525765017,-86.50879441845849,0.14951036861664863,65.86017884489827,0.3196625855594684,45.97965870880208,-0.03635708494780777,2.669108750406332,-0.00037072,4.891695431305809,0.00017264,0,1.0
1560,3.560229938764121,5.662012223239675,-0.00033195,0.7950698454640701,2.498501227223157,-37.15530179321196,-0.21789562370390278,29.62496666263503,-0.04593960525765017,-57.10826588003113,0.14951036861664863,-9.9273630031305,0.3196625855594684,78.85586440955669,-0.03635708494780777,0.2856875125725442,-0.00037072,2.7194898397276774,0.00017264,0,1.0
1561,3.435846372348982,4.4726124177041475,-0.00033195,0.7950698454640701,2.498501227223157,8.066838538169007,-0.21789562370390278,61.45600923092382,-0.04593960525765017,-48.45356676438045,0.14951036861664863,-94.99640583354325,0.3196625855594684,45.72419321232033,-0.03635708494780777,0.7444259825673805,-0.00037072,8.254661328871457,0.00017264,0,1.0
1562,-0.085850824822443,1.5872497770339071,-0.00033195,0.7950698454640701,2.498501227223157,37.51731123072101,-0.21789562370390278,42.98629897323434,-0.04593960525765017,-74.95988604426053,0.14951036861664863,72.26647852267209,0.3196625855594684,-20.684517485981505,-0.03635708494780777,3.421150875746344,-0.00037072,6.7971467058581165,0.00017264,0,1.0
1563,-0.42250580108374924,1.6495207465205757,-0.00033195,0.7950698454640701,2.498501227223157,85.45109354376125,-0.21789562370390278,70.06959643386875,-0.04593960525765017,-65.82563844632946,0.14951036861664863,4.3051588970216885,0.3196625855594684,-59.611449440382614,-0.03635708494780777,2.8055808774167295,-0.00037072,13.814460987880743,0.00017264,0,1.0
1564,-0.4230016380410655,1.634974044107266,-0.00033195,0.7950698454640701,2.498501227223157,59.7358571650337,-0.21789562370390278,39.974398524715454,-0.04593960525765017,-38.60261660776915,0.14951036861664863,28.22050936473767,0.3196625855594684,-48.62908749217266,-0.03635708494780777,2.902870521812783,-0.00037072,8.772870070289216,0.00017264,0,1.0
1565,2.9314437922100813,20.33071710274319,-0.00033195,0.7950698454640701,2.498501227223157,51.453183570746276,-0.21789562370390278,62.69528979476485,-0.04593960525765017,-43.17218899417936,0.14951036861664863,41.03314763752862,0.3196625855594684,-23.74439390742122,-0.03635708494780777,8.347226483791305,-0.00037072,9.968098357366076,0.00017264,0,1.0
1566,2.9304185317205182,2.7937139576778143,-0.00033195,0.7950698454640701,2.498501227223157,-18.393677405124762,-0.21789562370390278,27.32081168803702,-0.04593960525765017,-29.353235713622812,0.14951036861664863,-60.0626274067295,0.3196625855594684,56.6990820694817,-0.03635708494780777,0.27188772941001305,-0.00037072,2.98390389715267,0.00017264,0,1.0
1567,1.3207369440536816,1.0713412063571937,-0.00033195,0.7950698454640701,2.498501227223157,-8.330033798075341,-0.21789562370390278,41.536385997479684,-0.04593960525765017,-83.84230321333395,0.14951036861664863,21.838368156721764,0.3196625855594684,41.26676784639794,-0.03635708494780777,0.30763769539291275,-0.00037072,3.9470170957788513,0.00017264,0,1.0
1568,0.26235745869492777,0.023484058233469336,-0.00033195,0.7950698454640701,2.498501227223157,6.691781015338792,-0.21789562370390278,37.51396529939737,-0.04593960525765017,-90.81891878992053,0.14951036861664863,36.49477902645814,0.3196625855594684,23.727204685946596,-0.03635708494780777,0.26999316422208164,-0.00037072,4.9374313218386385,0.00017264,0,1.0
1569,1.5324920014659895,0.8093806237750343,-0.00033195,0.7950698454640701,2.498501227223157,9.085265166585367,-0.21789562370390278,43.737725765082445,-0.04593960525765017,-55.203251561741034,0.14951036861664863,-33.64585715090294,0.3196625855594684,26.157873791967294,-0.03635708494780777,0.26436062806336924,-0.00037072,5.872609575427268,0.00017264,0,1.0
1570,0.0005737840657287219,0.13822754184184172,-0.00033195,0.7950698454640701,2.498501227223157,22.571035327346976,-0.21789562370390278,24.829174489769002,-0.04593960525765017,-37.3314990742814,0.14951036861664863,15.070235836225816,0.3196625855594684,-9.488837239487738,-0.03635708494780777,1.0508391062242703,-0.00037072,4.48651561245082,0.00017264,0,1.0
1571,0.42343204753067676,0.12167560635613416,-0.00033195,0.7950698454640701,2.498501227223157,41.826371906532906,-0.21789562370390278,65.32120618066132,-0.04593960525765017,-86.83822622712223,0.14951036861664863,-20.0593562197961,0.3196625855594684,-1.7324189626777524,-0.03635708494780777,0.25646339595654144,-0.00037072,10.438228234703104,0.00017264,0,1.0
1572,1.2591516211865696,2.009974538747837,-0.00033195,0.7950698454640701,2.498501227223157,50.92523623810599,-0.21789562370390278,47.07049755420618,-0.04593960525765017,-9.15056305563666,0.14951036861664863,-69.23323871625954,0.3196625855594684,-25.37150043698027,-0.03635708494780777,1.5720636651644524,-0.00037072,9.644540411337598,0.00017264,0,1.0
1573,3.082837131675281,3.002197776390044,-0.00033195,0.7950698454640701,2.498501227223157,-6.085360670377997,-0.21789562370390278,47.55415496503726,-0.04593960525765017,-46.40927596986426,0.14951036861664863,-74.54160572112495,0.3196625855594684,53.1229964122164,-0.03635708494780777,0.26339681039850804,-0.00037072,5.678927985288299,0.00017264,0,1.0
1574,0.41942698986033466,0.11462654701584675,-0.00033195,0.7950698454640701,2.498501227223157,34.02859675218091,-0.21789562370390278,61.598734715876304,-0.04593960525765017,-92.07360926128003,0.14951036861664863,-6.4118397801207045,0.3196625855594684,5.306485568307923,-0.03635708494780777,0.27617316183519414,-0.00037072,9.402803306864778,0.00017264,0,1.0
1575,-0.12089220594503167,0.6094908391909182,-0.00033195,0.7950698454640701,2.498501227223157,5.775745404948478,-0.21789562370390278,4.263220190130478,-0.04593960525765017,-6.895320446530676,0.14951036861664863,2.966261276652073,0.3196625855594684,-3.8536805751970293,-0.03635708494780777,0.08181988984501809,-0.00037072,0.9653171788953764,0.00017264,0,1.0
1576,-0.042522341491224136,0.6336035114020669,-0.00033195,0.7950698454640701,2.498501227223157,58.900177944288345,-0.21789562370390278,37.94551633084152,-0.04593960525765017,-5.872388999657618,0.14951036861664863,-31.212510039569075,0.3196625855594684,-48.823296780587924,-0.03635708494780777,1.6952039003210646,-0.00037072,8.529501701894109,0.00017264,0,1.0
1577,1.7923310944938338,1.0331026255586564,-0.00033195,0.7950698454640701,2.498501227223157,-19.426825697601167,-0.21789562370390278,22.712340086373942,-0.04593960525765017,-57.8625410041893,0.14951036861664863,0.010637657152480162,0.3196625855594684,52.00481264027237,-0.03635708494780777,0.2805988049361908,-0.00037072,2.1441771916854124,0.00017264,0,1.0
1578,-0.018100722012506676,3.507814436831121,-0.00033195,0.7950698454640701,2.498501227223157,86.0500604342695,-0.21789562370390278,41.98380699499844,-0.04593960525765017,-5.327459144650753,0.14951036861664863,-77.84986647099652,0.3196625855594684,-59.46036514202476,-0.03635708494780777,0.26728416345589334,-0.00037072,14.592640444665633,0.00017264,0,1.0
1579,-1.2203353596031685,3.1485233159568424,-0.00033195,0.7950698454640701,2.498501227223157,65.4245742195127,-0.21789562370390278,24.81788139330539,-0.04593960525765017,-25.37507903795538,0.14951036861664863,69.90403839048663,0.3196625855594684,-69.75574973186016,-0.03635708494780777,3.7572671372499054,-0.00037072,7.609180583594248,0.00017264,0,1.0
1580,1.6467925936281798,1.318670859201213,-0.00033195,0.7950698454640701,2.498501227223157,-16.049738098794236,-0.21789562370390278,42.999115955753155,-0.04593960525765017,-99.517850549977,0.14951036861664863,33.1995974563399,0.3196625855594684,55.23426256609367,-0.03635708494780777,0.40330999360198017,-0.00037072,3.939170358571629,0.00017264,0,1.0
1581,0.280182885745736,5.115423767068248,-0.00033195,0.7950698454640701,2.498501227223157,-34.471046655533684,-0.21789562370390278,-15.220268190885783,-0.04593960525765017,-56.91972828483737,0.14951036861664863,75.78790607175983,0.3196625855594684,48.74663850114267,-0.03635708494780777,-2.3076483854362704,-0.00037072,0.23271306474850162,0.00017264,1,1.0
1582,0.6874262786066634,5.86525662467508,-0.00033195,0.7950698454640701,2.498501227223157,61.93386776513431,-0.21789562370390278,79.72280810778473,-0.04593960525765017,-27.91209634682069,0.14951036861664863,-56.340361298667915,0.3196625855594684,-45.18460790147561,-0.03635708494780777,1.7245303494833006,-0.00037072,10.126374667541475,0.00017264,0,1.0
1583,1.4798494471024766,1.0022713500329414,-0.00033195,0.7950698454640701,2.498501227223157,63.955662796747035,-0.21789562370390278,92.94413871492942,-0.04593960525765017,-81.5085308249907,0.14951036861664863,-91.78523934189882,0.3196625855594684,-7.339987902464796,-0.03635708494780777,0.25980605910321053,-0.00037072,15.328520831265026,0.00017264,0,1.0
1584,3.2532424869932246,16.755925924281378,-0.00033195,0.7950698454640701,2.498501227223157,9.612961486352289,-0.21789562370390278,69.31193977691781,-0.04593960525765017,-12.474316785615013,0.14951036861664863,-57.37362654168246,0.3196625855594684,10.706521541944406,-0.03635708494780777,0.41441221074673473,-0.00037072,7.215379922700523,0.00017264,0,1.0
1585,-0.00604164821793951,0.8350113541199218,-0.00033195,0.7950698454640701,2.498501227223157,59.614907578331724,-0.21789562370390278,51.606532440360404,-0.04593960525765017,-50.83398636953398,0.14951036861664863,4.969253080815497,0.3196625855594684,-37.942325151824576,-0.03635708494780777,2.354438396908495,-0.00037072,10.136061205200289,0.00017264,0,1.0
1586,3.5380624538622745,5.124755673577081,-0.00033195,0.7950698454640701,2.498501227223157,-52.362413058048524,-0.21789562370390278,17.557594024549086,-0.04593960525765017,-37.44684110445389,0.14951036861664863,-78.0761867059902,0.3196625855594684,99.15807050859883,-0.03635708494780777,-1.8515425898905247,-0.00037072,0.22944371234357808,0.00017264,1,1.0
1587,-0.6299156982831635,3.5047287979817914,-0.00033195,0.7950698454640701,2.498501227223157,51.93208192001622,-0.21789562370390278,26.92860731930706,-0.04593960525765017,-15.57005951060665,0.14951036861664863,64.96439824775256,0.3196625855594684,-60.350493864604736,-0.03635708494780777,4.489898882454939,-0.00037072,5.11837700252129,0.00017264,0,1.0
1588,-0.5488838085208567,1.4932183030649244,-0.00033195,0.7950698454640701,2.498501227223157,17.123399140019707,-0.21789562370390278,-7.754016692010068,-0.04593960525765017,-0.006881246207156968,0.14951036861664863,56.26581759619313,0.3196625855594684,-26.200500677527415,-0.03635708494780777,0.4845119119927519,-0.00037072,2.6967996409325066,0.00017264,0,1.0
1589,0.06921746265993134,6.909254008051003,-0.00033195,0.7950698454640701,2.498501227223157,43.71716903306868,-0.21789562370390278,51.61694443589853,-0.04593960525765017,-56.48423000316671,0.14951036861664863,86.02569832126434,0.3196625855594684,-41.11873897249099,-0.03635708494780777,3.9081513594906117,-0.00037072,7.096150702545065,0.00017264,0,1.0
1590,2.2150481229144985,8.720974304079448,-0.00033195,0.7950698454640701,2.498501227223157,-45.56516599345958,-0.21789562370390278,16.22207541945807,-0.04593960525765017,-22.302379586961084,0.14951036861664863,-44.4646596031156,0.3196625855594684,67.16210614567079,-0.03635708494780777,-3.9857852989771807,-0.00037072,0.23869562003565226,0.00017264,1,1.0
1591,-0.1716141935090012,1.2427504347725002,-0.00033195,0.7950698454640701,2.498501227223157,70.35671513317708,-0.21789562370390278,66.21634393149111,-0.04593960525765017,-78.34762187401485,0.14951036861664863,20.21927957488712,0.3196625855594684,-41.495531485781484,-0.03635708494780777,2.7640685232120266,-0.00037072,12.381415171741887,0.00017264,0,1.0
1592,3.190368826973271,3.0753043410708885,-0.00033195,0.7950698454640701,2.498501227223157,0.6166397636385239,-0.21789562370390278,68.79533405821623,-0.04593960525765017,-93.04894575564916,0.14951036861664863,-62.82376202595447,0.3196625855594684,63.45138458026655,-0.03635708494780777,0.2570551661639753,-0.00037072,8.76888571346046,0.00017264,0,1.0
1593,2.215786095084775,1.606693523681321,-0.00033195,0.7950698454640701,2.498501227223157,-10.7067711600617,-0.21789562370390278,29.747657790378646,-0.04593960525765017,-35.266388208473,0.14951036861664863,-40.876513725390396,0.3196625855594684,42.87295355823517,-0.03635708494780777,0.27773937950576233,-0.00037072,3.1501774389358483,0.00017264,0,1.0
1594,0.8754651262140554,0.22793322220690085,-0.00033195,0.7950698454640701,2.498501227223157,-19.69929603417172,-0.21789562370390278,25.29294911506622,-0.04593960525765017,-99.92356693477943,0.14951036861664863,58.0259478561035,0.3196625855594684,53.602163496389416,-0.03635708494780777,0.2824674484179077,-0.00037072,2.3390759177699376,0.00017264,0,1.0
1595,-0.013240292041138968,0.5435505280574483,-0.00033195,0.7950698454640701,2.498501227223157,57.20230718165704,-0.21789562370390278,63.67838588474301,-0.04593960525765017,-88.41803926436096,0.14951036861664863,19.057051885434024,0.3196625855594684,-23.68743136203078,-0.03635708494780777,1.988368068355264,-0.00037072,11.414801439177213,0.00017264,0,1.0
1596,-0.6344486246220662,2.0510922562585425,-0.00033195,0.7950698454640701,2.498501227223157,30.11234829353679,-0.21789562370390278,11.471707545865454,-0.04593960525765017,-36.37274890198106,0.14951036861664863,89.6961500465267,0.3196625855594684,-31.82550748028181,-0.03635708494780777,2.9823131195801023,-0.00037072,4.022206240831835,0.00017264,0,1.0
1597,4.519534230431359,23.100146577327383,-0.00033195,0.7950698454640701,2.498501227223157,15.687766559784423,-0.21789562370390278,46.337430219877675,-0.04593960525765017,-9.112945867430888,0.14951036861664863,-21.17188147001462,0.3196625855594684,17.77211701759619,-0.03635708494780777,6.198506706507967,-0.00037072,7.140632806250505,0.00017264,0,1.0
1598,-0.5416641560937239,1.7969250628235693,-0.00033195,0.7950698454640701,2.498501227223157,40.124785547779204,-0.21789562370390278,18.218607239230813,-0.04593960525765017,-25.33173180939794,0.14951036861664863,56.93833076066608,0.3196625855594684,-39.97140102043867,-0.03635708494780777,2.986344321353457,-0.00037072,5.057359324292888,0.00017264,0,1.0
1599,2.860396349609702,2.744795043197365,-0.00033195,0.7950698454640701,2.498501227223157,-6.106157927769116,-0.21789562370390278,31.197711385934944,-0.04593960525765017,-5.364088060425881,0.14951036861664863,-88.37178342565966,0.3196625855594684,38.48521110035151,-0.03635708494780777,0.2691504926105268,-0.00037072,3.6777111704044505,0.00017264,0,1.0
1600,0.06433706783274362,0.7200256647948828,-0.00033195,2.0955878038400533,3.0496499206866825,78.93302940917604,-0.21789562370390278,-2.518393090275385,-0.04593960525765017,-11.22424245267559,0.14951036861664863,63.51016604151705,0.3196625855594684,-33.29487198113335,-0.03635708494780777,0.18016437794025342,-0.00037072,1.3922571929431724,0.00017264,0,1.0
1601,-0.003165406154143291,0.506431017202718,-0.00033195,2.0955878038400533,3.0496499206866825,100.0,-0.21789562370390278,21.35352706636966,-0.04593960525765017,-67.62547741450588,0.14951036861664863,80.02892658018894,0.3196625855594684,-42.42048743279055,-0.03635708494780777,0.3703961462001031,-0.00037072,1.5099709299197743,0.00017264,0,1.0
1602,0.0005342942898267089,0.029277757828420674,-0.00033195,2.0955878038400533,3.0496499206866825,-49.356967070179486,-0.21789562370390278,4.595728575674287,-0.04593960525765017,-77.66484153855167,0.14951036861664863,80.16304092450288,0.3196625855594684,54.14370212951897,-0.03635708494780777,-0.09526479727272182,-0.00037072,0.10351787905889671,0.00017264,1,1.0
1603,0.01617201392201567,0.08380230948693979,-0.00033195,2.0955878038400533,3.0496499206866825,-50.21927723060543,-0.21789562370390278,-5.700917809552397,-0.04593960525765017,-30.241494636023866,0.14951036861664863,65.16479172752125,0.3196625855594684,37.50438789111232,-0.03635708494780777,-0.15956603440735478,-0.00037072,0.1586789198874154,0.00017264,1,1.0
1604,1.989678719640044,2.412021375656477,-0.00033195,2.0955878038400533,3.0496499206866825,67.34395854583661,-0.21789562370390278,13.864213555248975,-0.04593960525765017,-100.0,0.14951036861664863,-29.079165006644022,0.3196625855594684,86.85603344884086,-0.03635708494780777,0.2893216989251791,-0.00037072,1.8447139213593307,0.00017264,0,1.0
1605,0.47511383312637806,0.2872512432153245,-0.00033195,2.0955878038400533,3.0496499206866825,-78.91922446990752,-0.21789562370390278,-4.827862384966799,-0.04593960525765017,-1e-20,0.14951036861664863,31.101941565441674,0.3196625855594684,42.321153107873464,-0.03635708494780777,-0.31499260220380576,-0.00037072,0.3110096601790321,0.00017264,1,1.0
1606,-0.10282906468068938,0.9193843779744348,-0.00033195,2.0955878038400533,3.0496499206866825,-65.60451751707662,-0.21789562370390278,-0.3507376653953762,-0.04593960525765017,-17.52427468124149,0.14951036861664863,79.76798007696408,0.3196625855594684,16.98710447407872,-0.03635708494780777,-0.5222219298833617,-0.00037072,0.5510391980457401,0.00017264,1,1.0
1607,0.06750868606021676,1.0298027840435555,-0.00033195,2.0955878038400533,3.0496499206866825,100.0,-0.21789562370390278,32.43229658132542,-0.04593960525765017,-84.57527997513385,0.14951036861664863,-36.06555209492891,0.3196625855594684,-14.397095478736015,-0.03635708494780777,-0.27779131698222403,-0.00037072,0.8818759914566038,0.00017264,1,1.0
1608,1.1235549815779617,1.4117785695611378,-0.00033195,2.0955878038400533,3.0496499206866825,14.091060073834178,-0.21789562370390278,-2.0313306308763215,-0.04593960525765017,-9.753854541506474,0.14951036861664863,-19.748389021198623,0.3196625855594684,37.82444251560787,-0.03635708494780777,0.01711593410958523,-0.00037072,1.0567259620125764,0.00017264,0,1.0
1609,0.6334369220486922,0.19840224564937906,-0.00033195,2.0955878038400533,3.0496499206866825,89.4303947723491,-0.21789562370390278,22.487628279885943,-0.04593960525765017,-70.71182140210372,0.14951036861664863,-32.395918662935586,0.3196625855594684,7.875323320336308,-0.03635708494780777,0.37790780668674284,-0.00037072,0.7426344699339084,0.00017264,0,1.0
1610,1.0980456533044236,0.9259991893273752,-0.00033195,2.0955878038400533,3.0496499206866825,48.53344688032493,-0.21789562370390278,9.50200290654018,-0.04593960525765017,-52.925152569596115,0.14951036861664863,-29.622790025516046,0.3196625855594684,42.03623331219013,-0.03635708494780777,0.17396753891468547,-0.00037072,1.000667148631114,0.00017264,0,1.0
1611,-0.3067218715745623,2.6684638286524507,-0.00033195,2.0955878038400533,3.0496499206866825,99.80008957530238,-0.21789562370390278,28.81070185678072,-0.04593960525765017,-35.294202859486504,0.14951036861664863,-5.945106277831505,0.3196625855594684,-65.8642730114741,-0.03635708494780777,-0.36306628550418907,-0.00037072,1.1733985868037826,0.00017264,1,1.0
1612,0.19197436959326386,0.27481654953962453,-0.00033195,2.0955878038400533,3.0496499206866825,50.626376650789396,-0.21789562370390278,15.652300485725492,-0.04593960525765017,-46.89847151246489,0.14951036861664863,-27.6811117316724,0.3196625855594684,3.6978617352680994,-0.03635708494780777,-0.10671224295214338,-0.00037072,0.43894931707043633,0.00017264,1,1.0
1613,0.32641550837780864,0.10249803199792222,-0.00033195,2.0955878038400533,3.0496499206866825,82.10689880778,-0.21789562370390278,18.68244166811893,-0.04593960525765017,-68.09198875305115,0.14951036861664863,-1.1700737195424231,0.3196625855594684,-0.49554686885794136,-0.03635708494780777,0.41683118237354394,-0.00037072,0.6255957564455009,0.00017264,0,1.0
1614,0.5422538032101005,0.20655667239756892,-0.00033195,2.0955878038400533,3.0496499206866825,64.25889881655728,-0.21789562370390278,16.689529475600327,-0.04593960525765017,-85.45431826729435,0.14951036861664863,11.627087449452764,0.3196625855594684,26.015171942396957,-0.03635708494780777,0.36258682909842377,-0.00037072,0.7473799890618615,0.00017264,0,1.0
1615,2.0889158372657635,2.3070513553381167,-0.00033195,2.0955878038400533,3.0496499206866825,89.65651350086031,-0.21789562370390278,32.49573450472544,-0.04593960525765017,-51.57147482998109,0.14951036861664863,-95.8479932016496,0.3196625855594684,26.001767411107178,-0.03635708494780777,0.8017121253948402,-0.00037072,1.4297734471958563,0.00017264,0,1.0
1616,0.18075338413498554,0.16531007075215437,-0.00033195,2.0955878038400533,3.0496499206866825,33.525105040069235,-0.21789562370390278,9.706905089102836,-0.04593960525765017,-23.25085005335724,0.14951036861664863,-40.205484032565245,0.3196625855594684,4.3284010325701345,-0.03635708494780777,-0.2334097557121303,-0.00037072,0.29079049037006766,0.00017264,1,1.0
1617,0.1510285629610742,0.04558324723824389,-0.00033195,2.0955878038400533,3.0496499206866825,-7.91918108850279,-0.21789562370390278,6.349546006251487,-0.04593960525765017,-41.208391017418116,0.14951036861664863,7.838059684919566,0.3196625855594684,27.68258496612666,-0.03635708494780777,-0.14817229362769288,-0.00037072,0.149946512133161,0.00017264,1,1.0
1618,1.0384156338838268,0.5377471779008741,-0.00033195,2.0955878038400533,3.0496499206866825,82.8684295630876,-0.21789562370390278,14.155750486623637,-0.04593960525765017,-19.624111576693906,0.14951036861664863,-79.87824167962079,0.3196625855594684,5.023664091939303,-0.03635708494780777,0.34262659756664227,-0.00037072,0.7996424148048362,0.00017264,0,1.0
1619,0.8616825107880235,0.28245779310880426,-0.00033195,2.0955878038400533,3.0496499206866825,-17.151559221773848,-0.21789562370390278,14.614876337837295,-0.04593960525765017,-54.44035428650868,0.14951036861664863,-51.64573980549615,0.3196625855594684,60.82245396404474,-0.03635708494780777,-0.3346265017279112,-0.00037072,0.3392184303939335,0.00017264,1,1.0
1620,0.5015954882424256,0.5472047929920709,-0.00033195,2.0955878038400533,3.0496499206866825,16.764156853623764,-0.21789562370390278,4.365606798440832,-0.04593960525765017,-77.84349520815678,0.14951036861664863,76.36882148314804,0.3196625855594684,41.34806409959357,-0.03635708494780777,0.2381628715676059,-0.00037072,0.9827414475240375,0.00017264,0,1.0
1621,0.0015265888587921994,0.21462115032191553,-0.00033195,2.0955878038400533,3.0496499206866825,97.75967790076552,-0.21789562370390278,10.804283547105918,-0.04593960525765017,-39.392231535991556,0.14951036861664863,50.82517502478192,0.3196625855594684,-38.564327962785995,-0.03635708494780777,0.459507792063472,-0.00037072,1.0900225289518295,0.00017264,0,1.0
1622,0.3239881248991363,0.1420411267905673,-0.00033195,2.0955878038400533,3.0496499206866825,50.49039442576999,-0.21789562370390278,13.471972915663533,-0.04593960525765017,-90.95008234881381,0.14951036861664863,49.01732728765291,0.3196625855594684,26.311547023806767,-0.03635708494780777,0.392489778917109,-0.00037072,0.6999368960219811,0.00017264,0,1.0
1623,0.7218466404662732,0.22702137961221427,-0.00033195,2.0955878038400533,3.0496499206866825,49.10891308837073,-0.21789562370390278,21.4284947815841,-0.04593960525765017,-92.06314846436132,0.14951036861664863,0.5146639818073923,0.3196625855594684,36.497220364028884,-0.03635708494780777,0.3836562625432585,-0.00037072,0.651786778941033,0.00017264,0,1.0
1624,0.4108466236612781,0.2009964220966975,-0.00033195,2.0955878038400533,3.0496499206866825,-16.105133295408198,-0.21789562370390278,13.153122025052937,-0.04593960525765017,-87.01515464583908,0.14951036861664863,17.003551576909263,0.3196625855594684,60.690772089383195,-0.03635708494780777,-0.2144316331988479,-0.00037072,0.32903543832864274,0.00017264,1,1.0
1625,0.3435877757720297,0.22678496285391134,-0.00033195,2.0955878038400533,3.0496499206866825,47.237084638260164,-0.21789562370390278,12.205656215573434,-0.04593960525765017,-27.730250699151977,0.14951036861664863,-43.851338409153755,0.3196625855594684,3.096362155172105,-0.03635708494780777,-0.04020003655823173,-0.00037072,0.3858530397223034,0.00017264,1,1.0
1626,-0.6690567701150318,4.494931406605032,-0.00033195,2.0955878038400533,3.0496499206866825,20.378763312093312,-0.21789562370390278,25.785044539658347,-0.04593960525765017,-72.4630303825215,0.14951036861664863,74.46770592901804,0.3196625855594684,-28.757247459800208,-0.03635708494780777,-0.8628990636747955,-0.00037072,1.1148668176472023,0.00017264,1,1.0
1627,0.24001339796317578,0.08149935950303314,-0.00033195,2.0955878038400533,3.0496499206866825,82.4373351423468,-0.21789562370390278,17.23269696655861,-0.04593960525765017,-67.44735655757405,0.14951036861664863,7.234904281565773,0.3196625855594684,-2.9582757137831557,-0.03635708494780777,0.42121641090817935,-0.00037072,0.6145592633752947,0.00017264,0,1.0
1628,0.8516219564186526,0.332752400620316,-0.00033195,2.0955878038400533,3.0496499206866825,1.5078774901465704,-0.21789562370390278,15.541058081577757,-0.04593960525765017,-97.63283319702595,0.14951036861664863,17.865754265723915,0.3196625855594684,68.50582993349435,-0.03635708494780777,0.25119258919652176,-0.00037072,0.5162758855496993,0.00017264,0,1.0
1629,0.8718424166313811,0.1758805259089088,-0.00033195,2.0955878038400533,3.0496499206866825,-53.88706278551507,-0.21789562370390278,7.376962917577054,-0.04593960525765017,-66.05374258989117,0.14951036861664863,-5.586225802386505,0.3196625855594684,85.27309918679423,-0.03635708494780777,-0.1999715652802565,-0.00037072,0.20843694680208902,0.00017264,1,1.0
1630,0.49827437263869023,0.7549112946759307,-0.00033195,2.0955878038400533,3.0496499206866825,51.089443770343216,-0.21789562370390278,22.344351748857402,-0.04593960525765017,-30.57949727438313,0.14951036861664863,-64.22451742627638,0.3196625855594684,-4.503235507434013,-0.03635708494780777,-0.21853771244123604,-0.00037072,0.6484418778818819,0.00017264,1,1.0
1631,-0.19348482516860754,2.0435666169511038,-0.00033195,2.0955878038400533,3.0496499206866825,-51.28596383034874,-0.21789562370390278,11.148218653805024,-0.04593960525765017,-41.7634414983283,0.14951036861664863,73.3020700291632,0.3196625855594684,11.067028377340737,-0.03635708494780777,-0.7656272215748839,-0.00037072,0.7678733647747663,0.00017264,1,1.0
1632,0.6951424125013915,0.27559629459563084,-0.00033195,2.0955878038400533,3.0496499206866825,73.37095784546035,-0.21789562370390278,14.997131026499387,-0.04593960525765017,-34.00108597375308,0.14951036861664863,-43.76592215156205,0.3196625855594684,1.349962016042137,-0.03635708494780777,0.41075114874613217,-0.00037072,0.60287044418373,0.00017264,0,1.0
1633,0.10085858700477685,0.0864115494203067,-0.00033195,2.0955878038400533,3.0496499206866825,17.22360404281191,-0.21789562370390278,7.588851589764625,-0.04593960525765017,-25.811298773514782,0.14951036861664863,-18.703076221730633,0.3196625855594684,8.855421785190003,-0.03635708494780777,-0.19479934278482405,-0.00037072,0.2036193191610928,0.00017264,1,1.0
1634,0.8296139977266116,0.7505670768100682,-0.00033195,2.0955878038400533,3.0496499206866825,75.48962125523371,-0.21789562370390278,6.665253765891119,-0.04593960525765017,-29.174699347992973,0.14951036861664863,-16.257026907545978,0.3196625855594684,6.668861089524327,-0.03635708494780777,0.2879272333621166,-0.00037072,1.1485814157760001,0.00017264,0,1.0
1635,1.368540925150121,0.30477537573592134,-0.00033195,2.0955878038400533,3.0496499206866825,-68.94593729878346,-0.21789562370390278,7.301157737138691,-0.04593960525765017,-33.54573343938814,0.14951036861664863,-55.81681871133695,0.3196625855594684,89.74574768004564,-0.03635708494780777,-0.13335879328663675,-0.00037072,0.13379973693163744,0.00017264,1,1.0
1636,0.2495249979352091,0.11097166603229028,-0.00033195,2.0955878038400533,3.0496499206866825,-87.98433651806518,-0.21789562370390278,-0.5220062554342318,-0.04593960525765017,-58.99935119854736,0.14951036861664863,86.55420203355195,0.3196625855594684,66.95782337871489,-0.03635708494780777,-0.22274662695955913,-0.00037072,0.222471673284898,0.00017264,1,1.0
1637,0.03976110447985454,0.20130444002759418,-0.00033195,2.0955878038400533,3.0496499206866825,79.7922493101858,-0.21789562370390278,5.322928327889931,-0.04593960525765017,-25.241229500135343,0.14951036861664863,43.50790041068393,0.3196625855594684,-30.77766489725695,-0.03635708494780777,0.3291603599270866,-0.00037072,1.0000910513359114,0.00017264,0,1.0
1638,0.02476711638025819,0.0969001010313681,-0.00033195,2.0955878038400533,3.0496499206866825,9.586695790311083,-0.21789562370390278,7.8572936297040314,-0.04593960525765017,-43.46219919838183,0.14951036861664863,3.759885177073699,0.3196625855594684,18.14687678243122,-0.03635708494780777,-0.205484387372751,-0.00037072,0.21038941674618983,0.00017264,1,1.0
1639,0.3328308318311659,0.08800682831728161,-0.00033195,2.0955878038400533,3.0496499206866825,83.18258350186323,-0.21789562370390278,22.25118236915474,-0.04593960525765017,-93.92444295453788,0.14951036861664863,11.90371732596441,0.3196625855594684,10.89049484149662,-0.03635708494780777,0.38419582376149863,-0.00037072,0.7182424080364938,0.00017264,0,1.0
1640,0.00872530105258873,0.781203740436367,-0.00033195,2.0955878038400533,3.0496499206866825,98.58397951409749,-0.21789562370390278,19.549813594490885,-0.04593960525765017,-0.04824458977554387,0.14951036861664863,-41.47139345611639,0.3196625855594684,-61.43963337456973,-0.03635708494780777,-0.012370421562267753,-0.00037072,0.8334771632567868,0.00017264,1,1.0
1641,1.2199721946894282,0.2361593285031258,-0.00033195,2.0955878038400533,3.0496499206866825,-76.3630974891622,-0.21789562370390278,4.8989245509571315,-0.04593960525765017,-35.289476419245055,0.14951036861664863,-31.93467939958505,0.3196625855594684,88.31357958399671,-0.03635708494780777,-0.06790456793266547,-0.00037072,0.06820142012254293,0.00017264,1,1.0
1642,1.0416450607957919,0.8029505817523837,-0.00033195,2.0955878038400533,3.0496499206866825,17.044672709090808,-0.21789562370390278,8.05962755516439,-0.04593960525765017,-51.428055055052766,0.14951036861664863,28.229638617474173,0.3196625855594684,38.70541840324278,-0.03635708494780777,0.3658856659675458,-0.00037072,1.0953325264072273,0.00017264,0,1.0
1643,-0.0015578708684725884,0.2322715289940742,-0.00033195,2.0955878038400533,3.0496499206866825,84.68798699658441,-0.21789562370390278,11.215147351139265,-0.04593960525765017,-73.94760875097253,0.14951036861664863,92.17220978892497,0.3196625855594684,-16.774028314038922,-0.03635708494780777,0.4975140669889877,-0.00037072,1.193473525132615,0.00017264,0,1.0
1644,0.8870483693395946,0.12404842973897828,-0.00033195,2.0955878038400533,3.0496499206866825,-59.736134330753764,-0.21789562370390278,6.886835146957627,-0.04593960525765017,-54.01951969825042,0.14951036861664863,-8.06842529622704,0.3196625855594684,79.4946871311443,-0.03635708494780777,-0.12708740316940678,-0.00037072,0.12958064437141523,0.00017264,1,1.0
1645,1.385770492466702,0.7782395543876566,-0.00033195,2.0955878038400533,3.0496499206866825,-15.388429267736768,-0.21789562370390278,23.357019202167827,-0.04593960525765017,-67.32023039203267,0.14951036861664863,-75.6017808507342,0.3196625855594684,74.44919252038444,-0.03635708494780777,-0.22165519016026458,-0.00037072,0.5741880679204325,0.00017264,1,1.0
1646,1.0326052201054998,0.256473271135811,-0.00033195,2.0955878038400533,3.0496499206866825,-32.21962405268292,-0.21789562370390278,10.244191286352864,-0.04593960525765017,-32.28834260212634,0.14951036861664863,-54.201983915626954,0.3196625855594684,60.72595113663779,-0.03635708494780777,-0.14179698522421483,-0.00037072,0.22678113278371972,0.00017264,1,1.0
1647,0.437679016825145,0.2484004460627288,-0.00033195,2.0955878038400533,3.0496499206866825,-41.339847010829885,-0.21789562370390278,3.965874311390949,-0.04593960525765017,-84.13396030597767,0.14951036861664863,65.6410689305908,0.3196625855594684,71.65429426209326,-0.03635708494780777,0.04360594495363962,-0.00037072,0.3126330364933561,0.00017264,0,1.0
1648,1.654993512323466,6.691482225783959,-0.00033195,2.0955878038400533,3.0496499206866825,-79.06798007827258,-0.21789562370390278,38.90500671111321,-0.04593960525765017,-99.4277479471205,0.14951036861664863,16.887532934234343,0.3196625855594684,80.43492986068523,-0.03635708494780777,-0.8785165119253864,-0.00037072,1.9647739859209143,0.00017264,1,1.0
1649,0.007450149807795015,0.2476256826871645,-0.00033195,2.0955878038400533,3.0496499206866825,-19.071279914209853,-0.21789562370390278,7.903845402032645,-0.04593960525765017,-80.81416113251751,0.14951036861664863,97.01632091497405,0.3196625855594684,34.60918464027188,-0.03635708494780777,0.058619159390509545,-0.00037072,0.5066607276314987,0.00017264,0,1.0
1650,1.2758122437045711,0.5807940437368195,-0.00033195,2.0955878038400533,3.0496499206866825,-57.88609702474626,-0.21789562370390278,17.107345930453118,-0.04593960525765017,-52.58393509711648,0.14951036861664863,-57.708050632007776,0.3196625855594684,82.45173295648993,-0.03635708494780777,-0.39481931775262336,-0.00037072,0.39697931584078616,0.00017264,1,1.0
1651,-0.003696377961614372,0.5473705937769274,-0.00033195,2.0955878038400533,3.0496499206866825,99.73310321068004,-0.21789562370390278,9.276337899545712,-0.04593960525765017,-23.93670798740254,0.14951036861664863,84.15957863719244,0.3196625855594684,-58.68623325946014,-0.03635708494780777,0.3375351454628064,-0.00037072,1.7047837063957723,0.00017264,0,1.0
1652,-0.004847775033480661,0.4324105787853982,-0.00033195,2.0955878038400533,3.0496499206866825,41.47244942491406,-0.21789562370390278,6.013641173044495,-0.04593960525765017,-35.59192615180438,0.14951036861664863,78.47691482170215,0.3196625855594684,-18.79322362499445,-0.03635708494780777,0.17966574530663587,-0.00037072,1.0550929003689409,0.00017264,0,1.0
1653,0.40724019090631036,2.163952785724617,-0.00033195,2.0955878038400533,3.0496499206866825,-27.813205742007277,-0.21789562370390278,21.544815747504686,-0.04593960525765017,-35.60307862279346,0.14951036861664863,-45.763078855435815,0.3196625855594684,25.102904327399095,-0.03635708494780777,-0.9369394878906613,-0.00037072,0.6034190952271258,0.00017264,1,1.0
1654,1.2661119570263728,0.2763950589989248,-0.00033195,2.0955878038400533,3.0496499206866825,-49.22380864238543,-0.21789562370390278,6.000765651529046,-0.04593960525765017,-12.047169670653481,0.14951036861664863,-73.76763841364068,0.3196625855594684,68.85313560138938,-0.03635708494780777,-0.12566205421781765,-0.00037072,0.12530864903706798,0.00017264,1,1.0
1655,0.584328899935979,0.33219220428880214,-0.00033195,2.0955878038400533,3.0496499206866825,49.66044035961391,-0.21789562370390278,15.219604785161328,-0.04593960525765017,-29.35914810089293,0.14951036861664863,-69.66331624422611,0.3196625855594684,10.92870222030752,-0.03635708494780777,-0.10481229831801553,-0.00037072,0.4634458012035856,0.00017264,1,1.0
1656,0.16025913720480828,0.008646960859286915,-0.00033195,2.0955878038400533,3.0496499206866825,-39.630224925792334,-0.21789562370390278,0.06696593605930862,-0.04593960525765017,-33.08517540334427,0.14951036861664863,37.597595664962256,0.3196625855594684,36.53429869106102,-0.03635708494780777,-0.03994822319684094,-0.00037072,0.03933507476086273,0.00017264,1,1.0
1657,1.2451713883986546,1.3672123295133276,-0.00033195,2.0955878038400533,3.0496499206866825,88.42918405707772,-0.21789562370390278,13.075023554523552,-0.04593960525765017,-94.25592294990014,0.14951036861664863,-0.5190342462941505,0.3196625855594684,49.85721838281824,-0.03635708494780777,0.28433125279331894,-0.00037072,1.615826161217695,0.00017264,0,1.0
1658,0.20219937841815128,0.21037611845163637,-0.00033195,2.0955878038400533,3.0496499206866825,99.83217462943058,-0.21789562370390278,13.710002113357907,-0.04593960525765017,-1e-20,0.14951036861664863,-67.0231978980858,0.3196625855594684,-40.33455010924072,-0.03635708494780777,0.19203626578993852,-0.00037072,0.47378640850130427,0.00017264,0,1.0
1659,0.7147714674159377,1.1576437617619044,-0.00033195,2.0955878038400533,3.0496499206866825,74.68232814467417,-0.21789562370390278,4.9698045194612375,-0.04593960525765017,-26.45581061640343,0.14951036861664863,-45.61586391106082,0.3196625855594684,12.959756626804932,-0.03635708494780777,-0.08918131654546202,-0.00037072,1.0315576219222469,0.00017264,1,1.0
1660,0.2590740379942176,0.11263584648686145,-0.00033195,2.0955878038400533,3.0496499206866825,-11.145152537451146,-0.21789562370390278,9.57899026053304,-0.04593960525765017,-62.2427453172723,0.14951036861664863,8.032462387501724,0.3196625855594684,43.272561954731614,-0.03635708494780777,-0.2368009370412725,-0.00037072,0.23672912740390564,0.00017264,1,1.0
1661,0.6641155470147231,0.31496900549825446,-0.00033195,2.0955878038400533,3.0496499206866825,-0.21212595731919182,-0.21789562370390278,14.3105776732336,-0.04593960525765017,-63.54810197031819,0.14951036861664863,-39.32939124785386,0.3196625855594684,54.207337815308755,-0.03635708494780777,-0.34292232756800567,-0.00037072,0.3951455794257265,0.00017264,1,1.0
1662,0.20194614290630847,0.20754298106014885,-0.00033195,2.0955878038400533,3.0496499206866825,10.910787473543715,-0.21789562370390278,6.218626287256222,-0.04593960525765017,-64.07041705844034,0.14951036861664863,47.52516525898932,0.3196625855594684,29.8223994091302,-0.03635708494780777,0.1763879668002954,-0.00037072,0.4137800928710415,0.00017264,0,1.0
1663,1.3485163375745677,0.8966484265252874,-0.00033195,2.0955878038400533,3.0496499206866825,-57.78173418094704,-0.21789562370390278,15.17858169555543,-0.04593960525765017,-14.715885634427254,0.14951036861664863,-84.12084139805523,0.3196625855594684,63.25912543178082,-0.03635708494780777,-0.4673498008462267,-0.00037072,0.4472965437270975,0.00017264,1,1.0
1664,0.6675064304140794,0.7066804478151343,-0.00033195,2.0955878038400533,3.0496499206866825,17.519569256993584,-0.21789562370390278,19.014210678564613,-0.04593960525765017,-12.144053942895649,0.14951036861664863,-90.31505242655578,0.3196625855594684,10.3495717292028,-0.03635708494780777,-0.4694586697582761,-0.00037072,0.4881652292598522,0.00017264,1,1.0
1665,1.4540295116224211,1.7694415373698962,-0.00033195,2.0955878038400533,3.0496499206866825,40.160149701421275,-0.21789562370390278,5.325338881753615,-0.04593960525765017,-71.08119318629153,0.14951036861664863,24.023111987291262,0.3196625855594684,61.44207250238558,-0.03635708494780777,0.2964620570027342,-0.00037072,1.6593541584080786,0.00017264,0,1.0
1666,-0.0701283839877051,0.867032752102684,-0.00033195,2.0955878038400533,3.0496499206866825,-64.63228260071962,-0.21789562370390278,4.1258348448590105,-0.04593960525765017,-37.78911416494844,0.14951036861664863,79.6987302190133,0.3196625855594684,26.412288104035625,-0.03635708494780777,-0.5280758068101473,-0.00037072,0.5342244815442442,0.00017264,1,1.0
1667,1.9391598643486734,2.8461265833130605,-0.00033195,2.0955878038400533,3.0496499206866825,81.17460492503004,-0.21789562370390278,20.255190816109284,-0.04593960525765017,-42.99707607701307,0.14951036861664863,-22.73996531151374,0.3196625855594684,20.119659228609848,-0.03635708494780777,0.7589174137817433,-0.00037072,1.9860838329240407,0.00017264,0,1.0
1668,0.002695843696416622,0.12650448847643783,-0.00033195,2.0955878038400533,3.0496499206866825,83.13326836144887,-0.21789562370390278,7.890537516495591,-0.04593960525765017,-21.627840610062208,0.14951036861664863,26.85495961329532,0.3196625855594684,-35.89975871531668,-0.03635708494780777,0.3602324187615544,-0.00037072,0.8201099057863914,0.00017264,0,1.0
1669,0.6999960870552198,1.3241988821711774,-0.00033195,2.0955878038400533,3.0496499206866825,30.698304008880232,-0.21789562370390278,32.39847167201482,-0.04593960525765017,-89.59284931582188,0.14951036861664863,-70.72866577661661,0.3196625855594684,41.52726146413133,-0.03635708494780777,-0.6576987253202597,-0.00037072,0.7771655804855939,0.00017264,1,1.0
1670,0.6141100739834453,0.2572765712745598,-0.00033195,2.0955878038400533,3.0496499206866825,4.090484765127664,-0.21789562370390278,12.565479140378622,-0.04593960525765017,-49.25428044815956,0.14951036861664863,-44.63108019682209,0.3196625855594684,43.95337647222598,-0.03635708494780777,-0.3069288242001741,-0.00037072,0.3527962737165268,0.00017264,1,1.0
1671,0.24084422380033166,0.1634244257687908,-0.00033195,2.0955878038400533,3.0496499206866825,-3.9416004203938044,-0.21789562370390278,11.610690452957229,-0.04593960525765017,-76.79592584565076,0.14951036861664863,23.964715508658596,0.3196625855594684,44.19829131958395,-0.03635708494780777,-0.11852724627212544,-0.00037072,0.30153644656727785,0.00017264,1,1.0
1672,0.11871303729305949,0.08123693326908885,-0.00033195,2.0955878038400533,3.0496499206866825,74.19528009532864,-0.21789562370390278,13.097474927804933,-0.04593960525765017,-48.29054408542579,0.14951036861664863,17.20511823959278,0.3196625855594684,-13.956577353364121,-0.03635708494780777,0.4635542795670297,-0.00037072,0.5352842667575622,0.00017264,0,1.0
1673,-0.06496735299383727,0.7580207227826053,-0.00033195,2.0955878038400533,3.0496499206866825,98.05244080973713,-0.21789562370390278,17.217014287874385,-0.04593960525765017,-44.70374162734928,0.14951036861664863,85.48498887441309,0.3196625855594684,-56.40146758633359,-0.03635708494780777,0.2773952431638872,-0.00037072,1.6688082893491907,0.00017264,0,1.0
1674,0.21619255188401487,0.03969321071331344,-0.00033195,2.0955878038400533,3.0496499206866825,-20.751916124551244,-0.21789562370390278,6.3457351802390605,-0.04593960525765017,-51.135179523840876,0.14951036861664863,18.389009474235653,0.3196625855594684,39.65839699300454,-0.03635708494780777,-0.1385444158504809,-0.00037072,0.13998990101970485,0.00017264,1,1.0
1675,0.4862558263354223,0.03497037682836131,-0.00033195,2.0955878038400533,3.0496499206866825,-54.222589471089265,-0.21789562370390278,5.159440307744471,-0.04593960525765017,-60.77720049656485,0.14951036861664863,29.498966397306102,0.3196625855594684,66.28152645465309,-0.03635708494780777,-0.08499302832227443,-0.00037072,0.08660395782149147,0.00017264,1,1.0
1676,0.031061511334106617,0.3683371634095777,-0.00033195,2.0955878038400533,3.0496499206866825,64.75768983159153,-0.21789562370390278,17.749136074747568,-0.04593960525765017,-39.81504143054945,0.14951036861664863,-22.301925722526867,0.3196625855594684,-16.651777965312476,-0.03635708494780777,-0.06729530745402917,-0.00037072,0.5083220484373745,0.00017264,1,1.0
1677,0.9389759801126185,2.749688912568554,-0.00033195,2.0955878038400533,3.0496499206866825,59.19192687649068,-0.21789562370390278,-0.8027689678827754,-0.04593960525765017,-91.12759243967919,0.14951036861664863,71.54808223817184,0.3196625855594684,56.148750397028785,-0.03635708494780777,0.005849475041548757,-0.00037072,1.9440798327531956,0.00017264,0,1.0
1678,0.8387714060239587,0.3247679428012449,-0.00033195,2.0955878038400533,3.0496499206866825,99.85657268150777,-0.21789562370390278,22.36982618436996,-0.04593960525765017,-38.59196572861718,0.14951036861664863,-78.80430994332012,0.3196625855594684,-5.227716367234267,-0.03635708494780777,0.3735951410359742,-0.00037072,0.7298282518276251,0.00017264,0,1.0
1679,0.0004907959903679426,0.20006357979944153,-0.00033195,2.0955878038400533,3.0496499206866825,73.87295450080435,-0.21789562370390278,7.386241141762797,-0.04593960525765017,-31.0888726262113,0.14951036861664863,58.614042787069685,0.3196625855594684,-32.2024493787103,-0.03635708494780777,0.3273289886446841,-0.00037072,1.0669497667297636,0.00017264,0,1.0
1680,0.161853700745658,0.009071139909767094,-0.00033195,2.0955878038400533,3.0496499206866825,-37.711350788673535,-0.21789562370390278,-0.1099196819184553,-0.04593960525765017,-28.827126572492187,0.14951036861664863,33.77137825711054,0.3196625855594684,33.630344397774635,-0.03635708494780777,-0.04688419548602176,-0.00037072,0.04704838063721171,0.00017264,1,1.0
1681,1.418250751103306,2.106907777729666,-0.00033195,2.0955878038400533,3.0496499206866825,4.0301505144061975,-0.21789562370390278,-2.647793335293274,-0.04593960525765017,-28.963399890389695,0.14951036861664863,-1.7549137968778579,0.3196625855594684,60.83659559021064,-0.03635708494780777,0.024181832130159342,-0.00037072,1.3568763279063711,0.00017264,0,1.0
1682,0.638100769920087,0.20088605685043773,-0.00033195,2.0955878038400533,3.0496499206866825,52.2648682461781,-0.21789562370390278,18.856212756251725,-0.04593960525765017,-78.2592946740677,0.14951036861664863,-0.37938781502828756,0.3196625855594684,26.548571470339844,-0.03635708494780777,0.4225338856738967,-0.00037072,0.5957453625549698,0.00017264,0,1.0
1683,1.0611256623238627,0.49888755075855984,-0.00033195,2.0955878038400533,3.0496499206866825,-86.10426841362971,-0.21789562370390278,15.281157309959454,-0.04593960525765017,-81.53259016098555,0.14951036861664863,3.906690272311885,0.3196625855594684,98.98770500615836,-0.03635708494780777,-0.39336943457089063,-0.00037072,0.3893879827603965,0.00017264,1,1.0
1684,0.9735197438802706,1.306486736986073,-0.00033195,2.0955878038400533,3.0496499206866825,70.72456486852371,-0.21789562370390278,18.75520268514742,-0.04593960525765017,-80.42246864836403,0.14951036861664863,68.14238191293697,0.3196625855594684,10.475840193610209,-0.03635708494780777,0.6179930863800699,-0.00037072,1.7780758304301312,0.00017264,0,1.0
1685,1.3987696150433546,0.4872721944821603,-0.00033195,2.0955878038400533,3.0496499206866825,-46.83963445386828,-0.21789562370390278,17.578938824802695,-0.04593960525765017,-72.35345575007142,0.14951036861664863,-69.21045126093732,0.3196625855594684,99.66825835857536,-0.03635708494780777,-0.3946526725052354,-0.00037072,0.3948865806845324,0.00017264,1,1.0
1686,0.07159626140265829,0.07179189671692304,-0.00033195,2.0955878038400533,3.0496499206866825,46.010610809457496,-0.21789562370390278,11.77910971266553,-0.04593960525765017,-77.28705530847492,0.14951036861664863,66.82565629983995,0.3196625855594684,8.923687991373503,-0.03635708494780777,0.4133610402820913,-0.00037072,0.6283145716667695,0.00017264,0,1.0
1687,0.06135314750363274,0.19492444039761186,-0.00033195,2.0955878038400533,3.0496499206866825,18.062192841018856,-0.21789562370390278,12.740716294617911,-0.04593960525765017,-60.55083669718784,0.14951036861664863,14.938722739746787,0.3196625855594684,18.298258607776734,-0.03635708494780777,-0.10211941476890207,-0.00037072,0.32919208199160244,0.00017264,1,1.0
1688,1.2116490066299161,0.3530089730828223,-0.00033195,2.0955878038400533,3.0496499206866825,-88.20711793646792,-0.21789562370390278,-0.8232223763261843,-0.04593960525765017,-0.8350674975602583,0.14951036861664863,-32.750416527959736,0.3196625855594684,74.40393827634179,-0.03635708494780777,-0.1441535671995946,-0.00037072,0.1405457539486475,0.00017264,1,1.0
1689,0.9652402562944666,3.4365991617199296,-0.00033195,2.0955878038400533,3.0496499206866825,-87.54229052855669,-0.21789562370390278,30.118087159737886,-0.04593960525765017,-91.92655491525723,0.14951036861664863,-49.92534032924173,0.3196625855594684,94.77695614117712,-0.03635708494780777,-1.327282895752796,-0.00037072,0.685220794965754,0.00017264,1,1.0
1690,0.012725334018111378,0.157307957557097,-0.00033195,2.0955878038400533,3.0496499206866825,51.995427986066986,-0.21789562370390278,9.010638806281918,-0.04593960525765017,-3.388286951976747,0.14951036861664863,-54.06181297133244,0.3196625855594684,-18.417602613170605,-0.03635708494780777,-0.25332544229896287,-0.00037072,0.2704817056013578,0.00017264,1,1.0
1691,0.587945847991457,0.6553627144576797,-0.00033195,2.0955878038400533,3.0496499206866825,61.42348691313634,-0.21789562370390278,2.862648276335506,-0.04593960525765017,-16.30032274895194,0.14951036861664863,5.976301455696447,0.3196625855594684,-3.558940578659143,-0.03635708494780777,0.24278651321294614,-0.00037072,1.0729491194540737,0.00017264,0,1.0
1692,1.8069843689003688,1.6562287564846225,-0.00033195,2.0955878038400533,3.0496499206866825,84.28729863149576,-0.21789562370390278,16.183869415994025,-0.04593960525765017,-64.33424486056235,0.14951036861664863,-78.59444555880413,0.3196625855594684,55.72286019274025,-0.03635708494780777,0.29487998559906203,-0.00037072,1.4774255155627467,0.00017264,0,1.0
1693,-7.187728461846218e-05,0.07044629883949162,-0.00033195,2.0955878038400533,3.0496499206866825,-30.931220473238245,-0.21789562370390278,-0.35840874236397646,-0.04593960525765017,-39.46234986357445,0.14951036861664863,58.4560244218409,0.3196625855594684,29.679236679145138,-0.03635708494780777,-0.02280751152201462,-0.00037072,0.14150053607206067,0.00017264,1,1.0
1694,0.4049587417633491,1.5606346963020379,-0.00033195,2.0955878038400533,3.0496499206866825,74.07180344894009,-0.21789562370390278,35.699978809190156,-0.04593960525765017,-87.84922938733038,0.14951036861664863,-74.17326488804237,0.3196625855594684,11.18908936548397,-0.03635708494780777,-0.6272630266206475,-0.00037072,0.8946802345085824,0.00017264,1,1.0
1695,0.10158274140335546,0.5519301348415369,-0.00033195,2.0955878038400533,3.0496499206866825,89.05288145451496,-0.21789562370390278,3.122653417970215,-0.04593960525765017,-49.76840428031606,0.14951036861664863,58.432007843740685,0.3196625855594684,-12.890050297648076,-0.03635708494780777,0.23364217705186074,-0.00037072,1.2588208247280588,0.00017264,0,1.0
1696,0.002863791679749317,0.241765520498843,-0.00033195,2.0955878038400533,3.0496499206866825,-25.497203161490027,-0.21789562370390278,0.5703409442370941,-0.04593960525765017,-18.0029748798316,0.14951036861664863,48.7410961986475,0.3196625855594684,10.837324106179707,-0.03635708494780777,-0.1524166997888077,-0.00037072,0.3631036131655391,0.00017264,1,1.0
1697,1.1198740249719101,2.1175109645861934,-0.00033195,2.0955878038400533,3.0496499206866825,-66.87143351208728,-0.21789562370390278,-13.001939027213165,-0.04593960525765017,-26.980755079407658,0.14951036861664863,46.0997885570439,0.3196625855594684,85.20309281514913,-0.03635708494780777,-0.31329116125045575,-0.00037072,1.0568258427910595,0.00017264,1,1.0
1698,1.8281277893695276,2.4527231089295563,-0.00033195,2.0955878038400533,3.0496499206866825,36.6516661466232,-0.21789562370390278,6.340112538003893,-0.04593960525765017,-83.13370975329954,0.14951036861664863,13.977200855865242,0.3196625855594684,82.58426408167168,-0.03635708494780777,0.2942529248989256,-0.00037072,1.8568050861577006,0.00017264,0,1.0
1699,0.6710340448962516,2.2410364687359903,-0.00033195,2.0955878038400533,3.0496499206866825,-37.76080165372318,-0.21789562370390278,18.99666346723513,-0.04593960525765017,-5.245385215391275,0.14951036861664863,-71.26994461319939,0.3196625855594684,21.434738751207675,-0.03635708494780777,-0.9264846969605235,-0.00037072,0.6313254293975564,0.00017264,1,1.0
1700,1.4436929897893143,0.9998773914253278,-0.00033195,2.0214205979719013,3.067752800365439,87.0226883155961,-0.21789562370390278,24.344359778876115,-0.04593960525765017,-74.73227295241718,0.14951036861664863,-97.67219064598848,0.3196625855594684,45.45022887892011,-0.03635708494780777,0.14563751908272538,-0.00037072,1.1738493705519937,0.00017264,0,1.0
1701,0.8429926768244336,0.20390259661610577,-0.00033195,2.0214205979719013,3.067752800365439,-27.042857051992115,-0.21789562370390278,11.628397563297048,-0.04593960525765017,-48.08960983054644,0.14951036861664863,-43.70926255294416,0.3196625855594684,62.137122549879216,-0.03635708494780777,-0.27334434071213404,-0.00037072,0.27295668410464596,0.00017264,1,1.0
1702,0.8575594910438793,0.11230893013468565,-0.00033195,2.0214205979719013,3.067752800365439,-69.92170451838612,-0.21789562370390278,7.109348132819283,-0.04593960525765017,-61.017728357405865,0.14951036861664863,7.547579175427712,0.3196625855594684,84.04404989578188,-0.03635708494780777,-0.12169982515918618,-0.00037072,0.12098127335798223,0.00017264,1,1.0
1703,1.1317721578287743,0.8902596243504909,-0.00033195,2.0214205979719013,3.067752800365439,-11.950939830999328,-0.21789562370390278,27.54154042694051,-0.04593960525765017,-89.6178437115988,0.14951036861664863,-80.65587755085366,0.3196625855594684,80.21946532647648,-0.03635708494780777,-0.6153529465813953,-0.00037072,0.6303235743846224,0.00017264,1,1.0
1704,0.2712752564790823,0.18789255392212917,-0.00033195,2.0214205979719013,3.067752800365439,-24.09232978280345,-0.21789562370390278,5.95322578075825,-0.04593960525765017,-14.854631105355802,0.14951036861664863,-1.1770771601908283,0.3196625855594684,18.63341403791331,-0.03635708494780777,-0.2460344896809564,-0.00037072,0.24994241826737815,0.00017264,1,1.0
1705,0.001426175960710263,0.09991150163800763,-0.00033195,2.0214205979719013,3.067752800365439,85.69780851604403,-0.21789562370390278,12.284703242092245,-0.04593960525765017,-40.515644516503684,0.14951036861664863,29.698437142461316,0.3196625855594684,-29.507984017693875,-0.03635708494780777,0.4808260304375029,-0.00037072,0.7284732411572226,0.00017264,0,1.0
1706,0.426240007667827,0.43527889053525026,-0.00033195,2.0214205979719013,3.067752800365439,45.58694906061367,-0.21789562370390278,22.12576675933106,-0.04593960525765017,-63.387536908836275,0.14951036861664863,-25.514181716322668,0.3196625855594684,13.582859192596494,-0.03635708494780777,-0.027279841370925595,-0.00037072,0.6144572993022595,0.00017264,1,1.0
1707,1.3002323894354777,0.5085851735904366,-0.00033195,2.0214205979719013,3.067752800365439,81.92522931118377,-0.21789562370390278,31.186210168073895,-0.04593960525765017,-92.41645739916025,0.14951036861664863,-74.98595755010844,0.3196625855594684,41.26061497379723,-0.03635708494780777,0.32949185874683024,-0.00037072,1.0109774435703718,0.00017264,0,1.0
1708,0.46052330575883377,0.44515966773076593,-0.00033195,2.0214205979719013,3.067752800365439,-0.23561440328396097,-0.21789562370390278,4.375917331204694,-0.04593960525765017,-78.74561119618573,0.14951036861664863,83.51781109196195,0.3196625855594684,45.528935255498666,-0.03635708494780777,0.2341221702678134,-0.00037072,0.8383800703272875,0.00017264,0,1.0
1709,0.009245896011895516,3.5792744433832095,-0.00033195,2.0214205979719013,3.067752800365439,-74.05362513367564,-0.21789562370390278,22.341809985394654,-0.04593960525765017,-81.06845257031745,0.14951036861664863,89.48402518417203,0.3196625855594684,35.423133744250975,-0.03635708494780777,-1.118237105243651,-0.00037072,1.1232475489214926,0.00017264,1,1.0
1710,-0.004302298647516939,0.7723225301367886,-0.00033195,2.0214205979719013,3.067752800365439,8.075037473317657,-0.21789562370390278,2.154625430694108,-0.04593960525765017,-20.91272444835225,0.14951036861664863,86.39436953815766,0.3196625855594684,-12.763614619352618,-0.03635708494780777,-0.04493490260606947,-0.00037072,1.024475591596225,0.00017264,1,1.0
1711,0.25519478204412627,0.1904165264046492,-0.00033195,2.0214205979719013,3.067752800365439,18.83927879199729,-0.21789562370390278,11.378418885814884,-0.04593960525765017,-46.50688439340671,0.14951036861664863,-15.274789270698742,0.3196625855594684,21.538245687123272,-0.03635708494780777,-0.14270511025541077,-0.00037072,0.3308105590677076,0.00017264,1,1.0
1712,0.3211779140438349,0.03617267911151985,-0.00033195,2.0214205979719013,3.067752800365439,-27.467912597977854,-0.21789562370390278,6.000957706350797,-0.04593960525765017,-41.66337579800233,0.14951036861664863,9.936892937930745,0.3196625855594684,39.90111368127212,-0.03635708494780777,-0.12098172951670942,-0.00037072,0.12005615555036779,0.00017264,1,1.0
1713,0.3814468228257639,2.0321058749640475,-0.00033195,2.0214205979719013,3.067752800365439,65.1442217628979,-0.21789562370390278,38.979045406992824,-0.04593960525765017,-87.76650095850496,0.14951036861664863,-63.4114664658572,0.3196625855594684,6.842637226529372,-0.03635708494780777,-0.6420936921068923,-0.00037072,1.018983713140106,0.00017264,1,1.0
1714,0.6686848287957028,0.09306866758266176,-0.00033195,2.0214205979719013,3.067752800365439,-41.779229226881256,-0.21789562370390278,1.076689779711321,-0.04593960525765017,-3.455942059205563,0.14951036861664863,-23.553980814689933,0.3196625855594684,39.7195590830714,-0.03635708494780777,-0.05662358258340015,-0.00037072,0.058590945754303486,0.00017264,1,1.0
1715,0.004744704740542227,0.07082714414457833,-0.00033195,2.0214205979719013,3.067752800365439,91.2749424116581,-0.21789562370390278,16.22051575386423,-0.04593960525765017,-90.411047676456,0.14951036861664863,45.02376655897864,0.3196625855594684,-1.6809377902196023,-0.03635708494780777,0.36663052187309214,-0.00037072,0.8486582492800645,0.00017264,0,1.0
1716,1.3993906549834352,2.516237275454511,-0.00033195,2.0214205979719013,3.067752800365439,46.506848095393224,-0.21789562370390278,-1.188346274697094,-0.04593960525765017,-58.48175896883514,0.14951036861664863,63.48551501445779,0.3196625855594684,46.74350018774597,-0.03635708494780777,0.2764098242681642,-0.00037072,2.1846048815565213,0.00017264,0,1.0
1717,1.905541531060686,2.1334400092502372,-0.00033195,2.0214205979719013,3.067752800365439,15.870381596846066,-0.21789562370390278,32.7446172733179,-0.04593960525765017,-91.05164883304961,0.14951036861664863,-7.547195490467964,0.3196625855594684,60.46251595721266,-0.03635708494780777,0.4087211447372221,-0.00037072,1.664276380215676,0.00017264,0,1.0
1718,0.796921192321493,0.3868232035236695,-0.00033195,2.0214205979719013,3.067752800365439,-53.61180621608216,-0.21789562370390278,17.32442913390865,-0.04593960525765017,-84.33064448020154,0.14951036861664863,-0.5471768980608693,0.3196625855594684,80.37772072605793,-0.03635708494780777,-0.37988743834425615,-0.00037072,0.386257746638288,0.00017264,1,1.0
1719,0.8208617249815138,2.086904477863828,-0.00033195,2.0214205979719013,3.067752800365439,54.68701221278084,-0.21789562370390278,-6.722480783298548,-0.04593960525765017,-16.488935662099617,0.14951036861664863,78.3219164368001,0.3196625855594684,0.9679943197367189,-0.03635708494780777,0.17154280104317177,-0.00037072,2.078809566832438,0.00017264,0,1.0
1720,0.7991334712905777,0.4739353030471868,-0.00033195,2.0214205979719013,3.067752800365439,78.11773342547197,-0.21789562370390278,9.630915763923845,-0.04593960525765017,-8.70917905694698,0.14951036861664863,-53.534818518615396,0.3196625855594684,-7.2093685413094315,-0.03635708494780777,0.3456374309322284,-0.00037072,0.8644487434290593,0.00017264,0,1.0
1721,0.8831577525396717,1.2668183733951757,-0.00033195,2.0214205979719013,3.067752800365439,-34.781281118529854,-0.21789562370390278,-3.7614811731842708,-0.04593960525765017,-59.54429815273197,0.14951036861664863,78.55572782672665,0.3196625855594684,68.38511729861088,-0.03635708494780777,0.02773537099372636,-0.00037072,1.0885213027704363,0.00017264,0,1.0
1722,0.017297477717957754,2.0072567073104173,-0.00033195,2.0214205979719013,3.067752800365439,35.05013447210936,-0.21789562370390278,33.05197044804126,-0.04593960525765017,-89.1825526509443,0.14951036861664863,-7.36691404312241,0.3196625855594684,6.438788358338233,-0.03635708494780777,-0.7107309561969416,-0.00037072,0.9115911288489437,0.00017264,1,1.0
1723,1.3701069278744948,1.8727712282573827,-0.00033195,2.0214205979719013,3.067752800365439,84.7974590858321,-0.21789562370390278,3.8522192311175854,-0.04593960525765017,-25.756299999852992,0.14951036861664863,-23.73470598735765,0.3196625855594684,18.92417476002992,-0.03635708494780777,0.29038890455552757,-0.00037072,1.8093606043870252,0.00017264,0,1.0
1724,-0.5672812667717633,2.244732850050984,-0.00033195,2.0214205979719013,3.067752800365439,-5.179575171840454,-0.21789562370390278,4.029275403964092,-0.04593960525765017,-6.007315695484921,0.14951036861664863,76.03609060558252,0.3196625855594684,-33.06936457351557,-0.03635708494780777,-0.5156025816912702,-0.00037072,0.7068958962959928,0.00017264,1,1.0
1725,0.7000482382726366,0.661038849338495,-0.00033195,2.0214205979719013,3.067752800365439,-100.0,-0.21789562370390278,-13.481024315734428,-0.04593960525765017,-24.425743905245398,0.14951036861664863,54.58533669957235,0.3196625855594684,84.06769685973099,-0.03635708494780777,-0.39505880245665986,-0.00037072,0.3925289475515585,0.00017264,1,1.0
1726,0.3376006809989073,0.14846275551501634,-0.00033195,2.0214205979719013,3.067752800365439,84.07802762747743,-0.21789562370390278,15.109217883387297,-0.04593960525765017,-24.91139433736518,0.14951036861664863,-31.951048008657736,0.3196625855594684,-21.967564766501095,-0.03635708494780777,0.44735084631321664,-0.00037072,0.5332664034708597,0.00017264,0,1.0
1727,1.007595655863821,0.15810391557193595,-0.00033195,2.0214205979719013,3.067752800365439,-89.85225834296565,-0.21789562370390278,3.1418534784219414,-0.04593960525765017,-55.728202785089096,0.14951036861664863,13.722153650406792,0.3196625855594684,96.14637877371815,-0.03635708494780777,-0.02470923029962884,-0.00037072,0.0238587000091725,0.00017264,1,1.0
1728,-0.07058949060471043,0.9132230505932319,-0.00033195,2.0214205979719013,3.067752800365439,-8.609239020143502,-0.21789562370390278,4.9003856739641485,-0.04593960525765017,-39.96522700167092,0.14951036861664863,98.739741899723,0.3196625855594684,0.07643585171798789,-0.03635708494780777,-0.1284816231184277,-0.00037072,0.913417502772316,0.00017264,1,1.0
1729,0.999367306655464,0.1697887593276963,-0.00033195,2.0214205979719013,3.067752800365439,-58.15906721056337,-0.21789562370390278,2.9711643279327946,-0.04593960525765017,-15.142528768862807,0.14951036861664863,-36.12276683172403,0.3196625855594684,63.75067963949302,-0.03635708494780777,-0.03648807869659005,-0.00037072,0.03619882219911797,0.00017264,1,1.0
1730,0.777647584241558,0.23978452787716573,-0.00033195,2.0214205979719013,3.067752800365439,63.85899885557074,-0.21789562370390278,23.051889791249003,-0.04593960525765017,-83.89407737812117,0.14951036861664863,-21.04652721240078,0.3196625855594684,28.425068863823004,-0.03635708494780777,0.37058993992812234,-0.00037072,0.7583241557424492,0.00017264,0,1.0
1731,0.013132062277372514,0.2572508545199971,-0.00033195,2.0214205979719013,3.067752800365439,60.51344600679271,-0.21789562370390278,12.805809361729466,-0.04593960525765017,-37.745340414511126,0.14951036861664863,40.70575712771549,0.3196625855594684,-25.136790013370124,-0.03635708494780777,0.26752809922198484,-0.00037072,0.8209482381905153,0.00017264,0,1.0
1732,0.2119061114277656,0.10566866987507788,-0.00033195,2.0214205979719013,3.067752800365439,99.99094702456775,-0.21789562370390278,17.472576677704655,-0.04593960525765017,-29.921935928851735,0.14951036861664863,-31.13430021709509,0.3196625855594684,-31.330285712307923,-0.03635708494780777,0.4267292523674544,-0.00037072,0.599550151799523,0.00017264,0,1.0
1733,0.5184663553055145,0.12304686333985804,-0.00033195,2.0214205979719013,3.067752800365439,-14.652071851912781,-0.21789562370390278,9.143806403517013,-0.04593960525765017,-44.29990264616388,0.14951036861664863,-23.217326613570513,0.3196625855594684,45.134194158568015,-0.03635708494780777,-0.2308172219425588,-0.00037072,0.2346050947679462,0.00017264,1,1.0
1734,-0.0002711603652294503,0.5614063316370226,-0.00033195,2.0214205979719013,3.067752800365439,89.93073229346257,-0.21789562370390278,8.36899966920296,-0.04593960525765017,-3.3750392553469797,0.14951036861664863,58.53151981907206,0.3196625855594684,-62.60038078726378,-0.03635708494780777,0.2591842620214011,-0.00037072,1.4886374427546751,0.00017264,0,1.0
1735,0.0035558987797456587,0.11951596713021612,-0.00033195,2.0214205979719013,3.067752800365439,34.28021599154472,-0.21789562370390278,7.140031082200629,-0.04593960525765017,-19.78648597438402,0.14951036861664863,-7.165024042228025,0.3196625855594684,-7.441031735939276,-0.03635708494780777,0.04289003705856176,-0.00037072,0.23174853948103352,0.00017264,0,1.0
1736,0.006352448130256372,0.04887596977099573,-0.00033195,2.0214205979719013,3.067752800365439,86.64300031080299,-0.21789562370390278,15.908018422896474,-0.04593960525765017,-49.93155215809705,0.14951036861664863,11.799968864468742,0.3196625855594684,-23.33818051349123,-0.03635708494780777,0.4598304549635552,-0.00037072,0.5492996714883989,0.00017264,0,1.0
1737,0.28438231185763674,0.31692201528487207,-0.00033195,2.0214205979719013,3.067752800365439,-87.5630533558944,-0.21789562370390278,-11.43621839267522,-0.04593960525765017,-27.622020128913103,0.14951036861664863,82.53159914850221,0.3196625855594684,61.176508248437216,-0.03635708494780777,-0.3170265253245873,-0.00037072,0.3150424674758975,0.00017264,1,1.0
1738,0.9854907970221048,0.498946530894968,-0.00033195,2.0214205979719013,3.067752800365439,30.600251256492047,-0.21789562370390278,9.61113554920705,-0.04593960525765017,-9.431888112524197,0.14951036861664863,-83.52134002774869,0.3196625855594684,24.793353207332753,-0.03635708494780777,0.040885900015743715,-0.00037072,0.49956691666561076,0.00017264,0,1.0
1739,0.028034592311998674,0.6872621844967588,-0.00033195,2.0214205979719013,3.067752800365439,75.60251122550862,-0.21789562370390278,27.836748236301574,-0.04593960525765017,-80.10391561368681,0.14951036861664863,11.25623499485297,0.3196625855594684,-13.333979156429931,-0.03635708494780777,-0.006198542901405091,-0.00037072,0.8760975831773918,0.00017264,1,1.0
1740,0.5225433963284748,0.127933337239308,-0.00033195,2.0214205979719013,3.067752800365439,-43.386220565136085,-0.21789562370390278,11.774121633123263,-0.04593960525765017,-79.09682528343569,0.14951036861664863,18.745814227080274,0.3196625855594684,69.59499094601827,-0.03635708494780777,-0.23998846873477644,-0.00037072,0.24187053021538588,0.00017264,1,1.0
1741,1.7905296272622495,4.636968439107924,-0.00033195,2.0214205979719013,3.067752800365439,14.55670884889918,-0.21789562370390278,-11.333721785177936,-0.04593960525765017,-5.9612530910232,0.14951036861664863,-18.16102819987973,0.3196625855594684,64.35859215677749,-0.03635708494780777,-0.1980369052278248,-0.00037072,1.9846012491577643,0.00017264,1,1.0
1742,0.1691701230677003,0.1744148174379685,-0.00033195,2.0214205979719013,3.067752800365439,59.540874238085074,-0.21789562370390278,11.085651627650467,-0.04593960525765017,-22.315397290764526,0.14951036861664863,-24.576089790332826,0.3196625855594684,-13.518046026701946,-0.03635708494780777,0.17901207176665362,-0.00037072,0.39350310108450764,0.00017264,0,1.0
1743,0.24193586842216652,1.033563508878199,-0.00033195,2.0214205979719013,3.067752800365439,-5.400357358681983,-0.21789562370390278,14.27800437000072,-0.04593960525765017,-3.657412092776456,0.14951036861664863,-32.299384355927266,0.3196625855594684,-4.0743594461954125,-0.03635708494780777,-0.576843316119618,-0.00037072,0.5581682807420165,0.00017264,1,1.0
1744,0.7429269359134606,1.3752020382727244,-0.00033195,2.0214205979719013,3.067752800365439,50.18984282868892,-0.21789562370390278,17.322265570853666,-0.04593960525765017,-36.64084661351261,0.14951036861664863,54.743762881886475,0.3196625855594684,-15.909850802897797,-0.03635708494780777,0.232207489463786,-0.00037072,1.7712741970040244,0.00017264,0,1.0
1745,0.6807074477237262,0.1920183047292196,-0.00033195,2.0214205979719013,3.067752800365439,-13.538469830057531,-0.21789562370390278,11.423700633307465,-0.04593960525765017,-44.899879941365654,0.14951036861664863,-42.288379401116785,0.3196625855594684,50.281554022395966,-0.03635708494780777,-0.2866761014394147,-0.00037072,0.2881019998917945,0.00017264,1,1.0
1746,0.7944329933192775,0.696180217502042,-0.00033195,2.0214205979719013,3.067752800365439,23.417311611662402,-0.21789562370390278,5.474995035439555,-0.04593960525765017,-68.25150896602044,0.14951036861664863,55.05976395136573,0.3196625855594684,41.064240526939265,-0.03635708494780777,0.30920237218867586,-0.00037072,1.1451279065206197,0.00017264,0,1.0
1747,0.003270749594077915,0.18023311876142437,-0.00033195,2.0214205979719013,3.067752800365439,-7.918702583149348,-0.21789562370390278,10.721783956440206,-0.04593960525765017,-73.52763573843606,0.14951036861664863,58.83255191630899,0.3196625855594684,29.781598014463174,-0.03635708494780777,-0.02522644156193471,-0.00037072,0.32204406965906246,0.00017264,1,1.0
1748,0.9858849349161019,1.3597547821847331,-0.00033195,2.0214205979719013,3.067752800365439,-55.68984241720394,-0.21789562370390278,13.970764671567911,-0.04593960525765017,-2.4830961285299633,0.14951036861664863,-86.14799780668133,0.3196625855594684,47.35492267996637,-0.03635708494780777,-0.7163181491695527,-0.00037072,0.35260728342796877,0.00017264,1,1.0
1749,1.280810100039952,0.8895802495039822,-0.00033195,2.0214205979719013,3.067752800365439,62.640069335889635,-0.21789562370390278,30.857877596776152,-0.04593960525765017,-55.451662464818426,0.14951036861664863,-74.49821820075239,0.3196625855594684,18.95359125577881,-0.03635708494780777,0.2929584993609648,-0.00037072,1.0196821398454279,0.00017264,0,1.0
1750,0.5303692672800524,0.4600400209245582,-0.00033195,2.0214205979719013,3.067752800365439,65.81606167375215,-0.21789562370390278,27.192697593400187,-0.04593960525765017,-80.2466874061766,0.14951036861664863,-29.701136278261533,0.3196625855594684,14.3787858026948,-0.03635708494780777,0.07227334087868453,-0.00037072,0.7716568307557089,0.00017264,0,1.0
1751,-0.013285608674447502,0.5369620156868097,-0.00033195,2.0214205979719013,3.067752800365439,-39.36176845373438,-0.21789562370390278,6.955490169709435,-0.04593960525765017,-55.69000355598474,0.14951036861664863,82.1476342588041,0.3196625855594684,27.55134934098774,-0.03635708494780777,-0.27831211549478907,-0.00037072,0.5294787214549473,0.00017264,1,1.0
1752,1.4757708629965984,1.9781861829653051,-0.00033195,2.0214205979719013,3.067752800365439,-78.98576861098842,-0.21789562370390278,27.264014970633834,-0.04593960525765017,-69.0895904028209,0.14951036861664863,-72.51566758992563,0.3196625855594684,96.83832363993717,-0.03635708494780777,-0.8367556634573834,-0.00037072,0.6915430074969433,0.00017264,1,1.0
1753,1.315712219773148,0.6128407723917877,-0.00033195,2.0214205979719013,3.067752800365439,-84.90986018653521,-0.21789562370390278,15.964663866839324,-0.04593960525765017,-65.45255777015198,0.14951036861664863,-30.601584813451364,0.3196625855594684,99.96395685335719,-0.03635708494780777,-0.4021667464825821,-0.00037072,0.38388211337222533,0.00017264,1,1.0
1754,0.6292170658068285,1.151859254411813,-0.00033195,2.0214205979719013,3.067752800365439,-65.67147411935022,-0.21789562370390278,14.804950493110114,-0.04593960525765017,-46.505287018119766,0.14951036861664863,-0.24726873875129093,0.3196625855594684,54.640593032437216,-0.03635708494780777,-0.6429067704112758,-0.00037072,0.5148520298999325,0.00017264,1,1.0
1755,0.7341785099290924,0.07718328680563491,-0.00033195,2.0214205979719013,3.067752800365439,-58.88026249063905,-0.21789562370390278,4.3573378166353,-0.04593960525765017,-44.933772229472446,0.14951036861664863,3.713368399867865,0.3196625855594684,69.19282925863789,-0.03635708494780777,-0.06264775351485628,-0.00037072,0.06293644856734658,0.00017264,1,1.0
1756,0.0014242937296709002,0.12122646716939779,-0.00033195,2.0214205979719013,3.067752800365439,26.373168262875186,-0.21789562370390278,7.708680751326112,-0.04593960525765017,-33.11997711322566,0.14951036861664863,7.314556614579034,0.3196625855594684,1.7431566677301156,-0.03635708494780777,0.04240437725671985,-0.00037072,0.23876862192458165,0.00017264,0,1.0
1757,0.9522771128341454,0.41666330023597953,-0.00033195,2.0214205979719013,3.067752800365439,9.999279965040413,-0.21789562370390278,20.75488434025873,-0.04593960525765017,-92.91684660809446,0.14951036861664863,-18.02375143118335,0.3196625855594684,64.43951980484786,-0.03635708494780777,0.08312181191513068,-0.00037072,0.5971322985672096,0.00017264,0,1.0
1758,0.5807774838809516,0.18203610635307976,-0.00033195,2.0214205979719013,3.067752800365439,57.738255681890514,-0.21789562370390278,19.55627372725168,-0.04593960525765017,-69.93252943432704,0.14951036861664863,-7.347602913721395,0.3196625855594684,17.04705429327141,-0.03635708494780777,0.41210979016863003,-0.00037072,0.6244703805386919,0.00017264,0,1.0
1759,0.11451492222425674,0.04195996104922967,-0.00033195,2.0214205979719013,3.067752800365439,81.26239302950631,-0.21789562370390278,20.438209402051392,-0.04593960525765017,-89.15965004210211,0.14951036861664863,28.012578643607984,0.3196625855594684,1.4770860971701956,-0.03635708494780777,0.3929897573436687,-0.00037072,0.6932220625718528,0.00017264,0,1.0
1760,0.14548609057279427,0.05648584053850342,-0.00033195,2.0214205979719013,3.067752800365439,-41.15824713801503,-0.21789562370390278,8.100241397004579,-0.04593960525765017,-87.30666575967781,0.14951036861664863,60.80667903921069,0.3196625855594684,61.42680945710717,-0.03635708494780777,-0.16160478009523144,-0.00037072,0.16146825865164766,0.00017264,1,1.0
1761,0.7724690036866889,0.40116845243059723,-0.00033195,2.0214205979719013,3.067752800365439,47.83813306506853,-0.21789562370390278,10.033583736149557,-0.04593960525765017,-35.04676523314106,0.14951036861664863,-17.214832151436546,0.3196625855594684,15.433274896134794,-0.03635708494780777,0.36453841534261167,-0.00037072,0.7498725933173793,0.00017264,0,1.0
1762,0.2793884659522757,0.6550145734606444,-0.00033195,2.0214205979719013,3.067752800365439,27.03270184436049,-0.21789562370390278,10.047595844460934,-0.04593960525765017,-72.6666427436289,0.14951036861664863,-7.884929353558206,0.3196625855594684,40.278308693284515,-0.03635708494780777,-0.37097926616039123,-0.00037072,0.6002041430188487,0.00017264,1,1.0
1763,-0.32361589923703193,1.3068651127315407,-0.00033195,2.0214205979719013,3.067752800365439,-24.20813338897328,-0.21789562370390278,-0.29643341034256754,-0.04593960525765017,-8.210379145979756,0.14951036861664863,77.63271362218428,0.3196625855594684,-11.25379451196904,-0.03635708494780777,-0.3847279278241399,-0.00037072,0.591846290128161,0.00017264,1,1.0
1764,0.32404901646373974,0.3672566336784316,-0.00033195,2.0214205979719013,3.067752800365439,-74.31351169503694,-0.21789562370390278,-11.814233176053255,-0.04593960525765017,-18.383860309680333,0.14951036861664863,61.949479016772614,0.3196625855594684,55.35290503852061,-0.03635708494780777,-0.32158181004206643,-0.00037072,0.32396031178150286,0.00017264,1,1.0
1765,-0.8880185163884746,3.7738089409027866,-0.00033195,2.0214205979719013,3.067752800365439,-30.912399611659545,-0.21789562370390278,4.2193925590471,-0.04593960525765017,-15.997028903488262,0.14951036861664863,81.58584194825308,0.3196625855594684,-23.923930534221316,-0.03635708494780777,-0.8670893348532472,-0.00037072,0.4237259801501808,0.00017264,1,1.0
1766,0.7627496561222282,1.586587390297455,-0.00033195,2.0214205979719013,3.067752800365439,68.91650929282727,-0.21789562370390278,-0.14803176933719528,-0.04593960525765017,-10.04298908956906,0.14951036861664863,-40.61886051258559,0.3196625855594684,9.343977515636839,-0.03635708494780777,-0.11659708457931017,-0.00037072,1.2128086515474248,0.00017264,1,1.0
1767,0.7118100215433563,0.11415504911763592,-0.00033195,2.0214205979719013,3.067752800365439,-88.14132645930435,-0.21789562370390278,-0.08328759259946435,-0.04593960525765017,-49.98550338007967,0.14951036861664863,41.47231020217504,0.3196625855594684,81.81498266599533,-0.03635708494780777,-0.10134845110684573,-0.00037072,0.10296940866026635,0.00017264,1,1.0
1768,0.8256961443662267,0.8858063681094597,-0.00033195,2.0214205979719013,3.067752800365439,88.76545422263588,-0.21789562370390278,9.45788641609037,-0.04593960525765017,-64.09148142355713,0.14951036861664863,8.216559750079885,0.3196625855594684,18.037701651868623,-0.03635708494780777,0.3051262205109967,-0.00037072,1.4465089342715274,0.00017264,0,1.0
1769,0.6340216504949181,0.06675242175634782,-0.00033195,2.0214205979719013,3.067752800365439,-29.890456821150824,-0.21789562370390278,4.08613100589623,-0.04593960525765017,-17.44642683666899,0.14951036861664863,-28.025121672295978,0.3196625855594684,41.734668034864605,-0.03635708494780777,-0.08025751148958406,-0.00037072,0.08091149765102114,0.00017264,1,1.0
1770,0.16321700361452607,0.15013371450606328,-0.00033195,2.0214205979719013,3.067752800365439,13.760059986909308,-0.21789562370390278,9.816820116920695,-0.04593960525765017,-67.41337639746132,0.14951036861664863,39.872526292073665,0.3196625855594684,26.363159104079642,-0.03635708494780777,0.20175469936802573,-0.00037072,0.32245152889988554,0.00017264,0,1.0
1771,1.3340923299587835,0.306998103727992,-0.00033195,2.0214205979719013,3.067752800365439,-50.79260703452633,-0.21789562370390278,8.043998670361612,-0.04593960525765017,-19.273302677928694,0.14951036861664863,-78.79326558550432,0.3196625855594684,74.9571379044952,-0.03635708494780777,-0.16693496427776025,-0.00037072,0.16832802678116757,0.00017264,1,1.0
1772,-0.9624842572762142,5.774933458218283,-0.00033195,2.0214205979719013,3.067752800365439,58.04821301545535,-0.21789562370390278,26.569234886989612,-0.04593960525765017,-27.155689248355642,0.14951036861664863,26.02866952283065,0.3196625855594684,-74.30761264653086,-0.03635708494780777,-1.0520246976722127,-0.00037072,1.0744131709152365,0.00017264,1,1.0
1773,0.47873513644055826,0.11639887335287649,-0.00033195,2.0214205979719013,3.067752800365439,-38.41415976719193,-0.21789562370390278,10.311781893702664,-0.04593960525765017,-80.71360795585414,0.14951036861664863,20.539058067299127,0.3196625855594684,69.80910210979366,-0.03635708494780777,-0.23104517078849174,-0.00037072,0.23450064553371852,0.00017264,1,1.0
1774,1.3069539586046233,0.5547593166301494,-0.00033195,2.0214205979719013,3.067752800365439,29.822189816885473,-0.21789562370390278,24.418246399444424,-0.04593960525765017,-90.31587665533615,0.14951036861664863,-47.895362090367115,0.3196625855594684,64.57310088147284,-0.03635708494780777,0.25408834008479875,-0.00037072,0.7570407368467055,0.00017264,0,1.0
1775,0.7790573537939662,0.3104566194634601,-0.00033195,2.0214205979719013,3.067752800365439,5.951143126566063,-0.21789562370390278,18.60084405172139,-0.04593960525765017,-98.32679006570712,0.14951036861664863,10.59497855657983,0.3196625855594684,62.35892290290057,-0.03635708494780777,0.17081368828440124,-0.00037072,0.5436565283363622,0.00017264,0,1.0
1776,0.47702906579079274,0.27337030183626515,-0.00033195,2.0214205979719013,3.067752800365439,-12.781752322347565,-0.21789562370390278,16.266681725664405,-0.04593960525765017,-93.50058933926186,0.14951036861664863,13.118128111481804,0.3196625855594684,62.048023784812315,-0.03635708494780777,-0.2061219055591253,-0.00037072,0.40473194496957504,0.00017264,1,1.0
1777,-0.08470440692053183,5.2024964840279075,-0.00033195,2.0214205979719013,3.067752800365439,37.045912925970924,-0.21789562370390278,40.42191665822682,-0.04593960525765017,-60.7762014922802,0.14951036861664863,-39.84789115603592,0.3196625855594684,-23.31030395985463,-0.03635708494780777,-1.279458173253198,-0.00037072,1.2606255365134587,0.00017264,1,1.0
1778,-0.5854755014036177,2.5930928728804776,-0.00033195,2.0214205979719013,3.067752800365439,44.595001748535076,-0.21789562370390278,18.22035828327187,-0.04593960525765017,-48.26289107720596,0.14951036861664863,70.07707793193019,0.3196625855594684,-40.892085166795,-0.03635708494780777,-0.35335366460813633,-0.00037072,0.935711022280612,0.00017264,1,1.0
1779,1.518731084295406,0.8565702853604431,-0.00033195,2.0214205979719013,3.067752800365439,16.21271443309408,-0.21789562370390278,17.667357632930013,-0.04593960525765017,-98.74551003308711,0.14951036861664863,-19.077708908939375,0.3196625855594684,85.29616783994314,-0.03635708494780777,0.33991329625143496,-0.00037072,0.9606313031967072,0.00017264,0,1.0
1780,0.8894136289512125,0.6074868862048652,-0.00033195,2.0214205979719013,3.067752800365439,19.282869656371304,-0.21789562370390278,10.389519660801874,-0.04593960525765017,-98.13910552617708,0.14951036861664863,49.80327613860706,0.3196625855594684,62.538262799992516,-0.03635708494780777,0.3246543061299641,-0.00037072,1.017413138295881,0.00017264,0,1.0
1781,1.329430576759688,0.9814441786521894,-0.00033195,2.0214205979719013,3.067752800365439,-52.55079256610768,-0.21789562370390278,13.14584124584335,-0.04593960525765017,-92.77545581240422,0.14951036861664863,63.94454686800007,0.3196625855594684,89.07813482508323,-0.03635708494780777,0.23952541182366566,-0.00037072,1.0136499932897058,0.00017264,0,1.0
1782,0.9208159820897719,0.41892273455625645,-0.00033195,2.0214205979719013,3.067752800365439,87.08376563466543,-0.21789562370390278,25.65474750631564,-0.04593960525765017,-64.87236793829794,0.14951036861664863,-49.67347007737977,0.3196625855594684,10.317100967479856,-0.03635708494780777,0.5330952282614632,-0.00037072,0.823409493387167,0.00017264,0,1.0
1783,0.0014162850289174411,0.13569427163047143,-0.00033195,2.0214205979719013,3.067752800365439,32.86395382464288,-0.21789562370390278,7.829666297351707,-0.04593960525765017,-41.744264322957136,0.14951036861664863,30.009399224141493,0.3196625855594684,-0.06652588264994856,-0.03635708494780777,0.27266860311464036,-0.00037072,0.29324322648142653,0.00017264,0,1.0
1784,-0.0007448955229127918,0.809986625340679,-0.00033195,2.0214205979719013,3.067752800365439,3.3732344432269383,-0.21789562370390278,17.09613837812599,-0.04593960525765017,-67.12168224947186,0.14951036861664863,55.27705181614017,0.3196625855594684,10.434299019028263,-0.03635708494780777,-0.23721219943896604,-0.00037072,0.723053136828119,0.00017264,1,1.0
1785,0.5298596362766339,1.2886970464078347,-0.00033195,2.0214205979719013,3.067752800365439,31.732405955788007,-0.21789562370390278,28.996402851178186,-0.04593960525765017,-52.58830965983924,0.14951036861664863,-85.86370686948007,0.3196625855594684,17.503586396339028,-0.03635708494780777,-0.6995455199376172,-0.00037072,0.696366934563125,0.00017264,1,1.0
1786,0.863916720542674,1.451218840997562,-0.00033195,2.0214205979719013,3.067752800365439,69.47056943873325,-0.21789562370390278,0.29808403699063263,-0.04593960525765017,-44.964604156468795,0.14951036861664863,55.54603162776103,0.3196625855594684,13.662046671491138,-0.03635708494780777,0.2835822195636759,-0.00037072,1.8394264617532283,0.00017264,0,1.0
1787,0.27933881138106487,0.14481278002289769,-0.00033195,2.0214205979719013,3.067752800365439,95.19336995771164,-0.21789562370390278,13.762972545405251,-0.04593960525765017,-9.044464834095194,0.14951036861664863,-44.388237599985004,0.3196625855594684,-35.176466527024225,-0.03635708494780777,0.4432849693248534,-0.00037072,0.5280852671776182,0.00017264,0,1.0
1788,0.7640605627503387,0.23424060115446949,-0.00033195,2.0214205979719013,3.067752800365439,-14.28413342610573,-0.21789562370390278,12.94533495011022,-0.04593960525765017,-46.78154125454644,0.14951036861664863,-50.050449646781786,0.3196625855594684,53.61893230940007,-0.03635708494780777,-0.31120754803209494,-0.00037072,0.3151245255149101,0.00017264,1,1.0
1789,0.023939506576901026,0.3291924970323816,-0.00033195,2.0214205979719013,3.067752800365439,60.18338260949863,-0.21789562370390278,19.514467968916506,-0.04593960525765017,-59.75609366152836,0.14951036861664863,3.492571820313117,0.3196625855594684,-8.045171150119407,-0.03635708494780777,0.047045612964921824,-0.00037072,0.5772890906560647,0.00017264,0,1.0
1790,0.7043242981798843,0.4860686186514329,-0.00033195,2.0214205979719013,3.067752800365439,5.91940909074734,-0.21789562370390278,7.4552158893626475,-0.04593960525765017,-83.54082676078642,0.14951036861664863,59.71703088717444,0.3196625855594684,53.90847008174157,-0.03635708494780777,0.29467620977601044,-0.00037072,0.8540338720678657,0.00017264,0,1.0
1791,0.9622500216100176,0.4084639224185766,-0.00033195,2.0214205979719013,3.067752800365439,-17.1951242707071,-0.21789562370390278,14.388237081960146,-0.04593960525765017,-73.6786385595256,0.14951036861664863,-34.69804038371354,0.3196625855594684,74.83619268060691,-0.03635708494780777,-0.20910392455208687,-0.00037072,0.44219027924063065,0.00017264,1,1.0
1792,0.030269613377725713,0.30485500704882224,-0.00033195,2.0214205979719013,3.067752800365439,-71.8894971296348,-0.21789562370390278,-11.973662485460158,-0.04593960525765017,-29.227095888594217,0.14951036861664863,93.74047152618952,0.3196625855594684,48.14601123225648,-0.03635708494780777,-0.31749086565525186,-0.00037072,0.3204781239093807,0.00017264,1,1.0
1793,2.1826261588080507,2.504986089047591,-0.00033195,2.0214205979719013,3.067752800365439,85.31059915788968,-0.21789562370390278,18.82855744079592,-0.04593960525765017,-91.28883400109035,0.14951036861664863,-78.52171750897992,0.3196625855594684,80.87830246537081,-0.03635708494780777,0.2866352527730609,-0.00037072,1.8999204823217923,0.00017264,0,1.0
1794,0.7772349822938006,0.3403355674026214,-0.00033195,2.0214205979719013,3.067752800365439,6.239853550299947,-0.21789562370390278,13.54362859396416,-0.04593960525765017,-44.60837453861938,0.14951036861664863,-59.997056636771056,0.3196625855594684,45.57200900639105,-0.03635708494780777,-0.2566551678905614,-0.00037072,0.40958971715312853,0.00017264,1,1.0
1795,0.8141575729452568,0.26949142830290257,-0.00033195,2.0214205979719013,3.067752800365439,75.03102936805966,-0.21789562370390278,23.56740163121628,-0.04593960525765017,-68.45465817158953,0.14951036861664863,-42.932933524953725,0.3196625855594684,17.206884905553608,-0.03635708494780777,0.37047804885062613,-0.00037072,0.7660731818977808,0.00017264,0,1.0
1796,1.0036686315943433,0.239598869411297,-0.00033195,2.0214205979719013,3.067752800365439,-71.23913421918516,-0.21789562370390278,-2.0991697172159847,-0.04593960525765017,-11.343495821271443,0.14951036861664863,-20.327196776667886,0.3196625855594684,70.1604014741823,-0.03635708494780777,-0.09604953862594505,-0.00037072,0.0988960115706606,0.00017264,1,1.0
1797,-0.38397040035606494,1.6550157417253741,-0.00033195,2.0214205979719013,3.067752800365439,56.59808589209597,-0.21789562370390278,5.702140218335761,-0.04593960525765017,-0.10869100641283001,0.14951036861664863,73.00452287231607,0.3196625855594684,-60.31235416793076,-0.03635708494780777,-0.0489684384791359,-0.00037072,1.1510958514036984,0.00017264,1,1.0
1798,0.2956611776750485,0.25717338463545275,-0.00033195,2.0214205979719013,3.067752800365439,36.94094659089095,-0.21789562370390278,13.3721164124396,-0.04593960525765017,-10.090804751101226,0.14951036861664863,-72.71266094727741,0.3196625855594684,-2.4160187793395984,-0.03635708494780777,-0.3304344719410933,-0.00037072,0.3360506605176622,0.00017264,1,1.0
1799,0.0015196269901950332,0.13292511668217313,-0.00033195,2.0214205979719013,3.067752800365439,27.879508729037667,-0.21789562370390278,8.530097761494739,-0.04593960525765017,-52.60761203079007,0.14951036861664863,40.96635629904613,0.3196625855594684,6.707156422399511,-0.03635708494780777,0.28634935242742005,-0.00037072,0.29628993284206645,0.00017264,0,1.0
1800,0.0017877366633723413,0.06619464981824226,-0.00033195,2.4578938558003998,3.4873681643987795,75.2515881854377,-0.21789562370390278,6.6859279169949675,-0.04593960525765017,-3.7768225546142813,0.14951036861664863,-59.96117531843216,0.3196625855594684,-21.830226064058053,-0.03635708494780777,-0.10392720766615945,-0.00037072,0.16572795268286786,0.00017264,1,1.0
1801,-0.0007270747823626689,0.7149486299349881,-0.00033195,2.4578938558003998,3.4873681643987795,-17.387791385166047,-0.21789562370390278,21.30452958914554,-0.04593960525765017,-82.12431725445738,0.14951036861664863,68.53882918230386,0.3196625855594684,14.397837168778624,-0.03635708494780777,-0.34757103436078873,-0.00037072,0.5385935005987375,0.00017264,1,1.0
1802,1.2712683208159568,1.3030174614210759,-0.00033195,2.4578938558003998,3.4873681643987795,68.35154188203025,-0.21789562370390278,3.331238473637864,-0.04593960525765017,-56.47814044111644,0.14951036861664863,-38.51483261818587,0.3196625855594684,71.73139687380375,-0.03635708494780777,0.0485925732090311,-0.00037072,0.9632924098344922,0.00017264,0,1.0
1803,0.20082349901443694,0.12203395704466524,-0.00033195,2.4578938558003998,3.4873681643987795,3.2244640280614956,-0.21789562370390278,-0.6664453634374977,-0.04593960525765017,-24.050869489685446,0.14951036861664863,-13.598640842793234,0.3196625855594684,30.889293841846644,-0.03635708494780777,-0.17250764728577123,-0.00037072,0.19629264590525491,0.00017264,1,1.0
1804,-0.0013156527361076337,0.22616630141348382,-0.00033195,2.4578938558003998,3.4873681643987795,11.166002633323464,-0.21789562370390278,-1.4479778089996178,-0.04593960525765017,-7.292090697585021,0.14951036861664863,67.63743748890248,0.3196625855594684,-11.033540941820963,-0.03635708494780777,-0.004224307386276632,-0.00037072,0.3835339981739071,0.00017264,1,1.0
1805,0.655308763166746,0.4438443877014937,-0.00033195,2.4578938558003998,3.4873681643987795,4.320413797917788,-0.21789562370390278,-2.28579444530413,-0.04593960525765017,-14.475694016688857,0.14951036861664863,-45.45711795799243,0.3196625855594684,49.669720403009336,-0.03635708494780777,-0.14123201151101555,-0.00037072,0.3997824052209526,0.00017264,1,1.0
1806,0.48845042803581046,0.03343020122122297,-0.00033195,2.4578938558003998,3.4873681643987795,-15.640312352137132,-0.21789562370390278,4.124664930349295,-0.04593960525765017,-0.11209875276550998,0.14951036861664863,-69.17651100384788,0.3196625855594684,30.970090546439135,-0.03635708494780777,-0.05887783434515391,-0.00037072,0.059054724638312336,0.00017264,1,1.0
1807,0.0010917150489289096,0.3274461382664841,-0.00033195,2.4578938558003998,3.4873681643987795,90.59609958238352,-0.21789562370390278,20.3532655573029,-0.04593960525765017,-92.43257838464224,0.14951036861664863,94.9509979790509,0.3196625855594684,-18.161947356596023,-0.03635708494780777,0.1438194697524714,-0.00037072,0.6402354834132568,0.00017264,0,1.0
1808,0.0007335873175082774,0.08534491320183218,-0.00033195,2.4578938558003998,3.4873681643987795,91.0022991517807,-0.21789562370390278,9.157408012265744,-0.04593960525765017,-6.0130234298980305,0.14951036861664863,-66.24254956051645,0.3196625855594684,-28.95792800155694,-0.03635708494780777,-0.07655185540936568,-0.00037072,0.1880402279624234,0.00017264,1,1.0
1809,0.0006434325071583702,0.22883160413371495,-0.00033195,2.4578938558003998,3.4873681643987795,12.941092254835876,-0.21789562370390278,11.973123953287232,-0.04593960525765017,-44.99208823540581,0.14951036861664863,36.683099120015896,0.3196625855594684,-0.1622406797034536,-0.03635708494780777,-0.10675711593229914,-0.00037072,0.31228501173708534,0.00017264,1,1.0
1810,1.403419429711688,0.7038314641713541,-0.00033195,2.4578938558003998,3.4873681643987795,-6.2683585811263125,-0.21789562370390278,28.579551508927075,-0.04593960525765017,-88.09910954791474,0.14951036861664863,-94.26239073512285,0.3196625855594684,89.79205844523281,-0.03635708494780777,0.05943241917173231,-0.00037072,0.5253641806192086,0.00017264,0,1.0
1811,1.121111777838746,1.1182681245202475,-0.00033195,2.4578938558003998,3.4873681643987795,29.666271529427632,-0.21789562370390278,1.5498709010802778,-0.04593960525765017,-68.30816114341478,0.14951036861664863,-10.282360534406932,0.3196625855594684,86.40918434114583,-0.03635708494780777,-0.018424352696052693,-0.00037072,0.8258717107702446,0.00017264,1,1.0
1812,0.0005099628202572815,0.3053574893070828,-0.00033195,2.4578938558003998,3.4873681643987795,2.997494633476697,-0.21789562370390278,16.806502602498828,-0.04593960525765017,-83.75614995684866,0.14951036861664863,67.28503032938502,0.3196625855594684,18.432329059871133,-0.03635708494780777,-0.14146321447877525,-0.00037072,0.3766561215506892,0.00017264,1,1.0
1813,0.5167963197578692,0.15644470718093118,-0.00033195,2.4578938558003998,3.4873681643987795,-66.46755075229277,-0.21789562370390278,-1.9339722978992275,-0.04593960525765017,-50.08432485470194,0.14951036861664863,9.935397742701669,0.3196625855594684,84.74980745512678,-0.03635708494780777,-0.1819247471094616,-0.00037072,0.18437979677628724,0.00017264,1,1.0
1814,5.4578614391731506e-05,0.13341760071484213,-0.00033195,2.4578938558003998,3.4873681643987795,93.14340645584964,-0.21789562370390278,13.038903563741087,-0.04593960525765017,-64.08036157277863,0.14951036861664863,20.74202639006359,0.3196625855594684,-9.913879688934038,-0.03635708494780777,0.16609181753811908,-0.00037072,0.261849563874719,0.00017264,0,1.0
1815,0.12294805802211473,0.24802577670068912,-0.00033195,2.4578938558003998,3.4873681643987795,-89.49714249782865,-0.21789562370390278,9.645008457582641,-0.04593960525765017,-70.64242081229418,0.14951036861664863,85.58356172265303,0.3196625855594684,53.74765740979324,-0.03635708494780777,-0.2918903061481322,-0.00037072,0.2936169895634931,0.00017264,1,1.0
1816,0.7249672722462182,0.4437801076415673,-0.00033195,2.4578938558003998,3.4873681643987795,71.71663275164217,-0.21789562370390278,10.701363668613688,-0.04593960525765017,-70.98364437801555,0.14951036861664863,-26.230415022485946,0.3196625855594684,45.142783325108866,-0.03635708494780777,0.10468954896977148,-0.00037072,0.5403268799137861,0.00017264,0,1.0
1817,0.2023800222620009,0.004259743322751866,-0.00033195,2.4578938558003998,3.4873681643987795,-66.13829314458113,-0.21789562370390278,1.527742086206729,-0.04593960525765017,-52.64412155591587,0.14951036861664863,54.499931895434784,0.3196625855594684,57.71993351119932,-0.03635708494780777,-0.01879664051814048,-0.00037072,0.01887784658854949,0.00017264,1,1.0
1818,1.0712494367662133,0.6570367591703483,-0.00033195,2.4578938558003998,3.4873681643987795,43.80932820145183,-0.21789562370390278,9.296595512297477,-0.04593960525765017,-61.76160322347492,0.14951036861664863,-77.19668105369462,0.3196625855594684,74.43046699397907,-0.03635708494780777,-0.013307267272089807,-0.00037072,0.5670145058693759,0.00017264,1,1.0
1819,0.7360671109833927,1.2999622977204455,-0.00033195,2.4578938558003998,3.4873681643987795,25.671411688357274,-0.21789562370390278,-10.672770728728201,-0.04593960525765017,-23.104567339928114,0.14951036861664863,62.676357475925315,0.3196625855594684,43.77159969792844,-0.03635708494780777,-0.07494353835429735,-0.00037072,0.9855951720571929,0.00017264,1,1.0
1820,0.922714945604674,0.13100917001827733,-0.00033195,2.4578938558003998,3.4873681643987795,-50.292852419891034,-0.21789562370390278,13.723148857689543,-0.04593960525765017,-51.26019619340122,0.14951036861664863,-90.54230051054284,0.3196625855594684,86.54598247331808,-0.03635708494780777,-0.1693901144417653,-0.00037072,0.16965303465839485,0.00017264,1,1.0
1821,1.0012400918506306,0.1270952186864744,-0.00033195,2.4578938558003998,3.4873681643987795,-69.00300091952246,-0.21789562370390278,9.939519917257863,-0.04593960525765017,-45.23640643434217,0.14951036861664863,-84.99197009356541,0.3196625855594684,97.14674894249248,-0.03635708494780777,-0.12430728093558599,-0.00037072,0.12471698956682178,0.00017264,1,1.0
1822,0.726075542100072,0.08416063226232365,-0.00033195,2.4578938558003998,3.4873681643987795,-30.647532670239414,-0.21789562370390278,9.15268936834668,-0.04593960525765017,-39.36268568924147,0.14951036861664863,-76.57144735025884,0.3196625855594684,68.91377888567605,-0.03635708494780777,-0.1414721415505753,-0.00037072,0.14308866419325472,0.00017264,1,1.0
1823,0.151342934443572,0.016102940076584853,-0.00033195,2.4578938558003998,3.4873681643987795,-48.71346807028732,-0.21789562370390278,7.473518394662098,-0.04593960525765017,-80.38910483848403,0.14951036861664863,56.123699475034385,0.3196625855594684,60.58383423289515,-0.03635708494780777,-0.0870329061454499,-0.00037072,0.08780557058649152,0.00017264,1,1.0
1824,0.1669288295826429,0.15444525398084036,-0.00033195,2.4578938558003998,3.4873681643987795,21.607937149161188,-0.21789562370390278,5.742043166648977,-0.04593960525765017,-69.42732873163094,0.14951036861664863,35.30147266457614,0.3196625855594684,36.50242144401591,-0.03635708494780777,-0.007152430974396995,-0.00037072,0.25079527007831626,0.00017264,1,1.0
1825,0.3960935840083647,0.3082927557376018,-0.00033195,2.4578938558003998,3.4873681643987795,37.01296437218019,-0.21789562370390278,2.789743315990397,-0.04593960525765017,-33.53259830309016,0.14951036861664863,21.502371110065326,0.3196625855594684,18.67972979213845,-0.03635708494780777,0.09869424744961805,-0.00037072,0.43023976134960473,0.00017264,0,1.0
1826,0.13033623647542303,0.3081011626945983,-0.00033195,2.4578938558003998,3.4873681643987795,-26.505494440866855,-0.21789562370390278,-7.856941116131493,-0.04593960525765017,-30.769389855222453,0.14951036861664863,82.53609751156357,0.3196625855594684,35.86901279845166,-0.03635708494780777,-0.10258493575105954,-0.00037072,0.36994046165562555,0.00017264,1,1.0
1827,0.38471562795105174,0.052559159092044894,-0.00033195,2.4578938558003998,3.4873681643987795,-6.36298582590185,-0.21789562370390278,11.025762250909143,-0.04593960525765017,-41.59557440493163,0.14951036861664863,-45.534762094427215,0.3196625855594684,39.002571132366405,-0.03635708494780777,-0.14365004226703035,-0.00037072,0.14379899589265863,0.00017264,1,1.0
1828,0.008262459772173214,0.43206657062902204,-0.00033195,2.4578938558003998,3.4873681643987795,8.121529242315159,-0.21789562370390278,21.87499029773413,-0.04593960525765017,-88.12480442028956,0.14951036861664863,34.41479478448216,0.3196625855594684,18.080098585573854,-0.03635708494780777,-0.2866596358593692,-0.00037072,0.4010040019879378,0.00017264,1,1.0
1829,0.7701273374921307,0.5572151954528644,-0.00033195,2.4578938558003998,3.4873681643987795,16.144681164942334,-0.21789562370390278,5.757899674330206,-0.04593960525765017,-70.55518499816675,0.14951036861664863,-58.30418528042357,0.3196625855594684,83.29416348150392,-0.03635708494780777,-0.25466997117144086,-0.00037072,0.4718063169556217,0.00017264,1,1.0
1830,0.0005766774382824913,0.10823870442317875,-0.00033195,2.4578938558003998,3.4873681643987795,67.46014854588834,-0.21789562370390278,11.085602380041244,-0.04593960525765017,-42.6855696011692,0.14951036861664863,-0.016562164688808625,0.3196625855594684,-10.056462662558559,-0.03635708494780777,0.06256085430990165,-0.00037072,0.19258376829964147,0.00017264,0,1.0
1831,0.0012108996476807854,0.094185230183988,-0.00033195,2.4578938558003998,3.4873681643987795,23.082384019705543,-0.21789562370390278,5.213114856894948,-0.04593960525765017,-45.79189633490935,0.14951036861664863,44.8788684810451,0.3196625855594684,9.04155334743558,-0.03635708494780777,0.10230529499260327,-0.00037072,0.13545263800905483,0.00017264,0,1.0
1832,0.04072240676609509,0.18587010006363763,-0.00033195,2.4578938558003998,3.4873681643987795,-41.28504396100314,-0.21789562370390278,4.565571486639435,-0.04593960525765017,-4.280475866947647,0.14951036861664863,23.818470026700947,0.3196625855594684,3.990181972598218,-0.03635708494780777,-0.24502573834015248,-0.00037072,0.24399017400003223,0.00017264,1,1.0
1833,0.4297350353542073,0.5475571808445037,-0.00033195,2.4578938558003998,3.4873681643987795,-60.519690044665076,-0.21789562370390278,-11.422611336231043,-0.04593960525765017,-22.310916499139182,0.14951036861664863,85.64001271821623,0.3196625855594684,57.65674919562128,-0.03635708494780777,-0.13049075215718559,-0.00037072,0.5114920834900059,0.00017264,1,1.0
1834,0.21740729986752122,0.23573306836775887,-0.00033195,2.4578938558003998,3.4873681643987795,60.47695796682175,-0.21789562370390278,8.71352529318227,-0.04593960525765017,-87.52295201167159,0.14951036861664863,61.061227524298594,0.3196625855594684,27.882540823931993,-0.03635708494780777,0.14240009659380545,-0.00037072,0.4236909022391062,0.00017264,0,1.0
1835,0.1264753931727292,0.2511685248025085,-0.00033195,2.4578938558003998,3.4873681643987795,-33.658400596611806,-0.21789562370390278,-6.3276172193604365,-0.04593960525765017,-46.12241546491676,0.14951036861664863,68.17445046945683,0.3196625855594684,51.36554315239596,-0.03635708494780777,-0.16885895071693194,-0.00037072,0.2835441839232228,0.00017264,1,1.0
1836,0.0033066510484514033,0.061929431658132396,-0.00033195,2.4578938558003998,3.4873681643987795,-14.80757189148827,-0.21789562370390278,8.885497767041215,-0.04593960525765017,-100.0,0.14951036861664863,77.23234402949265,0.3196625855594684,52.20055442585475,-0.03635708494780777,-0.04646793310354755,-0.00037072,0.13641634453011295,0.00017264,1,1.0
1837,0.5880967359558436,0.08497294679168109,-0.00033195,2.4578938558003998,3.4873681643987795,-42.47889717681697,-0.21789562370390278,13.633722899192053,-0.04593960525765017,-95.89094927814277,0.14951036861664863,-16.47771531514903,0.3196625855594684,91.78585519590149,-0.03635708494780777,-0.18689988290791504,-0.00037072,0.1901457903356033,0.00017264,1,1.0
1838,0.00037760146441467857,0.10655335441340644,-0.00033195,2.4578938558003998,3.4873681643987795,64.72004245737256,-0.21789562370390278,11.18434800407224,-0.04593960525765017,-55.90884239565026,0.14951036861664863,8.248086280142436,0.3196625855594684,-0.21971926751957058,-0.03635708494780777,0.03804771167782073,-0.00037072,0.20542521441001194,0.00017264,0,1.0
1839,-0.002984824913636941,0.38471142559195587,-0.00033195,2.4578938558003998,3.4873681643987795,2.977881615974086,-0.21789562370390278,6.743610893258439,-0.04593960525765017,-9.131603706464203,0.14951036861664863,50.18726979555753,0.3196625855594684,-19.45409060635535,-0.03635708494780777,-0.1422039260581773,-0.00037072,0.4500940987836858,0.00017264,1,1.0
1840,0.6251602895171298,1.4400623624291473,-0.00033195,2.4578938558003998,3.4873681643987795,18.701157821657173,-0.21789562370390278,-13.890584969050765,-0.04593960525765017,-27.9668117266637,0.14951036861664863,92.95105657301963,0.3196625855594684,45.63708626160045,-0.03635708494780777,-0.12780659597609967,-0.00037072,1.0340367510602304,0.00017264,1,1.0
1841,0.10916565355397073,0.3088248715465757,-0.00033195,2.4578938558003998,3.4873681643987795,-35.550964206596056,-0.21789562370390278,-6.726604046695689,-0.04593960525765017,-56.5934927404222,0.14951036861664863,93.60320983726999,0.3196625855594684,54.88810987817003,-0.03635708494780777,-0.14719526589605705,-0.00037072,0.33772616194126126,0.00017264,1,1.0
1842,0.6744588978071715,0.05721036214179659,-0.00033195,2.4578938558003998,3.4873681643987795,-62.669349793874524,-0.21789562370390278,8.62638370951672,-0.04593960525765017,-61.325201112096174,0.14951036861664863,-27.453183099717197,0.3196625855594684,85.71302341339589,-0.03635708494780777,-0.10563165538556114,-0.00037072,0.10556317500594932,0.00017264,1,1.0
1843,0.018416042925153198,0.06381735734119201,-0.00033195,2.4578938558003998,3.4873681643987795,57.2927796476767,-0.21789562370390278,5.926511410901895,-0.04593960525765017,-16.34497827124561,0.14951036861664863,-46.93109513634633,0.3196625855594684,-6.1225910591525174,-0.03635708494780777,-0.15169281332847737,-0.00037072,0.16769581208004267,0.00017264,1,1.0
1844,0.6485615234830759,0.23516749972916717,-0.00033195,2.4578938558003998,3.4873681643987795,38.37302234913898,-0.21789562370390278,14.125838201242042,-0.04593960525765017,-62.15596739617362,0.14951036861664863,-94.33193389828878,0.3196625855594684,55.72812555675238,-0.03635708494780777,-0.20735378117155812,-0.00037072,0.3256791942814272,0.00017264,1,1.0
1845,0.0012671043694970283,0.1891258400183577,-0.00033195,2.4578938558003998,3.4873681643987795,32.17642148607503,-0.21789562370390278,0.20256690088303603,-0.04593960525765017,-30.56847061041712,0.14951036861664863,64.520799071033,0.3196625855594684,-1.2324345393907086,-0.03635708494780777,0.05719709005230095,-0.00037072,0.3381380543413516,0.00017264,0,1.0
1846,0.15928646044791606,0.29812422805696065,-0.00033195,2.4578938558003998,3.4873681643987795,-21.333372595738144,-0.21789562370390278,20.991249143785016,-0.04593960525765017,-99.01712810557096,0.14951036861664863,22.64731149268998,0.3196625855594684,47.3189072420223,-0.03635708494780777,-0.3187865759637124,-0.00037072,0.3187733675615786,0.00017264,1,1.0
1847,0.04488547915780561,0.11811088368977093,-0.00033195,2.4578938558003998,3.4873681643987795,69.93906744315666,-0.21789562370390278,13.438704985110258,-0.04593960525765017,-55.27440321862489,0.14951036861664863,-32.941832638947666,0.3196625855594684,4.313774489501269,-0.03635708494780777,-0.13567467831915006,-0.00037072,0.23823314713020163,0.00017264,1,1.0
1848,0.4199170097517474,0.08157043025641772,-0.00033195,2.4578938558003998,3.4873681643987795,-14.023421420741286,-0.21789562370390278,0.22238445414642455,-0.04593960525765017,-10.564568889875106,0.14951036861664863,-47.36274984018606,0.3196625855594684,39.553607187181704,-0.03635708494780777,-0.14442317835084797,-0.00037072,0.14463360259190486,0.00017264,1,1.0
1849,0.0041409169315134164,0.13945422477306502,-0.00033195,2.4578938558003998,3.4873681643987795,76.30796749926165,-0.21789562370390278,15.919587238675389,-0.04593960525765017,-78.30484482053792,0.14951036861664863,25.509797966474988,0.3196625855594684,0.831818315834863,-0.03635708494780777,0.08611888672690865,-0.00037072,0.2704113040545348,0.00017264,0,1.0
1850,1.078372160302868,0.7635112998928668,-0.00033195,2.4578938558003998,3.4873681643987795,20.53718477707599,-0.21789562370390278,3.415940709609578,-0.04593960525765017,-43.011555042598346,0.14951036861664863,-69.56318179782754,0.3196625855594684,77.18871756469412,-0.03635708494780777,-0.0708119242106201,-0.00037072,0.580505359093874,0.00017264,1,1.0
1851,0.7326217419613075,0.8571258569700109,-0.00033195,2.4578938558003998,3.4873681643987795,21.566072465110473,-0.21789562370390278,-4.528859622410734,-0.04593960525765017,-33.63627031240936,0.14951036861664863,6.754757812821115,0.3196625855594684,54.67720287802414,-0.03635708494780777,-0.08959498558257445,-0.00037072,0.6912809521441969,0.00017264,1,1.0
1852,0.23904744884616264,0.13657980463853306,-0.00033195,2.4578938558003998,3.4873681643987795,66.38403510578242,-0.21789562370390278,11.458117978905928,-0.04593960525765017,-45.24339745774173,0.14951036861664863,-48.25286659994924,0.3196625855594684,11.792878123863519,-0.03635708494780777,-0.0718804676687313,-0.00037072,0.25657999841284235,0.00017264,1,1.0
1853,0.23675174680791644,0.2269839532229315,-0.00033195,2.4578938558003998,3.4873681643987795,-82.20255613403334,-0.21789562370390278,1.9246863846118496,-0.04593960525765017,-1e-20,0.14951036861664863,29.956891881363614,0.3196625855594684,25.32399662660143,-0.03635708494780777,-0.2722086590987193,-0.00037072,0.2762205511389223,0.00017264,1,1.0
1854,0.7277015441939039,0.07601529721426667,-0.00033195,2.4578938558003998,3.4873681643987795,-41.489591699776945,-0.21789562370390278,9.573577435049957,-0.04593960525765017,-45.272223035152905,0.14951036861664863,-64.87081317494821,0.3196625855594684,73.95089427172354,-0.03635708494780777,-0.12916454144258557,-0.00037072,0.12974891517857154,0.00017264,1,1.0
1855,0.5605906167110353,0.3598408976963121,-0.00033195,2.4578938558003998,3.4873681643987795,75.51598476036347,-0.21789562370390278,11.993261967678103,-0.04593960525765017,-97.06590758739301,0.14951036861664863,39.97738900608202,0.3196625855594684,41.28474420071876,-0.03635708494780777,0.22208764007896165,-0.00037072,0.5827581888887208,0.00017264,0,1.0
1856,0.8679381805206552,0.3278015660871977,-0.00033195,2.4578938558003998,3.4873681643987795,74.63106586726437,-0.21789562370390278,20.871455555704475,-0.04593960525765017,-73.10320396244126,0.14951036861664863,-71.09483049706891,0.3196625855594684,40.83216031087403,-0.03635708494780777,0.23354763241243565,-0.00037072,0.37958765785840104,0.00017264,0,1.0
1857,0.07849976575543605,0.10381840804077191,-0.00033195,2.4578938558003998,3.4873681643987795,86.88571324165883,-0.21789562370390278,11.194302822359315,-0.04593960525765017,-19.61841926300687,0.14951036861664863,-75.561933287031,0.3196625855594684,-15.320422570249418,-0.03635708494780777,-0.14362329514829775,-0.00037072,0.22252083297363112,0.00017264,1,1.0
1858,-0.0003912730688526156,0.24211041742365047,-0.00033195,2.4578938558003998,3.4873681643987795,99.47847891569943,-0.21789562370390278,6.225688899555526,-0.04593960525765017,-23.061532212553495,0.14951036861664863,52.945104806430514,0.3196625855594684,-40.223373289063055,-0.03635708494780777,0.1706332705230403,-0.00037072,0.5420055932593715,0.00017264,0,1.0
1859,0.544078738750263,0.09136423393478507,-0.00033195,2.4578938558003998,3.4873681643987795,-71.78073034559439,-0.21789562370390278,4.993941563622723,-0.04593960525765017,-16.487542525704647,0.14951036861664863,-21.930249902637385,0.3196625855594684,52.7063714015497,-0.03635708494780777,-0.13407282051472827,-0.00037072,0.13362347794732424,0.00017264,1,1.0
1860,0.18310352117998585,0.18140961336752043,-0.00033195,2.4578938558003998,3.4873681643987795,58.65251681358474,-0.21789562370390278,2.081642830894532,-0.04593960525765017,-10.051201146903896,0.14951036861664863,-27.09836875952085,0.3196625855594684,-2.8475516037073687,-0.03635708494780777,-0.021756934493749797,-0.00037072,0.2796180540066192,0.00017264,1,1.0
1861,0.436850845166747,0.18439195019959873,-0.00033195,2.4578938558003998,3.4873681643987795,49.52834544015621,-0.21789562370390278,17.533185422734032,-0.04593960525765017,-78.66190505558252,0.14951036861664863,-64.32696294010108,0.3196625855594684,43.98269293838295,-0.03635708494780777,-0.18531362802756962,-0.00037072,0.31081308075226394,0.00017264,1,1.0
1862,0.2095654198789042,0.18432862092010577,-0.00033195,2.4578938558003998,3.4873681643987795,35.16881321082369,-0.21789562370390278,20.596317731759818,-0.04593960525765017,-82.60295856963974,0.14951036861664863,-42.20249671904338,0.3196625855594684,32.4564637333413,-0.03635708494780777,-0.2796195897500688,-0.00037072,0.2799680955521466,0.00017264,1,1.0
1863,0.00044985259129931565,0.21560567769489686,-0.00033195,2.4578938558003998,3.4873681643987795,50.42391208561108,-0.21789562370390278,1.2772529574544997,-0.04593960525765017,-23.398536117617777,0.14951036861664863,61.25188082089004,0.3196625855594684,-14.94414406091461,-0.03635708494780777,0.0854812981953213,-0.00037072,0.40755995746340207,0.00017264,0,1.0
1864,-0.0047874729345458444,0.38669807435019987,-0.00033195,2.4578938558003998,3.4873681643987795,82.68878954265107,-0.21789562370390278,19.090422487715266,-0.04593960525765017,-83.70426392063843,0.14951036861664863,97.71556779982397,0.3196625855594684,-21.05776581753791,-0.03635708494780777,0.10908207194613223,-0.00037072,0.6679921983398105,0.00017264,0,1.0
1865,0.522055951349031,0.24631294851441432,-0.00033195,2.4578938558003998,3.4873681643987795,46.099187952049604,-0.21789562370390278,13.646349404570627,-0.04593960525765017,-89.93404938799335,0.14951036861664863,-13.76069355512687,0.3196625855594684,53.49839907669065,-0.03635708494780777,0.022070480143446425,-0.00037072,0.3632584544671938,0.00017264,0,1.0
1866,0.20965792361973157,0.14210115372750637,-0.00033195,2.4578938558003998,3.4873681643987795,38.359922929567205,-0.21789562370390278,16.708643358603005,-0.04593960525765017,-84.8857837147762,0.14951036861664863,-35.243399975611986,0.3196625855594684,39.63305446826813,-0.03635708494780777,-0.2517861986440235,-0.00037072,0.26447045558289406,0.00017264,1,1.0
1867,0.7428194435117288,0.15407234439449058,-0.00033195,2.4578938558003998,3.4873681643987795,-22.91556956021202,-0.21789562370390278,10.180131237166496,-0.04593960525765017,-63.90076753890388,0.14951036861664863,-72.09314834026115,0.3196625855594684,84.27115222086195,-0.03635708494780777,-0.22862796758658605,-0.00037072,0.22952305270608203,0.00017264,1,1.0
1868,0.001380707303347689,0.16619554192825015,-0.00033195,2.4578938558003998,3.4873681643987795,-7.192313363546779,-0.21789562370390278,-3.0180085601846987,-0.04593960525765017,-40.77389804516231,0.14951036861664863,77.76103466329862,0.3196625855594684,24.24433479164681,-0.03635708494780777,-0.03239699720929605,-0.00037072,0.2593236269448008,0.00017264,1,1.0
1869,0.02637992617988516,0.1453451015329017,-0.00033195,2.4578938558003998,3.4873681643987795,75.81123898752082,-0.21789562370390278,13.209583221006298,-0.04593960525765017,-100.0,0.14951036861664863,84.30129832788049,0.3196625855594684,11.44586581571866,-0.03635708494780777,0.26022151200796206,-0.00037072,0.3354890356217354,0.00017264,0,1.0
1870,0.3096371799860024,0.2768439327976643,-0.00033195,2.4578938558003998,3.4873681643987795,65.75894125374596,-0.21789562370390278,9.49532681992761,-0.04593960525765017,-83.53102084127494,0.14951036861664863,21.992599022472852,0.3196625855594684,33.802932799716764,-0.03635708494780777,0.049472384733381614,-0.00037072,0.42685231562919956,0.00017264,0,1.0
1871,0.4990989328776686,0.13005661204174035,-0.00033195,2.4578938558003998,3.4873681643987795,-62.3600219131471,-0.21789562370390278,5.445996403251477,-0.04593960525765017,-3.8409155561780413,0.14951036861664863,-31.597609114560026,0.3196625855594684,38.664369913007135,-0.03635708494780777,-0.1738828675783527,-0.00037072,0.17240373896193245,0.00017264,1,1.0
1872,0.015767388244567054,0.20702825629010546,-0.00033195,2.4578938558003998,3.4873681643987795,55.26064052595759,-0.21789562370390278,2.7973341135974867,-0.04593960525765017,-49.88376711432728,0.14951036861664863,55.47598424957784,0.3196625855594684,4.437998702124198,-0.03635708494780777,0.06177587473362817,-0.00037072,0.3581641124298676,0.00017264,0,1.0
1873,0.16861066386178813,0.1614889432770879,-0.00033195,2.4578938558003998,3.4873681643987795,79.08065200230921,-0.21789562370390278,18.378724851489594,-0.04593960525765017,-98.48765578850414,0.14951036861664863,10.82540815169168,0.3196625855594684,21.14554172518638,-0.03635708494780777,0.05423395233751144,-0.00037072,0.3264457824973444,0.00017264,0,1.0
1874,0.24553135063878126,0.036643183068057736,-0.00033195,2.4578938558003998,3.4873681643987795,-53.588316376484016,-0.21789562370390278,-2.758123088873115,-0.04593960525765017,-27.322348638956445,0.14951036861664863,28.793222407369615,0.3196625855594684,48.74372920822961,-0.03635708494780777,-0.07357000974149942,-0.00037072,0.07782831961102278,0.00017264,1,1.0
1875,0.0008065970905483111,0.10402652892242177,-0.00033195,2.4578938558003998,3.4873681643987795,-56.569689242522614,-0.21789562370390278,-4.399141346166615,-0.04593960525765017,-9.336908236106193,0.14951036861664863,77.06313821437108,0.3196625855594684,17.715164826345806,-0.03635708494780777,-0.12027916693759272,-0.00037072,0.2129626847623488,0.00017264,1,1.0
1876,0.000792535828968155,0.11235636292221782,-0.00033195,2.4578938558003998,3.4873681643987795,2.8522378859482065,-0.21789562370390278,8.1560955545556,-0.04593960525765017,-70.13899772988378,0.14951036861664863,76.16590303803653,0.3196625855594684,22.771932980803694,-0.03635708494780777,0.054214314858956586,-0.00037072,0.2028537760352402,0.00017264,0,1.0
1877,0.06647688067762059,0.14695963761205266,-0.00033195,2.4578938558003998,3.4873681643987795,92.65033893660784,-0.21789562370390278,16.177645079361596,-0.04593960525765017,-64.67238170549373,0.14951036861664863,-23.373716693967644,0.3196625855594684,-2.739970926154434,-0.03635708494780777,-0.02041729338912371,-0.00037072,0.2873041679423367,0.00017264,1,1.0
1878,0.004079533372998823,0.1283533641190443,-0.00033195,2.4578938558003998,3.4873681643987795,57.23188285028191,-0.21789562370390278,14.290915938734408,-0.04593960525765017,-99.8417345848567,0.14951036861664863,54.38603958332501,0.3196625855594684,21.835259092987982,-0.03635708494780777,0.08163324358260751,-0.00037072,0.25827561626350304,0.00017264,0,1.0
1879,0.1973162713304707,0.14048546902830672,-0.00033195,2.4578938558003998,3.4873681643987795,34.41543912806809,-0.21789562370390278,13.230557573534623,-0.04593960525765017,-100.0,0.14951036861664863,34.298945068343755,0.3196625855594684,43.66541307118468,-0.03635708494780777,0.016746985836256237,-0.00037072,0.26430934278232376,0.00017264,0,1.0
1880,0.0012713776692703793,0.15803614432096766,-0.00033195,2.4578938558003998,3.4873681643987795,-18.221280897352557,-0.21789562370390278,6.891418876451639,-0.04593960525765017,-34.31485007680848,0.14951036861664863,48.44209393479615,0.3196625855594684,9.195327598310985,-0.03635708494780777,-0.12396497420449717,-0.00037072,0.24584122112420861,0.00017264,1,1.0
1881,4.8960407355691515e-05,0.06906384640206917,-0.00033195,2.4578938558003998,3.4873681643987795,68.50842114417362,-0.21789562370390278,8.508546112512187,-0.04593960525765017,-17.339193309742534,0.14951036861664863,-43.63364917424797,0.3196625855594684,-15.894468768739396,-0.03635708494780777,-0.07496345666283721,-0.00037072,0.16239537887699163,0.00017264,1,1.0
1882,-0.0013862465065310747,0.20187727744172113,-0.00033195,2.4578938558003998,3.4873681643987795,70.47731873220866,-0.21789562370390278,9.707492417446012,-0.04593960525765017,-37.96267295241143,0.14951036861664863,45.81793114350505,0.3196625855594684,-23.312069240417628,-0.03635708494780777,0.12997280010700377,-0.00037072,0.38992784499738287,0.00017264,0,1.0
1883,0.011226745375920541,0.00124541412483506,-0.00033195,2.4578938558003998,3.4873681643987795,-39.807124218321476,-0.21789562370390278,1.4557778440467928,-0.04593960525765017,-46.07100897093808,0.14951036861664863,58.1629231837307,0.3196625855594684,35.66837231351504,-0.03635708494780777,-0.017215145422375663,-0.00037072,0.01721222851314319,0.00017264,1,1.0
1884,0.9686671377051173,0.45636465362798667,-0.00033195,2.4578938558003998,3.4873681643987795,55.65623164231321,-0.21789562370390278,15.89656681125848,-0.04593960525765017,-84.82566143793201,0.14951036861664863,-73.90001085768628,0.3196625855594684,71.68187146670027,-0.03635708494780777,0.026710880588441066,-0.00037072,0.4891080038929265,0.00017264,0,1.0
1885,1.2461080093784105e-05,0.16435408490881215,-0.00033195,2.4578938558003998,3.4873681643987795,86.53498278077414,-0.21789562370390278,11.430505884728987,-0.04593960525765017,-66.19144299508956,0.14951036861664863,65.79137680743885,0.3196625855594684,-13.411875275507128,-0.03635708494780777,0.22796600173651063,-0.00037072,0.3933549940092468,0.00017264,0,1.0
1886,0.8542025757490861,0.49712830656728735,-0.00033195,2.4578938558003998,3.4873681643987795,49.02027881651375,-0.21789562370390278,8.616469336002936,-0.04593960525765017,-56.80552096444313,0.14951036861664863,-54.38691743703744,0.3196625855594684,56.6739961651682,-0.03635708494780777,0.02539787517698025,-0.00037072,0.5034961298116384,0.00017264,0,1.0
1887,0.6464508485701785,0.24117676197878185,-0.00033195,2.4578938558003998,3.4873681643987795,-8.658772116583245,-0.21789562370390278,11.049740092658162,-0.04593960525765017,-99.92477428225685,0.14951036861664863,6.374296229343978,0.3196625855594684,85.52916377517322,-0.03635708494780777,-0.009376279156871586,-0.00037072,0.3043788193583763,0.00017264,1,1.0
1888,0.17951565800500724,0.16249347260931465,-0.00033195,2.4578938558003998,3.4873681643987795,77.68417451592452,-0.21789562370390278,17.579131460846515,-0.04593960525765017,-73.08098720283775,0.14951036861664863,-39.49531417655251,0.3196625855594684,14.445090476909547,-0.03635708494780777,-0.11021980497912245,-0.00037072,0.30035580183001787,0.00017264,1,1.0
1889,0.2110205230016785,0.0663115052278173,-0.00033195,2.4578938558003998,3.4873681643987795,-51.53746681150908,-0.21789562370390278,9.227642306766793,-0.04593960525765017,-64.28907370771424,0.14951036861664863,35.924541017855184,0.3196625855594684,51.399983877587985,-0.03635708494780777,-0.15172336146136647,-0.00037072,0.14948415034560394,0.00017264,1,1.0
1890,1.3643931729474978,0.7686532641488815,-0.00033195,2.4578938558003998,3.4873681643987795,69.14068915125685,-0.21789562370390278,17.600559134029332,-0.04593960525765017,-100.0,0.14951036861664863,-68.17594141002614,0.3196625855594684,89.01152793796722,-0.03635708494780777,0.2005517893992897,-0.00037072,0.704371011704612,0.00017264,0,1.0
1891,0.30826665327827363,0.9920033029544043,-0.00033195,2.4578938558003998,3.4873681643987795,-8.605037860090578,-0.21789562370390278,30.89150393055361,-0.04593960525765017,-81.38041882021429,0.14951036861664863,-41.617455339965964,0.3196625855594684,28.5114461715921,-0.03635708494780777,-0.5565305042197973,-0.00037072,0.5337076191453626,0.00017264,1,1.0
1892,0.21473463213870791,0.280251043524119,-0.00033195,2.4578938558003998,3.4873681643987795,-25.700897264250504,-0.21789562370390278,-7.890948465010111,-0.04593960525765017,-19.362962660633087,0.14951036861664863,38.11808345120066,0.3196625855594684,39.78637846873987,-0.03635708494780777,-0.16711194405241767,-0.00037072,0.3070132863423721,0.00017264,1,1.0
1893,-0.00042461938447058145,0.02329542316420325,-0.00033195,2.4578938558003998,3.4873681643987795,11.047275270105645,-0.21789562370390278,6.098045343448074,-0.04593960525765017,-39.83231003101804,0.14951036861664863,8.329754012437313,0.3196625855594684,15.063388851385119,-0.03635708494780777,-0.0801240279245289,-0.00037072,0.09130124539802055,0.00017264,1,1.0
1894,0.46916005701954433,0.04094515409633429,-0.00033195,2.4578938558003998,3.4873681643987795,-62.22963516092471,-0.21789562370390278,10.29190594572221,-0.04593960525765017,-95.45380016377064,0.14951036861664863,23.01037870887126,0.3196625855594684,91.31970318533416,-0.03635708494780777,-0.12778639997698607,-0.00037072,0.12844519241956523,0.00017264,1,1.0
1895,0.4157768703613194,0.37983205929726516,-0.00033195,2.4578938558003998,3.4873681643987795,8.12232585144313,-0.21789562370390278,-0.26591449044172655,-0.04593960525765017,-52.05104729698384,0.14951036861664863,15.330398605710482,0.3196625855594684,52.58620633650798,-0.03635708494780777,-0.109387418937616,-0.00037072,0.40228989240851903,0.00017264,1,1.0
1896,0.0010074993265904997,0.15318600997539994,-0.00033195,2.4578938558003998,3.4873681643987795,66.1877273957131,-0.21789562370390278,9.271370634314161,-0.04593960525765017,-63.37182783544895,0.14951036861664863,64.33247970269346,0.3196625855594684,-3.98723820411812,-0.03635708494780777,0.19371355653709788,-0.00037072,0.3196098193652175,0.00017264,0,1.0
1897,0.4089278352437521,0.054558510611590345,-0.00033195,2.4578938558003998,3.4873681643987795,-8.733894034163118,-0.21789562370390278,11.341494788930769,-0.04593960525765017,-54.91083326453239,0.14951036861664863,-39.53116426261776,0.3196625855594684,49.75619388883587,-0.03635708494780777,-0.15598690517846492,-0.00037072,0.1559830477248899,0.00017264,1,1.0
1898,0.14577197978019252,0.3079536248400616,-0.00033195,2.4578938558003998,3.4873681643987795,3.1681628958987034,-0.21789562370390278,-4.532928552610485,-0.04593960525765017,-37.62794225002753,0.14951036861664863,48.70880241191362,0.3196625855594684,33.32551047649662,-0.03635708494780777,-0.1208992681900484,-0.00037072,0.35750025735593893,0.00017264,1,1.0
1899,0.3635820231519366,0.022668189781791866,-0.00033195,2.4578938558003998,3.4873681643987795,-60.30225843856281,-0.21789562370390278,8.07158672146712,-0.04593960525765017,-85.27670338238318,0.14951036861664863,34.780231102758464,0.3196625855594684,80.10639033610781,-0.03635708494780777,-0.09569184417325904,-0.00037072,0.0957035203241916,0.00017264,1,1.0
1900,0.5756750783091346,0.07487427535400146,-0.00033195,1.9316863821678012,3.010182037802922,-48.135878478411584,-0.21789562370390278,6.581101907828077,-0.04593960525765017,-65.5999961255191,0.14951036861664863,21.11113112838758,0.3196625855594684,69.28898558541724,-0.03635708494780777,-0.15103896863930058,-0.00037072,0.15074256474802053,0.00017264,1,1.0
1901,1.2667420869258172,1.6071857936052916,-0.00033195,1.9316863821678012,3.010182037802922,75.846427840576,-0.21789562370390278,14.251964578708288,-0.04593960525765017,-92.40091806478092,0.14951036861664863,24.79429132969576,0.3196625855594684,41.5924082323381,-0.03635708494780777,0.5743774618831745,-0.00037072,1.841249585241536,0.00017264,0,1.0
1902,-0.0008540577131178478,0.06500998125443957,-0.00033195,1.9316863821678012,3.010182037802922,-29.51743189011594,-0.21789562370390278,1.637093970980986,-0.04593960525765017,-55.330976642798134,0.14951036861664863,64.21815927864962,0.3196625855594684,36.92331286182902,-0.03635708494780777,0.03507108366891923,-0.00037072,0.08761564536818353,0.00017264,0,1.0
1903,2.0277205616511083,2.166481077976833,-0.00033195,1.9316863821678012,3.010182037802922,30.277164335161313,-0.21789562370390278,10.756066358565873,-0.04593960525765017,-57.533495151835226,0.14951036861664863,-53.07281371704822,0.3196625855594684,75.3177293554582,-0.03635708494780777,0.2921901312295637,-0.00037072,1.5869691619693125,0.00017264,0,1.0
1904,0.8624035076178981,0.9660699096960237,-0.00033195,1.9316863821678012,3.010182037802922,83.3476338963956,-0.21789562370390278,14.309522757709521,-0.04593960525765017,-15.460936546458898,0.14951036861664863,-11.652139373773545,0.3196625855594684,-22.377547993642352,-0.03635708494780777,0.6348919056378273,-0.00037072,1.3912819693761322,0.00017264,0,1.0
1905,-0.00014939616309017634,0.7433896343942203,-0.00033195,1.9316863821678012,3.010182037802922,-79.9061685511144,-0.21789562370390278,-10.696039393656845,-0.04593960525765017,-0.8908272860783771,0.14951036861664863,92.72570329172244,0.3196625855594684,25.72255867923817,-0.03635708494780777,-0.5926988214007067,-0.00037072,0.5910950663225729,0.00017264,1,1.0
1906,0.9661949915093385,0.6941829339294678,-0.00033195,1.9316863821678012,3.010182037802922,-42.684056742915615,-0.21789562370390278,14.014953476232499,-0.04593960525765017,-25.049113913135916,0.14951036861664863,-47.057165634728484,0.3196625855594684,49.71445643960615,-0.03635708494780777,-0.4518660643340369,-0.00037072,0.43244265370396856,0.00017264,1,1.0
1907,0.3921639015870293,0.17881045344306418,-0.00033195,1.9316863821678012,3.010182037802922,-8.03408359667601,-0.21789562370390278,13.315373883277559,-0.04593960525765017,-96.98623605333873,0.14951036861664863,56.6664929870637,0.3196625855594684,53.90889011210053,-0.03635708494780777,0.2369294886938439,-0.00037072,0.4210115751337481,0.00017264,0,1.0
1908,0.10053925243888273,1.1833781502123868,-0.00033195,1.9316863821678012,3.010182037802922,27.909682855313,-0.21789562370390278,-8.5704887513514,-0.04593960525765017,-12.715120279730126,0.14951036861664863,71.31949765968014,0.3196625855594684,-4.909128250814085,-0.03635708494780777,-0.04390529964019241,-0.00037072,1.263303853444643,0.00017264,1,1.0
1909,2.0401834932379233,1.5008041739761282,-0.00033195,1.9316863821678012,3.010182037802922,18.809343487352706,-0.21789562370390278,14.43029693116208,-0.04593960525765017,-37.30579407500364,0.14951036861664863,-94.13997496665169,0.3196625855594684,69.38515612525393,-0.03635708494780777,0.3229973759900527,-0.00037072,1.0572190034944609,0.00017264,0,1.0
1910,0.8314943544261356,0.16956524481840357,-0.00033195,1.9316863821678012,3.010182037802922,-73.11746011839688,-0.21789562370390278,-1.0459641837703932,-0.04593960525765017,-28.263389191408656,0.14951036861664863,13.253439678714715,0.3196625855594684,69.22255759074712,-0.03635708494780777,-0.10708792150422128,-0.00037072,0.10743172321190891,0.00017264,1,1.0
1911,-0.10121710835841657,0.9259080411564055,-0.00033195,1.9316863821678012,3.010182037802922,51.84937150609611,-0.21789562370390278,23.58467943850871,-0.04593960525765017,-72.08816209510745,0.14951036861664863,24.492580475482658,0.3196625855594684,-8.979150441234694,-0.03635708494780777,-0.08950225495571001,-0.00037072,0.8110798683503277,0.00017264,1,1.0
1912,0.7453080849235107,0.47171066138904394,-0.00033195,1.9316863821678012,3.010182037802922,52.69733283756609,-0.21789562370390278,31.237795188272315,-0.04593960525765017,-100.0,0.14951036861664863,8.41275858635456,0.3196625855594684,23.961717988898556,-0.03635708494780777,0.3290415279660498,-0.00037072,1.1116202057413105,0.00017264,0,1.0
1913,0.290007889133336,0.014089040611554917,-0.00033195,1.9316863821678012,3.010182037802922,-36.86841932134986,-0.21789562370390278,3.5554520917977874,-0.04593960525765017,-47.33548721092359,0.14951036861664863,30.068567539558988,0.3196625855594684,46.04153945113717,-0.03635708494780777,-0.061484805236210235,-0.00037072,0.06157419637361726,0.00017264,1,1.0
1914,0.1389252952167821,1.1387414654350125,-0.00033195,1.9316863821678012,3.010182037802922,33.331098248399236,-0.21789562370390278,28.01856807385495,-0.04593960525765017,-87.11480101867204,0.14951036861664863,-9.80835690278798,0.3196625855594684,18.25203369041017,-0.03635708494780777,-0.4900239047351759,-0.00037072,0.7758956958442055,0.00017264,1,1.0
1915,-0.00341445836994958,0.756008102294611,-0.00033195,1.9316863821678012,3.010182037802922,28.723030660096775,-0.21789562370390278,13.872596262653822,-0.04593960525765017,-13.13844937631497,0.14951036861664863,-6.886130988163014,0.3196625855594684,-21.09543408085177,-0.03635708494780777,-0.25846391463388396,-0.00037072,0.6243206788871959,0.00017264,1,1.0
1916,0.0012732983873466885,0.3474528307154302,-0.00033195,1.9316863821678012,3.010182037802922,80.07189927688046,-0.21789562370390278,7.796483194686067,-0.04593960525765017,-63.49267826860705,0.14951036861664863,92.72111504559635,0.3196625855594684,-19.05532239038346,-0.03635708494780777,0.5169699781465076,-0.00037072,1.4338222726663121,0.00017264,0,1.0
1917,-0.7611164237133362,2.8734915566277213,-0.00033195,1.9316863821678012,3.010182037802922,-15.062563235711158,-0.21789562370390278,5.358477771265956,-0.04593960525765017,-77.86580333658847,0.14951036861664863,78.34580842127824,0.3196625855594684,22.85099746873066,-0.03635708494780777,-0.5632406951986899,-0.00037072,0.07960343454670477,0.00017264,1,1.0
1918,1.0439716207522716,0.4236690953126271,-0.00033195,1.9316863821678012,3.010182037802922,10.65812861526699,-0.21789562370390278,21.470565973166455,-0.04593960525765017,-92.2650658208994,0.14951036861664863,-12.239503153586933,0.3196625855594684,62.33498090288023,-0.03635708494780777,0.2180679765402609,-0.00037072,0.6914754101717666,0.00017264,0,1.0
1919,0.5777658333537196,0.3513365088218092,-0.00033195,1.9316863821678012,3.010182037802922,44.0557251909693,-0.21789562370390278,18.93238368202567,-0.04593960525765017,-44.09611859709147,0.14951036861664863,-18.021414374086017,0.3196625855594684,5.177886186836027,-0.03635708494780777,0.28161481446906517,-0.00037072,0.7005572160527946,0.00017264,0,1.0
1920,0.9525844020658756,0.2985528263866931,-0.00033195,1.9316863821678012,3.010182037802922,-47.51548641429236,-0.21789562370390278,7.5168600282737765,-0.04593960525765017,-58.40271670289054,0.14951036861664863,-20.032415194092426,0.3196625855594684,81.00275985498796,-0.03635708494780777,-0.28945423063487513,-0.00037072,0.2676700487631191,0.00017264,1,1.0
1921,0.4620937288994007,0.7082724790112963,-0.00033195,1.9316863821678012,3.010182037802922,34.533427098189726,-0.21789562370390278,22.705627284700824,-0.04593960525765017,-53.15542740395539,0.14951036861664863,-58.487282236862015,0.3196625855594684,18.786551990986446,-0.03635708494780777,-0.42446641132978613,-0.00037072,0.6232441653030133,0.00017264,1,1.0
1922,1.2105161563395395,0.35912142533549996,-0.00033195,1.9316863821678012,3.010182037802922,-33.264404524267604,-0.21789562370390278,10.715754592341403,-0.04593960525765017,-35.623418226741734,0.14951036861664863,-69.97793720821828,0.3196625855594684,70.82225327378535,-0.03635708494780777,-0.3125938999399572,-0.00037072,0.3137668103836731,0.00017264,1,1.0
1923,0.00043339595425073707,0.12478809955968169,-0.00033195,1.9316863821678012,3.010182037802922,47.98931409244453,-0.21789562370390278,9.569581542194213,-0.04593960525765017,-47.97757995256113,0.14951036861664863,62.56574563598257,0.3196625855594684,-12.916461207332091,-0.03635708494780777,0.369279349481428,-0.00037072,0.885466391265926,0.00017264,0,1.0
1924,0.41832987650288644,0.12593188818679305,-0.00033195,1.9316863821678012,3.010182037802922,92.47629626438567,-0.21789562370390278,22.5234691518466,-0.04593960525765017,-58.105652391549754,0.14951036861664863,-32.284669889608,0.3196625855594684,-8.9243642176544,-0.03635708494780777,0.35328756551469986,-0.00037072,0.8587053541995684,0.00017264,0,1.0
1925,1.2657696766423605,0.38485852399219833,-0.00033195,1.9316863821678012,3.010182037802922,-43.654709354021186,-0.21789562370390278,2.8933175170359413,-0.04593960525765017,-9.478959897653864,0.14951036861664863,-69.03095247244471,0.3196625855594684,67.24739218968266,-0.03635708494780777,-0.21250120121582555,-0.00037072,0.21712943727726414,0.00017264,1,1.0
1926,0.4252137500908978,0.44071197588011823,-0.00033195,1.9316863821678012,3.010182037802922,-99.81352174686813,-0.21789562370390278,-11.43760287490253,-0.04593960525765017,-42.7596506721042,0.14951036861664863,93.9843121356716,0.3196625855594684,77.62486068138718,-0.03635708494780777,-0.3641721777537409,-0.00037072,0.3623654228165397,0.00017264,1,1.0
1927,0.027247733682562548,0.001012969609632899,-0.00033195,1.9316863821678012,3.010182037802922,-2.2208121122628897,-0.21789562370390278,0.7306242475680412,-0.04593960525765017,-5.701710787827255,0.14951036861664863,1.8009065564627127,0.3196625855594684,4.473977068588904,-0.03635708494780777,-0.018519221070169577,-0.00037072,0.019091915723642907,0.00017264,1,1.0
1928,1.2817042365474085,0.3231013045687041,-0.00033195,1.9316863821678012,3.010182037802922,-37.12529060650467,-0.21789562370390278,9.197257806697682,-0.04593960525765017,-18.252410713126626,0.14951036861664863,-79.18224309582168,0.3196625855594684,64.86259611807223,-0.03635708494780777,-0.2272507598404945,-0.00037072,0.22745592541440765,0.00017264,1,1.0
1929,0.9458651525933274,0.41273845707796736,-0.00033195,1.9316863821678012,3.010182037802922,54.13349706874493,-0.21789562370390278,14.6223868394653,-0.04593960525765017,-15.816473550552521,0.14951036861664863,-71.1135715164022,0.3196625855594684,7.185836970983297,-0.03635708494780777,0.353210161001219,-0.00037072,0.6335708266270703,0.00017264,0,1.0
1930,1.334594841586565,1.3867394251189602,-0.00033195,1.9316863821678012,3.010182037802922,-35.94052749407788,-0.21789562370390278,27.597517844491176,-0.04593960525765017,-66.53411762154747,0.14951036861664863,-79.9155247809882,0.3196625855594684,75.92627583428008,-0.03635708494780777,-0.7017981009721995,-0.00037072,0.6963761616656198,0.00017264,1,1.0
1931,0.3804131967621798,0.11667869847760286,-0.00033195,1.9316863821678012,3.010182037802922,45.08792887913167,-0.21789562370390278,15.332666622470157,-0.04593960525765017,-63.092931332045985,0.14951036861664863,13.405678822483363,0.3196625855594684,12.86238382399638,-0.03635708494780777,0.4363701913892615,-0.00037072,0.5774272776458205,0.00017264,0,1.0
1932,0.9981579708470014,0.4881258037395012,-0.00033195,1.9316863821678012,3.010182037802922,-34.5286558335322,-0.21789562370390278,17.93701571503314,-0.04593960525765017,-88.78620949990875,0.14951036861664863,-30.575793583563055,0.3196625855594684,87.63371607220964,-0.03635708494780777,-0.4641864377027959,-0.00037072,0.47364447528758735,0.00017264,1,1.0
1933,0.0005908020880699139,0.3503533908596955,-0.00033195,1.9316863821678012,3.010182037802922,24.708312536106103,-0.21789562370390278,1.3103426436026517,-0.04593960525765017,-22.156984814030157,0.14951036861664863,58.943816493949775,0.3196625855594684,-10.198142974798891,-0.03635708494780777,0.14418521634594245,-0.00037072,0.8153720883394273,0.00017264,0,1.0
1934,1.1859257448850542,2.2877649433606315,-0.00033195,1.9316863821678012,3.010182037802922,-20.543927402582618,-0.21789562370390278,-4.349650528717215,-0.04593960525765017,-27.20822602927482,0.14951036861664863,82.75482053084207,0.3196625855594684,40.935707456987245,-0.03635708494780777,0.09100952123215267,-0.00037072,1.8650212318396004,0.00017264,0,1.0
1935,0.2182536891848479,0.06844102886372357,-0.00033195,1.9316863821678012,3.010182037802922,78.108954582085,-0.21789562370390278,18.638652334232905,-0.04593960525765017,-61.62524811406095,0.14951036861664863,-1.7079066532777132,0.3196625855594684,-6.644081638782468,-0.03635708494780777,0.3787781497096664,-0.00037072,0.7344311852653417,0.00017264,0,1.0
1936,0.390654190358246,0.3021391759334362,-0.00033195,1.9316863821678012,3.010182037802922,38.185041063660805,-0.21789562370390278,13.784048048296377,-0.04593960525765017,-23.95640868209017,0.14951036861664863,-53.11632849736308,0.3196625855594684,4.696854455678511,-0.03635708494780777,-0.1430495588917841,-0.00037072,0.44379520408834366,0.00017264,1,1.0
1937,1.0829544879126272,0.6771941857692829,-0.00033195,1.9316863821678012,3.010182037802922,-50.31911983904393,-0.21789562370390278,19.357064082795446,-0.04593960525765017,-67.4212345658948,0.14951036861664863,-34.23261348577074,0.3196625855594684,77.69568495388053,-0.03635708494780777,-0.4851235165757096,-0.00037072,0.47864009415912523,0.00017264,1,1.0
1938,0.7574621901567936,0.9450799196052755,-0.00033195,1.9316863821678012,3.010182037802922,-38.5737284060753,-0.21789562370390278,12.322351237058271,-0.04593960525765017,-9.693580219928036,0.14951036861664863,-41.16546629591238,0.3196625855594684,32.19946435348053,-0.03635708494780777,-0.5473073954095445,-0.00037072,0.48301454709042735,0.00017264,1,1.0
1939,0.0022341929464677612,0.13275280431936404,-0.00033195,1.9316863821678012,3.010182037802922,48.14733390736719,-0.21789562370390278,7.922994208035622,-0.04593960525765017,-21.73276652394627,0.14951036861664863,8.132001195638125,0.3196625855594684,-16.932720921129828,-0.03635708494780777,0.3281503867923218,-0.00037072,0.3742391512420692,0.00017264,0,1.0
1940,1.3832572360452946,0.7105741416183702,-0.00033195,1.9316863821678012,3.010182037802922,42.13047520639161,-0.21789562370390278,15.331802240486946,-0.04593960525765017,-17.103164857093674,0.14951036861664863,-94.37219068589451,0.3196625855594684,27.843070802920135,-0.03635708494780777,0.3167090430217576,-0.00037072,0.7280468247395342,0.00017264,0,1.0
1941,0.9511682686378856,0.6917909605151062,-0.00033195,1.9316863821678012,3.010182037802922,12.093213782989894,-0.21789562370390278,7.824701108733918,-0.04593960525765017,-59.744706799568036,0.14951036861664863,6.53283378446945,0.3196625855594684,49.78111766512637,-0.03635708494780777,0.2227577982296699,-0.00037072,0.8709356633406174,0.00017264,0,1.0
1942,1.4392660414145388,0.3531239156479882,-0.00033195,1.9316863821678012,3.010182037802922,-74.59791610233712,-0.21789562370390278,4.913841393413085,-0.04593960525765017,-26.28632525112273,0.14951036861664863,-47.3098991400887,0.3196625855594684,88.42735375067278,-0.03635708494780777,-0.0673605739375273,-0.00037072,0.0677022165543522,0.00017264,1,1.0
1943,0.4018942823163,0.14111956525302147,-0.00033195,1.9316863821678012,3.010182037802922,-15.091868227578535,-0.21789562370390278,10.243379276126038,-0.04593960525765017,-53.20823988409919,0.14951036861664863,-6.014814477576854,0.3196625855594684,43.41349553490611,-0.03635708494780777,-0.26280029333755645,-0.00037072,0.26355001963165475,0.00017264,1,1.0
1944,-0.5203555462446627,7.3453649191722645,-0.00033195,1.9316863821678012,3.010182037802922,8.458067474949086,-0.21789562370390278,29.01503509278402,-0.04593960525765017,-30.699933672961123,0.14951036861664863,27.871225003962863,0.3196625855594684,-42.60002825593036,-0.03635708494780777,-1.4279756015310594,-0.00037072,1.4320135014206532,0.00017264,1,1.0
1945,0.0036675652536535264,0.5306791042878626,-0.00033195,1.9316863821678012,3.010182037802922,78.47046204609056,-0.21789562370390278,17.544220763898497,-0.04593960525765017,-28.50359426573762,0.14951036861664863,34.45006460889904,0.3196625855594684,-45.94439459231352,-0.03635708494780777,0.2550759223814899,-0.00037072,1.2500419068246291,0.00017264,0,1.0
1946,0.33522537221431165,0.9168447944735665,-0.00033195,1.9316863821678012,3.010182037802922,62.37629982822248,-0.21789562370390278,-0.04657350599733282,-0.04593960525765017,-59.56373043213081,0.14951036861664863,94.97780896365067,0.3196625855594684,3.968482199893733,-0.03635708494780777,0.28899436048677174,-0.00037072,1.7821652157979542,0.00017264,0,1.0
1947,0.7774214025084619,0.5229344598115299,-0.00033195,1.9316863821678012,3.010182037802922,7.050101497434595,-0.21789562370390278,8.936080122431674,-0.04593960525765017,-93.79793207968787,0.14951036861664863,61.03513393460774,0.3196625855594684,59.131274353132774,-0.03635708494780777,0.33735538810438875,-0.00037072,0.9935320812447586,0.00017264,0,1.0
1948,0.007383047683165556,0.41635754509402206,-0.00033195,1.9316863821678012,3.010182037802922,43.61337498636497,-0.21789562370390278,20.37336843164251,-0.04593960525765017,-74.98957489607135,0.14951036861664863,48.9696975524558,0.3196625855594684,-2.4111478276115967,-0.03635708494780777,0.14901372676080804,-0.00037072,0.8484107226525497,0.00017264,0,1.0
1949,0.2623963662276121,0.37008650810256494,-0.00033195,1.9316863821678012,3.010182037802922,41.320462084504264,-0.21789562370390278,16.097303368074492,-0.04593960525765017,-29.47184602098814,0.14951036861664863,-46.92800136300752,0.3196625855594684,-0.2139919621994358,-0.03635708494780777,-0.20858844963140055,-0.00037072,0.47335658532587455,0.00017264,1,1.0
1950,0.16830920075517375,0.17472790032103214,-0.00033195,1.9316863821678012,3.010182037802922,48.410679542222056,-0.21789562370390278,9.864353783619503,-0.04593960525765017,-16.4991941694542,0.14951036861664863,-23.794278553383837,0.3196625855594684,-12.113521031269828,-0.03635708494780777,0.1657373093737233,-0.00037072,0.38118592947406116,0.00017264,0,1.0
1951,1.3286428748437777,0.5290426046295384,-0.00033195,1.9316863821678012,3.010182037802922,43.6835409701075,-0.21789562370390278,28.102421451144487,-0.04593960525765017,-85.57886128572511,0.14951036861664863,-53.422433195288605,0.3196625855594684,50.20058475141889,-0.03635708494780777,0.34146353100275506,-0.00037072,0.9257617878261749,0.00017264,0,1.0
1952,2.1030881267442973,2.6468580570730205,-0.00033195,1.9316863821678012,3.010182037802922,56.198320253335034,-0.21789562370390278,11.985550055974295,-0.04593960525765017,-14.799084110455249,0.14951036861664863,-71.82047596183915,0.3196625855594684,35.068218924483716,-0.03635708494780777,0.6338755483574104,-0.00037072,1.6976444662505545,0.00017264,0,1.0
1953,-2.293069476888565e-05,0.10463079334144922,-0.00033195,1.9316863821678012,3.010182037802922,51.94820206093446,-0.21789562370390278,7.784342792552492,-0.04593960525765017,-34.709518354758416,0.14951036861664863,42.4112813367791,0.3196625855594684,-17.07082665759321,-0.03635708494780777,0.3629349443781865,-0.00037072,0.7447359361245259,0.00017264,0,1.0
1954,1.2526517270869237,1.513668657629245,-0.00033195,1.9316863821678012,3.010182037802922,18.902956104577534,-0.21789562370390278,27.655084387004326,-0.04593960525765017,-99.93062129479843,0.14951036861664863,60.030826557699605,0.3196625855594684,40.81344705105725,-0.03635708494780777,0.4198471290728004,-0.00037072,1.7823662873928185,0.00017264,0,1.0
1955,0.5316257309719192,0.09190127898142472,-0.00033195,1.9316863821678012,3.010182037802922,-47.625079268333714,-0.21789562370390278,6.637701102924351,-0.04593960525765017,-48.073519052235305,0.14951036861664863,16.556066469030952,0.3196625855594684,55.19931441969091,-0.03635708494780777,-0.1678526976463172,-0.00037072,0.16711122030245643,0.00017264,1,1.0
1956,1.2053868571857618,0.8428208720569073,-0.00033195,1.9316863821678012,3.010182037802922,-53.234109107231454,-0.21789562370390278,24.286739169270447,-0.04593960525765017,-96.954723036427,0.14951036861664863,-33.227962800579114,0.3196625855594684,97.34250296823946,-0.03635708494780777,-0.5772782651079865,-0.00037072,0.5723073132669657,0.00017264,1,1.0
1957,0.45454274354365287,0.12493230010357899,-0.00033195,1.9316863821678012,3.010182037802922,49.49970020834233,-0.21789562370390278,18.10606020181169,-0.04593960525765017,-73.44842077896934,0.14951036861664863,8.502551004914935,0.3196625855594684,17.961260003259095,-0.03635708494780777,0.3985538951017442,-0.00037072,0.6687767675869714,0.00017264,0,1.0
1958,0.4839503027851158,0.10956287558533395,-0.00033195,1.9316863821678012,3.010182037802922,-7.985202182107172,-0.21789562370390278,7.801909769605602,-0.04593960525765017,-27.65085745656347,0.14951036861664863,-30.415509205338022,0.3196625855594684,32.05746952965319,-0.03635708494780777,-0.21769408669976478,-0.00037072,0.2189735550625355,0.00017264,1,1.0
1959,1.1076150028076563,3.8817497334829763,-0.00033195,1.9316863821678012,3.010182037802922,37.75111382218491,-0.21789562370390278,35.318219528662645,-0.04593960525765017,-20.760012175577955,0.14951036861664863,-77.96475037767664,0.3196625855594684,-8.72793867775495,-0.03635708494780777,-0.4957675822684182,-0.00037072,1.5712707170741438,0.00017264,1,1.0
1960,-0.502222190458151,5.6756700417075985,-0.00033195,1.9316863821678012,3.010182037802922,-28.46019500386197,-0.21789562370390278,18.040081140879302,-0.04593960525765017,-19.805638959936054,0.14951036861664863,29.765631558132043,0.3196625855594684,-19.14215396090158,-0.03635708494780777,-1.3951746372738776,-0.00037072,0.8987551226375134,0.00017264,1,1.0
1961,0.7415887291894554,0.3369274253308833,-0.00033195,1.9316863821678012,3.010182037802922,-0.8006785511306711,-0.21789562370390278,13.652026470466938,-0.04593960525765017,-40.14072660896512,0.14951036861664863,-58.542090055060655,0.3196625855594684,43.14519512424897,-0.03635708494780777,-0.3646053001390531,-0.00037072,0.3977093601189118,0.00017264,1,1.0
1962,2.337865841049343,3.1401719131076016,-0.00033195,1.9316863821678012,3.010182037802922,31.46694987995236,-0.21789562370390278,13.205837207976158,-0.04593960525765017,-47.23123849173844,0.14951036861664863,-40.25019078728198,0.3196625855594684,66.1449256493308,-0.03635708494780777,0.6766580227832564,-0.00037072,1.829415691350221,0.00017264,0,1.0
1963,0.10361618783294912,0.13544387888400128,-0.00033195,1.9316863821678012,3.010182037802922,-5.626525380453637,-0.21789562370390278,9.205452771932153,-0.04593960525765017,-62.262819798341816,0.14951036861664863,25.477997863793092,0.3196625855594684,33.44943554368711,-0.03635708494780777,-0.14765819511788414,-0.00037072,0.2602280275293305,0.00017264,1,1.0
1964,-0.009019246419954774,0.4361093650294338,-0.00033195,1.9316863821678012,3.010182037802922,28.290784343600475,-0.21789562370390278,7.848413129338361,-0.04593960525765017,-8.613390408737924,0.14951036861664863,15.59965339886729,0.3196625855594684,-21.32553740326905,-0.03635708494780777,-0.0030872816606744014,-0.00037072,0.6005765391206082,0.00017264,1,1.0
1965,1.0623407985709492,0.42045212058459686,-0.00033195,1.9316863821678012,3.010182037802922,28.061572709654417,-0.21789562370390278,17.626238187589358,-0.04593960525765017,-69.0927013968723,0.14951036861664863,-25.0305302143535,0.3196625855594684,46.30912387333686,-0.03635708494780777,0.35654264467372354,-0.00037072,0.7324743854656285,0.00017264,0,1.0
1966,0.045816260809346226,0.2265955555533387,-0.00033195,1.9316863821678012,3.010182037802922,31.28056767833836,-0.21789562370390278,2.009637884388277,-0.04593960525765017,-15.18590704490272,0.14951036861664863,17.78393685709126,0.3196625855594684,-7.6484271748277175,-0.03635708494780777,0.14223103727866207,-0.00037072,0.48308248698390477,0.00017264,0,1.0
1967,0.09426493267170222,0.351613291796962,-0.00033195,1.9316863821678012,3.010182037802922,83.90186462602756,-0.21789562370390278,18.729436444260756,-0.04593960525765017,-16.099850810054264,0.14951036861664863,-41.854309962694906,0.3196625855594684,-37.681387576287065,-0.03635708494780777,0.143351783566385,-0.00037072,0.656862926295261,0.00017264,0,1.0
1968,0.0742262628416025,0.12463268057329513,-0.00033195,1.9316863821678012,3.010182037802922,3.6292091255275567,-0.21789562370390278,9.461756825356897,-0.04593960525765017,-83.89758102630171,0.14951036861664863,78.93499136124291,0.3196625855594684,31.677279992686714,-0.03635708494780777,0.3282946546434225,-0.00037072,0.4271267800237801,0.00017264,0,1.0
1969,0.6781272628043922,0.29459515879642306,-0.00033195,1.9316863821678012,3.010182037802922,25.270617422628714,-0.21789562370390278,10.699755325563698,-0.04593960525765017,-48.98635352039482,0.14951036861664863,2.6507663887858173,0.3196625855594684,26.316460031830452,-0.03635708494780777,0.3814279074249052,-0.00037072,0.6123051873140083,0.00017264,0,1.0
1970,0.8221913662754532,0.38414502229908787,-0.00033195,1.9316863821678012,3.010182037802922,-2.4560493983338305,-0.21789562370390278,14.457474981437011,-0.04593960525765017,-40.94346211922793,0.14951036861664863,-66.64517858878584,0.3196625855594684,47.145925572640536,-0.03635708494780777,-0.411245553554445,-0.00037072,0.41825037616521094,0.00017264,1,1.0
1971,1.221493400825064,0.6762884429869456,-0.00033195,1.9316863821678012,3.010182037802922,-3.732145443936816,-0.21789562370390278,23.17977171461559,-0.04593960525765017,-89.14779496708158,0.14951036861664863,-46.05170263399467,0.3196625855594684,76.03759997992556,-0.03635708494780777,-0.14835403441527534,-0.00037072,0.6841365850219245,0.00017264,1,1.0
1972,0.3880303540424894,0.26556760772918403,-0.00033195,1.9316863821678012,3.010182037802922,-17.116717926226574,-0.21789562370390278,-3.3743797144212353,-0.04593960525765017,-8.42648169162754,0.14951036861664863,-10.26232369926158,0.3196625855594684,30.27959410302161,-0.03635708494780777,-0.2667720496186337,-0.00037072,0.277667421232554,0.00017264,1,1.0
1973,0.12457984329039173,0.061947469914554756,-0.00033195,1.9316863821678012,3.010182037802922,99.86708130183307,-0.21789562370390278,24.002485965990903,-0.04593960525765017,-69.6761875571845,0.14951036861664863,-8.639188278363264,0.3196625855594684,-17.72013352893265,-0.03635708494780777,0.3521951234050301,-0.00037072,0.8636965806708089,0.00017264,0,1.0
1974,1.05089090482157,0.6004332323014456,-0.00033195,1.9316863821678012,3.010182037802922,8.437996176344738,-0.21789562370390278,18.87484349653637,-0.04593960525765017,-49.23153533154203,0.14951036861664863,-80.23842783351509,0.3196625855594684,51.04649099474915,-0.03635708494780777,-0.32155379281414137,-0.00037072,0.567938037674768,0.00017264,1,1.0
1975,0.003075590499346914,0.48065038535287574,-0.00033195,1.9316863821678012,3.010182037802922,99.1754688727139,-0.21789562370390278,19.80044051695578,-0.04593960525765017,-38.33736213033117,0.14951036861664863,44.11115372906447,0.3196625855594684,-52.72849897100009,-0.03635708494780777,0.4423289958559831,-0.00037072,1.425476240150904,0.00017264,0,1.0
1976,0.03480161704561713,8.763519924431568,-0.00033195,1.9316863821678012,3.010182037802922,16.808751911966027,-0.21789562370390278,42.9688383751777,-0.04593960525765017,-44.93869060245545,0.14951036861664863,-32.579092635800734,0.3196625855594684,-28.031949718430628,-0.03635708494780777,-1.6510705692290808,-0.00037072,1.7201132728547492,0.00017264,1,1.0
1977,0.6713975137822711,0.48972019628943075,-0.00033195,1.9316863821678012,3.010182037802922,79.95987181576191,-0.21789562370390278,12.192174060553883,-0.04593960525765017,-50.22569864893811,0.14951036861664863,-15.475879621928184,0.3196625855594684,6.997001562695711,-0.03635708494780777,0.31467336724684547,-0.00037072,1.170989674194205,0.00017264,0,1.0
1978,0.9938550670773214,0.3420360458992254,-0.00033195,1.9316863821678012,3.010182037802922,41.578639487540066,-0.21789562370390278,22.454326494381522,-0.04593960525765017,-75.78558214572487,0.14951036861664863,-29.85605550506364,0.3196625855594684,38.38174225030582,-0.03635708494780777,0.36202413127843547,-0.00037072,0.7791192904674477,0.00017264,0,1.0
1979,1.3120276618688989,0.3455656714784978,-0.00033195,1.9316863821678012,3.010182037802922,-42.72349556576216,-0.21789562370390278,10.919587566060155,-0.04593960525765017,-29.368436791969,0.14951036861664863,-72.58061546487285,0.3196625855594684,72.32948702117025,-0.03635708494780777,-0.25330887611798114,-0.00037072,0.2538271096890181,0.00017264,1,1.0
1980,0.44673113305426704,0.11147609699118875,-0.00033195,1.9316863821678012,3.010182037802922,24.4455212976135,-0.21789562370390278,17.92212335206135,-0.04593960525765017,-98.25994536011963,0.14951036861664863,43.86768286156319,0.3196625855594684,38.929633228598505,-0.03635708494780777,0.41868982911835295,-0.00037072,0.6123939518762023,0.00017264,0,1.0
1981,1.2205892082076253,0.5658020235113368,-0.00033195,1.9316863821678012,3.010182037802922,91.07895348233234,-0.21789562370390278,35.79118264634148,-0.04593960525765017,-78.40364366163509,0.14951036861664863,-85.64919885261455,0.3196625855594684,19.11527995421867,-0.03635708494780777,0.31570144350350027,-0.00037072,1.1683547816901307,0.00017264,0,1.0
1982,2.7005422821896437,5.952925899897773,-0.00033195,1.9316863821678012,3.010182037802922,-44.071053876673886,-0.21789562370390278,21.751838113484357,-0.04593960525765017,-52.258280891522936,0.14951036861664863,39.19192687325849,0.3196625855594684,75.0566319613209,-0.03635708494780777,0.15107927105220798,-0.00037072,2.856800645129255,0.00017264,0,1.0
1983,1.1474683194742643,2.1470006369588757,-0.00033195,1.9316863821678012,3.010182037802922,-88.20597289834303,-0.21789562370390278,19.714944388929712,-0.04593960525765017,-59.66902229586609,0.14951036861664863,-62.41390783274633,0.3196625855594684,95.55278974732965,-0.03635708494780777,-1.1025365048064328,-0.00037072,0.3641754299101858,0.00017264,1,1.0
1984,0.6699068764452607,1.5324052225943436,-0.00033195,1.9316863821678012,3.010182037802922,19.830513649088143,-0.21789562370390278,-5.6970117642133875,-0.04593960525765017,-19.653729008790677,0.14951036861664863,64.96345620024972,0.3196625855594684,13.685287278738642,-0.03635708494780777,0.0991259142429941,-0.00037072,1.5895841284832413,0.00017264,0,1.0
1985,0.15885535882200047,0.09283266353137118,-0.00033195,1.9316863821678012,3.010182037802922,-69.85668566920825,-0.21789562370390278,-4.005446447031544,-0.04593960525765017,-52.72720872395959,0.14951036861664863,85.72765435381896,0.3196625855594684,58.063142128135375,-0.03635708494780777,-0.17966099429193047,-0.00037072,0.18223297737952068,0.00017264,1,1.0
1986,1.1849061359293382,0.5247201785519436,-0.00033195,1.9316863821678012,3.010182037802922,-32.36573315092315,-0.21789562370390278,18.532718269872905,-0.04593960525765017,-67.18586556093149,0.14951036861664863,-60.677007245550634,0.3196625855594684,80.60250220805916,-0.03635708494780777,-0.45309640356819064,-0.00037072,0.4589316874977499,0.00017264,1,1.0
1987,0.003661871603183542,0.47577453288725635,-0.00033195,1.9316863821678012,3.010182037802922,63.8656592916158,-0.21789562370390278,15.609110089002481,-0.04593960525765017,-11.212600840902875,0.14951036861664863,-18.92123931379296,0.3196625855594684,-36.541575396001306,-0.03635708494780777,0.04978129933768638,-0.00037072,0.6649964617696625,0.00017264,0,1.0
1988,1.2562134740105582,0.3514452762208322,-0.00033195,1.9316863821678012,3.010182037802922,-68.21843639611929,-0.21789562370390278,0.7982157286077004,-0.04593960525765017,-23.811621730560113,0.14951036861664863,-34.76808761751208,0.3196625855594684,82.83063795697588,-0.03635708494780777,-0.13742685089757645,-0.00037072,0.1354950683564276,0.00017264,1,1.0
1989,0.3826317259196261,0.0657148760647956,-0.00033195,1.9316863821678012,3.010182037802922,-69.19140646459239,-0.21789562370390278,-1.5273329673269285,-0.04593960525765017,-50.75603489653851,0.14951036861664863,61.16964281659409,0.3196625855594684,63.798413795880634,-0.03635708494780777,-0.11714618948802447,-0.00037072,0.11737724686964845,0.00017264,1,1.0
1990,0.003758467236212315,0.7612405066930605,-0.00033195,1.9316863821678012,3.010182037802922,-20.076664026442813,-0.21789562370390278,17.10568002554125,-0.04593960525765017,-88.8657056191426,0.14951036861664863,71.15242580048186,0.3196625855594684,34.19098175304321,-0.03635708494780777,-0.3281563289910692,-0.00037072,0.6472730764520243,0.00017264,1,1.0
1991,0.05627549547969246,1.520486264011869,-0.00033195,1.9316863821678012,3.010182037802922,-83.480442128187,-0.21789562370390278,8.48909735170614,-0.04593960525765017,-62.84916191972848,0.14951036861664863,74.68599408463986,0.3196625855594684,53.18408285526464,-0.03635708494780777,-0.8089675813984549,-0.00037072,0.45357476381813283,0.00017264,1,1.0
1992,0.36318756512816835,0.10117160868623504,-0.00033195,1.9316863821678012,3.010182037802922,-40.8809936798401,-0.21789562370390278,-3.250960609995052,-0.04593960525765017,-0.21868414274138817,0.14951036861664863,11.986543203266004,0.3196625855594684,26.904939943112932,-0.03635708494780777,-0.16921709218573983,-0.00037072,0.16905918563796385,0.00017264,1,1.0
1993,0.9431268371314604,0.14955891830535364,-0.00033195,1.9316863821678012,3.010182037802922,-60.95612254986578,-0.21789562370390278,2.9505139499781308,-0.04593960525765017,-29.69308736938804,0.14951036861664863,-12.490495869864267,0.3196625855594684,68.43045825556679,-0.03635708494780777,-0.03231094737142325,-0.00037072,0.033097156899955564,0.00017264,1,1.0
1994,0.6254366310653809,0.34686127961936397,-0.00033195,1.9316863821678012,3.010182037802922,51.2157501678603,-0.21789562370390278,14.358596541826712,-0.04593960525765017,-13.525009701435465,0.14951036861664863,-72.52270264131141,0.3196625855594684,0.34205182199088296,-0.03635708494780777,0.04201505640575892,-0.00037072,0.5249659443069732,0.00017264,0,1.0
1995,0.2545705657558735,0.059939590803241474,-0.00033195,1.9316863821678012,3.010182037802922,-35.1246046298955,-0.21789562370390278,7.761603402029546,-0.04593960525765017,-71.4256048750016,0.14951036861664863,38.938035353133316,0.3196625855594684,54.97297000332399,-0.03635708494780777,-0.17014850110116794,-0.00037072,0.17196897639032713,0.00017264,1,1.0
1996,0.17295358636078317,0.16335680038048084,-0.00033195,1.9316863821678012,3.010182037802922,20.77719754774158,-0.21789562370390278,9.412066947459925,-0.04593960525765017,-41.73049516005239,0.14951036861664863,4.456417322993985,0.3196625855594684,12.841477864899876,-0.03635708494780777,0.06541777291625817,-0.00037072,0.3302446586411572,0.00017264,0,1.0
1997,0.41911143947615104,0.11423270723461904,-0.00033195,1.9316863821678012,3.010182037802922,6.793398977296552,-0.21789562370390278,7.040499518898873,-0.04593960525765017,-11.723759833220656,0.14951036861664863,-46.37922803438142,0.3196625855594684,17.179780874765626,-0.03635708494780777,-0.22672725300505264,-0.00037072,0.2281817032631301,0.00017264,1,1.0
1998,0.5325685418960163,0.23060683926216755,-0.00033195,1.9316863821678012,3.010182037802922,11.006864893140758,-0.21789562370390278,10.809219133805398,-0.04593960525765017,-21.15080838000362,0.14951036861664863,-59.83071366794828,0.3196625855594684,23.211159570890118,-0.03635708494780777,-0.324408059393955,-0.00037072,0.3308104553481187,0.00017264,1,1.0
1999,1.0868200658451113,0.37342858461314016,-0.00033195,1.9316863821678012,3.010182037802922,59.31090037229071,-0.21789562370390278,28.333522454833968,-0.04593960525765017,-94.35841671514616,0.14951036861664863,-39.29338555738126,0.3196625855594684,41.351501446241166,-0.03635708494780777,0.3344895046719453,-0.00037072,0.9872462117257992,0.00017264,0,1.0
2000,0.16657315483336446,0.030444206592294885,-0.00033195,1.6678666942165532,5.531167055040017,-33.561436873893975,-0.21789562370390278,8.866876475482028,-0.04593960525765017,-45.4277829326291,0.14951036861664863,18.440925452221514,0.3196625855594684,41.52208249686657,-0.03635708494780777,0.020135180915864137,-0.00037072,0.03786459058017756,0.00017264,0,1.0
2001,0.11751688203119204,0.15266879458205967,-0.00033195,1.6678666942165532,5.531167055040017,91.03429714217954,-0.21789562370390278,42.87991610619952,-0.04593960525765017,-38.28807215047165,0.14951036861664863,43.10517234101809,0.3196625855594684,-41.578852253553556,-0.03635708494780777,0.015246678619838375,-0.00037072,0.2016845131710467,0.00017264,0,1.0
2002,0.24214003608822882,0.003005638066940664,-0.00033195,1.6678666942165532,5.531167055040017,-95.33330115762556,-0.21789562370390278,12.933779498010995,-0.04593960525765017,-81.43873354949447,0.14951036861664863,-44.57841898907388,0.3196625855594684,91.18794461223318,-0.03635708494780777,-0.0284256588234003,-0.00037072,0.028426933121925665,0.00017264,1,1.0
2003,0.2053868655866526,0.005733114040013343,-0.00033195,1.6678666942165532,5.531167055040017,-85.56520132396491,-0.21789562370390278,3.298761605345602,-0.04593960525765017,-53.50803640872797,0.14951036861664863,76.53377477070147,0.3196625855594684,66.01979020992488,-0.03635708494780777,-0.029390868035932986,-0.00037072,0.029443521806084498,0.00017264,1,1.0
2004,5.181651479760352e-05,0.06095955471940629,-0.00033195,1.6678666942165532,5.531167055040017,24.82925917008619,-0.21789562370390278,18.95000137105164,-0.04593960525765017,-82.94342205675383,0.14951036861664863,-59.73101703391624,0.3196625855594684,25.950759684814436,-0.03635708494780777,-0.04651058296399398,-0.00037072,0.13872106150316083,0.00017264,1,1.0
2005,0.2597882277738838,0.059305527771659844,-0.00033195,1.6678666942165532,5.531167055040017,-63.39678340928223,-0.21789562370390278,19.263948848676577,-0.04593960525765017,-10.748590578866342,0.14951036861664863,14.172565686631968,0.3196625855594684,31.864983201993834,-0.03635708494780777,-0.11203398133918738,-0.00037072,0.11242177505030099,0.00017264,1,1.0
2006,0.42850097006264676,0.10549485964533725,-0.00033195,1.6678666942165532,5.531167055040017,-52.844113053511116,-0.21789562370390278,14.061749397386038,-0.04593960525765017,-61.197103090402145,0.14951036861664863,65.24360148790578,0.3196625855594684,71.46479116665891,-0.03635708494780777,0.072641486100423,-0.00037072,0.10469744485794645,0.00017264,0,1.0
2007,0.14349785814215604,0.024165401198530653,-0.00033195,1.6678666942165532,5.531167055040017,-45.39732911167535,-0.21789562370390278,23.312024499171944,-0.04593960525765017,-88.87262507932186,0.14951036861664863,-58.743947344543436,0.3196625855594684,61.564334049542346,-0.03635708494780777,-0.04353783887538218,-0.00037072,0.07601152670731967,0.00017264,1,1.0
2008,0.08834128696540211,0.0006324215872578031,-0.00033195,1.6678666942165532,5.531167055040017,-47.15894607974807,-0.21789562370390278,7.068771487007642,-0.04593960525765017,-55.15011515700296,0.14951036861664863,18.521138685728026,0.3196625855594684,45.70703478153021,-0.03635708494780777,-0.016163475400263774,-0.00037072,0.016220270204839227,0.00017264,1,1.0
2009,0.14643977219645718,0.009989715280278432,-0.00033195,1.6678666942165532,5.531167055040017,-58.802369131984804,-0.21789562370390278,23.021219669209717,-0.04593960525765017,-84.3916334468086,0.14951036861664863,-96.39028131134205,0.3196625855594684,67.79434662143332,-0.03635708494780777,-0.06349579053596692,-0.00037072,0.06341190834924675,0.00017264,1,1.0
2010,0.06998119682253366,0.14729886212272336,-0.00033195,1.6678666942165532,5.531167055040017,66.0393340962245,-0.21789562370390278,0.018222421415940708,-0.04593960525765017,-53.31621794139992,0.14951036861664863,47.884407424839075,0.3196625855594684,9.266900874205046,-0.03635708494780777,-0.009042550932625404,-0.00037072,0.23439095955056743,0.00017264,1,1.0
2011,0.5702835250328965,0.23261757293745766,-0.00033195,1.6678666942165532,5.531167055040017,21.182802406293153,-0.21789562370390278,47.75372924380386,-0.04593960525765017,-13.499464809026524,0.14951036861664863,-86.64861994504895,0.3196625855594684,18.297258021772546,-0.03635708494780777,0.03474582682828144,-0.00037072,0.2508643786177536,0.00017264,0,1.0
2012,0.008131614526945066,0.01010102856102365,-0.00033195,1.6678666942165532,5.531167055040017,-22.68247061719158,-0.21789562370390278,9.026226507231428,-0.04593960525765017,-63.26926325816343,0.14951036861664863,-56.20583018603433,0.3196625855594684,40.279568935792575,-0.03635708494780777,-0.058675487920736374,-0.00037072,0.059202568401551595,0.00017264,1,1.0
2013,0.18062525884637093,0.04520470967726087,-0.00033195,1.6678666942165532,5.531167055040017,-57.565461811843576,-0.21789562370390278,32.534383374185,-0.04593960525765017,-72.45988404009545,0.14951036861664863,-39.210784162588446,0.3196625855594684,49.622168829599275,-0.03635708494780777,-0.09804229025863573,-0.00037072,0.09854156762391048,0.00017264,1,1.0
2014,0.1505300848944462,0.0027389168769980723,-0.00033195,1.6678666942165532,5.531167055040017,-81.2604912443162,-0.21789562370390278,11.565175626368879,-0.04593960525765017,-89.31204769403651,0.14951036861664863,86.0931955065327,0.3196625855594684,70.6459868793258,-0.03635708494780777,-0.027616107791490502,-0.00037072,0.027922377597041612,0.00017264,1,1.0
2015,-1.2684388225325804e-05,0.055552165403000515,-0.00033195,1.6678666942165532,5.531167055040017,16.03152749227114,-0.21789562370390278,32.279947013474874,-0.04593960525765017,-91.95203965790583,0.14951036861664863,-15.680176849082851,0.3196625855594684,17.20639395879329,-0.03635708494780777,-0.049617190059673806,-0.00037072,0.11632313981257095,0.00017264,1,1.0
2016,0.18064807631523028,0.01113804126322672,-0.00033195,1.6678666942165532,5.531167055040017,-66.50263619537999,-0.21789562370390278,-7.012639387769592,-0.04593960525765017,-10.880185070961579,0.14951036861664863,84.95795101461184,0.3196625855594684,42.64433757230506,-0.03635708494780777,-0.04637761762805156,-0.00037072,0.04654042644488093,0.00017264,1,1.0
2017,0.1285509375621286,0.05253603410153025,-0.00033195,1.6678666942165532,5.531167055040017,-80.3296354909049,-0.21789562370390278,-15.066443137358398,-0.04593960525765017,-62.93936377733428,0.14951036861664863,23.029637690640396,0.3196625855594684,84.46716036167918,-0.03635708494780777,-0.08812749915024135,-0.00037072,0.0888665301789526,0.00017264,1,1.0
2018,0.000633436397165732,0.014048191811585117,-0.00033195,1.6678666942165532,5.531167055040017,19.386336688383974,-0.21789562370390278,8.523302136086656,-0.04593960525765017,-0.053412584499653255,0.14951036861664863,-25.46965358943828,0.3196625855594684,-11.572184362537433,-0.03635708494780777,-0.011275099685135508,-0.00037072,0.03344581756886455,0.00017264,1,1.0
2019,0.41832682995622783,0.15448042778010693,-0.00033195,1.6678666942165532,5.531167055040017,-11.359049205242357,-0.21789562370390278,19.44215544820684,-0.04593960525765017,-99.25239165091102,0.14951036861664863,-69.66458550450847,0.3196625855594684,86.22379346707655,-0.03635708494780777,0.032620737373280945,-0.00037072,0.2346659975264336,0.00017264,0,1.0
2020,0.17329146734683226,0.003245839949508167,-0.00033195,1.6678666942165532,5.531167055040017,-52.67909615601949,-0.21789562370390278,6.98886947065571,-0.04593960525765017,-28.442544490680323,0.14951036861664863,-54.563915297642836,0.3196625855594684,48.0814251720407,-0.03635708494780777,-0.011988801461219238,-0.00037072,0.015060685276594392,0.00017264,1,1.0
2021,0.0999580410344894,0.002159416218493631,-0.00033195,1.6678666942165532,5.531167055040017,-53.7041401487745,-0.21789562370390278,0.8953373797631771,-0.04593960525765017,-42.96171623977346,0.14951036861664863,96.70210476882751,0.3196625855594684,40.1408233493204,-0.03635708494780777,-0.021267369940679105,-0.00037072,0.021262652286438553,0.00017264,1,1.0
2022,0.1344349455933976,0.03530560875065385,-0.00033195,1.6678666942165532,5.531167055040017,-61.2550085598099,-0.21789562370390278,8.415094284219675,-0.04593960525765017,-98.13191665121491,0.14951036861664863,-54.43650072731709,0.3196625855594684,84.24367325256743,-0.03635708494780777,-0.06301137654879582,-0.00037072,0.09261373082797067,0.00017264,1,1.0
2023,0.0011095180928219206,0.019197835019666657,-0.00033195,1.6678666942165532,5.531167055040017,1.85246952356133,-0.21789562370390278,8.433550468250255,-0.04593960525765017,-44.75932055379888,0.14951036861664863,-4.511963163192472,0.3196625855594684,16.795626209711315,-0.03635708494780777,-0.02002856298506845,-0.00037072,0.05345297548728114,0.00017264,1,1.0
2024,0.21007279602033985,0.005967597742939413,-0.00033195,1.6678666942165532,5.531167055040017,-99.33424535767911,-0.21789562370390278,0.24011031687135762,-0.04593960525765017,-71.9201397054623,0.14951036861664863,93.38816165469531,0.3196625855594684,82.22714030852264,-0.03635708494780777,-0.015201901766063002,-0.00037072,0.015222575284665234,0.00017264,1,1.0
2025,5.542678842750809e-05,0.04200345673544673,-0.00033195,1.6678666942165532,5.531167055040017,43.391604383058855,-0.21789562370390278,4.811241473873793,-0.04593960525765017,-7.06806193229976,0.14951036861664863,52.37520578015876,0.3196625855594684,-20.005993116981482,-0.03635708494780777,0.035778267710808255,-0.00037072,0.054235857408015,0.00017264,0,1.0
2026,0.23866701109766442,0.005708017993329368,-0.00033195,1.6678666942165532,5.531167055040017,-69.37215088382747,-0.21789562370390278,10.061716465307468,-0.04593960525765017,-28.80913219485563,0.14951036861664863,-68.2005644862037,0.3196625855594684,58.39311168425382,-0.03635708494780777,-0.027812092833183127,-0.00037072,0.028323584875454586,0.00017264,1,1.0
2027,0.6338561005826548,0.2024392868406643,-0.00033195,1.6678666942165532,5.531167055040017,-80.60887824731496,-0.21789562370390278,39.485320964160906,-0.04593960525765017,-40.99884695642186,0.14951036861664863,-26.89821993618862,0.3196625855594684,74.45985415262022,-0.03635708494780777,-0.0491991048310331,-0.00037072,0.21588185517193878,0.00017264,1,1.0
2028,0.1193425417609919,0.06190014956826171,-0.00033195,1.6678666942165532,5.531167055040017,-32.08475560575281,-0.21789562370390278,35.878153070511765,-0.04593960525765017,-85.97664843740435,0.14951036861664863,1.8033093746982802,0.3196625855594684,35.82650125666688,-0.03635708494780777,-0.0857515129551967,-0.00037072,0.11432504419473843,0.00017264,1,1.0
2029,0.17958670659513654,0.006234628452851713,-0.00033195,1.6678666942165532,5.531167055040017,-60.55352024360096,-0.21789562370390278,-3.8898839857982708,-0.04593960525765017,-16.289622850127714,0.14951036861664863,-22.86246942239965,0.3196625855594684,51.40171775187865,-0.03635708494780777,-0.018312527322087473,-0.00037072,0.018488901282923267,0.00017264,1,1.0
2030,0.2989297262880497,0.00653754061278848,-0.00033195,1.6678666942165532,5.531167055040017,-93.20787883943042,-0.21789562370390278,8.394917214855331,-0.04593960525765017,-38.889146551688256,0.14951036861664863,-62.50391466495706,0.3196625855594684,78.3367581820333,-0.03635708494780777,-0.022468396414319875,-0.00037072,0.02255546391243832,0.00017264,1,1.0
2031,0.0012828264952088886,0.11202171005903747,-0.00033195,1.6678666942165532,5.531167055040017,75.75431724940886,-0.21789562370390278,14.809605240856612,-0.04593960525765017,-90.29262614849117,0.14951036861664863,93.55446855986361,0.3196625855594684,1.908386963287627,-0.03635708494780777,0.01459135114796209,-0.00037072,0.20838000352393582,0.00017264,0,1.0
2032,0.05068416765495783,0.03968706354755138,-0.00033195,1.6678666942165532,5.531167055040017,24.16935663252554,-0.21789562370390278,4.436000065838514,-0.04593960525765017,-9.821564255933785,0.14951036861664863,-85.95748222728902,0.3196625855594684,6.616447563404939,-0.03635708494780777,-0.017227825473848032,-0.00037072,0.08629565126814576,0.00017264,1,1.0
2033,0.1686437947493677,0.0031071432815595757,-0.00033195,1.6678666942165532,5.531167055040017,-57.323721269983885,-0.21789562370390278,7.620357810677292,-0.04593960525765017,-34.23790119982552,0.14951036861664863,-13.221749166561553,0.3196625855594684,47.678371725238776,-0.03635708494780777,-0.022232394884444354,-0.00037072,0.022490965116657623,0.00017264,1,1.0
2034,0.1958447207262721,0.002198214738544171,-0.00033195,1.6678666942165532,5.531167055040017,-82.67583413944105,-0.21789562370390278,6.338677391054844,-0.04593960525765017,-64.91751210814732,0.14951036861664863,14.600428328861987,0.3196625855594684,73.81154647167007,-0.03635708494780777,-0.008657393067107517,-0.00037072,0.008724720332151954,0.00017264,1,1.0
2035,0.12829487215692423,0.0009507438829354104,-0.00033195,1.6678666942165532,5.531167055040017,-47.59192179725371,-0.21789562370390278,7.713614095196262,-0.04593960525765017,-39.52275615959885,0.14951036861664863,-31.77984196606683,0.3196625855594684,45.38401199438249,-0.03635708494780777,-0.01697177018477513,-0.00037072,0.016976002637415492,0.00017264,1,1.0
2036,0.0823744946397408,0.005045377388394558,-0.00033195,1.6678666942165532,5.531167055040017,-57.96472361595835,-0.21789562370390278,-0.07285954895680871,-0.04593960525765017,-64.94352555851054,0.14951036861664863,54.81437895807903,0.3196625855594684,57.02574509889302,-0.03635708494780777,-0.024138777429123175,-0.00037072,0.024369143766580642,0.00017264,1,1.0
2037,0.001245479527754445,0.09423143040728836,-0.00033195,1.6678666942165532,5.531167055040017,13.602242069688254,-0.21789562370390278,-17.552500407324814,-0.04593960525765017,-20.351128646593114,0.14951036861664863,63.69887921553441,0.3196625855594684,16.564556252725314,-0.03635708494780777,-0.06370750660870317,-0.00037072,0.145766722119817,0.00017264,1,1.0
2038,3.6391712706820845e-05,0.035227100227078804,-0.00033195,1.6678666942165532,5.531167055040017,5.085515825262443,-0.21789562370390278,-3.061442613470882,-0.04593960525765017,-27.140392639362908,0.14951036861664863,-26.627510305741545,0.3196625855594684,18.67996051850126,-0.03635708494780777,-0.04517264910131674,-0.00037072,0.08354653737397594,0.00017264,1,1.0
2039,0.057313632843262186,0.013554334838866665,-0.00033195,1.6678666942165532,5.531167055040017,-36.04013761362286,-0.21789562370390278,-14.331738507171035,-0.04593960525765017,-7.631001132753526,0.14951036861664863,81.10475784839265,0.3196625855594684,26.455979336562606,-0.03635708494780777,-0.04559646253300054,-0.00037072,0.04544338392191162,0.00017264,1,1.0
2040,0.15364408426739964,0.021447859359914202,-0.00033195,1.6678666942165532,5.531167055040017,-23.882052949944256,-0.21789562370390278,9.574440085293768,-0.04593960525765017,-24.687156547571583,0.14951036861664863,-63.11418469188451,0.3196625855594684,33.1932621437597,-0.03635708494780777,0.0018285075221711883,-0.00037072,0.03832855081087404,0.00017264,0,1.0
2041,0.0011683608201750462,0.014394299281560156,-0.00033195,1.6678666942165532,5.531167055040017,15.718967220428732,-0.21789562370390278,16.85920982464403,-0.04593960525765017,-8.942204566490766,0.14951036861664863,-90.99844572969901,0.3196625855594684,-6.562966958834212,-0.03635708494780777,-0.04762365761498981,-0.00037072,0.05116220587662487,0.00017264,1,1.0
2042,0.0010657430438977891,0.024449786575655733,-0.00033195,1.6678666942165532,5.531167055040017,11.296596364636981,-0.21789562370390278,4.828040529152001,-0.04593960525765017,-29.908919657110616,0.14951036861664863,-24.894181015975512,0.3196625855594684,10.85313376020836,-0.03635708494780777,-0.02113914947713902,-0.00037072,0.06246162790208366,0.00017264,1,1.0
2043,0.29369301365157807,0.10323411017808912,-0.00033195,1.6678666942165532,5.531167055040017,4.493849084112567,-0.21789562370390278,29.341881685191808,-0.04593960525765017,-94.78071371782994,0.14951036861664863,19.24760246033863,0.3196625855594684,49.07362474085338,-0.03635708494780777,0.06123655056390032,-0.00037072,0.15706874943974472,0.00017264,0,1.0
2044,0.001568292794827425,0.024571997144105212,-0.00033195,1.6678666942165532,5.531167055040017,2.5783722811598313,-0.21789562370390278,16.75085702055162,-0.04593960525765017,-59.8490529704026,0.14951036861664863,24.18048881913584,0.3196625855594684,14.419317873344573,-0.03635708494780777,-0.021691725858363077,-0.00037072,0.06098310455031374,0.00017264,1,1.0
2045,0.3965658263609874,0.1663779108759637,-0.00033195,1.6678666942165532,5.531167055040017,-7.954695466756306,-0.21789562370390278,6.18225684545272,-0.04593960525765017,-68.63181077047894,0.14951036861664863,3.2719599285855994,0.3196625855594684,71.16958722133988,-0.03635708494780777,0.0374875736814312,-0.00037072,0.2238437097300035,0.00017264,0,1.0
2046,0.07570122018301537,0.01778983528517332,-0.00033195,1.6678666942165532,5.531167055040017,-48.92223300921924,-0.21789562370390278,23.726918693691335,-0.04593960525765017,-90.63155103124397,0.14951036861664863,49.608901809041676,0.3196625855594684,46.25377884770187,-0.03635708494780777,-0.06552915098577317,-0.00037072,0.06578276053282434,0.00017264,1,1.0
2047,0.0005822991741340419,0.029476645557205597,-0.00033195,1.6678666942165532,5.531167055040017,3.7686275733542107,-0.21789562370390278,-1.1552744244353983,-0.04593960525765017,-31.995562015306568,0.14951036861664863,9.373484521202851,0.3196625855594684,16.510431257336784,-0.03635708494780777,-0.028082333110052368,-0.00037072,0.06955897658021315,0.00017264,1,1.0
2048,4.059772669062767e-05,0.06443359144269035,-0.00033195,1.6678666942165532,5.531167055040017,68.96317100285843,-0.21789562370390278,11.738586442455158,-0.04593960525765017,-14.955844992714086,0.14951036861664863,91.15862325415432,0.3196625855594684,-34.29003864191721,-0.03635708494780777,0.060447797158360725,-0.00037072,0.08042163894388367,0.00017264,0,1.0
2049,0.09426144241570683,0.10013230680379875,-0.00033195,1.6678666942165532,5.531167055040017,-67.84469340395746,-0.21789562370390278,-30.536109422828876,-0.04593960525765017,-28.196878975350337,0.14951036861664863,46.488943666564744,0.3196625855594684,69.93153155919927,-0.03635708494780777,-0.1252812645229516,-0.00037072,0.12537155181404627,0.00017264,1,1.0
2050,0.10648036436583717,0.0009016748026168565,-0.00033195,1.6678666942165532,5.531167055040017,-54.4972995682184,-0.21789562370390278,2.829103329896609,-0.04593960525765017,-48.658744126547035,0.14951036861664863,54.32942351279746,0.3196625855594684,46.57204504891559,-0.03635708494780777,-0.005411264283777548,-0.00037072,0.005414083450782945,0.00017264,1,1.0
2051,0.16610295908255673,0.0034720137476392157,-0.00033195,1.6678666942165532,5.531167055040017,-66.23083735683167,-0.21789562370390278,7.22168254558352,-0.04593960525765017,-47.87984336717143,0.14951036861664863,34.52225606997613,0.3196625855594684,53.491165656020556,-0.03635708494780777,-0.025329253883278023,-0.00037072,0.02546014620878062,0.00017264,1,1.0
2052,0.2356073500723467,0.14405094596313275,-0.00033195,1.6678666942165532,5.531167055040017,68.00696403968442,-0.21789562370390278,27.733656578002254,-0.04593960525765017,-99.62632312653561,0.14951036861664863,7.478351313066451,0.3196625855594684,28.06737028333095,-0.03635708494780777,0.05772564296714268,-0.00037072,0.2593669674970295,0.00017264,0,1.0
2053,0.26143299540962295,0.014833295980957846,-0.00033195,1.6678666942165532,5.531167055040017,-92.30426663667988,-0.21789562370390278,-2.694786818311965,-0.04593960525765017,-41.6386024663764,0.14951036861664863,-77.01417288915967,0.3196625855594684,87.66202874580533,-0.03635708494780777,-0.035699137083493815,-0.00037072,0.03572275249860042,0.00017264,1,1.0
2054,0.2051824264746923,0.03883987251767407,-0.00033195,1.6678666942165532,5.531167055040017,-48.30219607014619,-0.21789562370390278,5.345267628858103,-0.04593960525765017,-53.94986273145901,0.14951036861664863,64.35193430444409,0.3196625855594684,53.310049488587495,-0.03635708494780777,0.028816590122751343,-0.00037072,0.04032920410288944,0.00017264,0,1.0
2055,0.0005436030376152062,0.01746684040031371,-0.00033195,1.6678666942165532,5.531167055040017,-1.438497201904965,-0.21789562370390278,7.48010854315708,-0.04593960525765017,-43.70494876392125,0.14951036861664863,70.54153680859031,0.3196625855594684,10.669594609270858,-0.03635708494780777,0.0034638900384592382,-0.00037072,0.031552277067950364,0.00017264,0,1.0
2056,0.16716141594510886,0.001464015011111106,-0.00033195,1.6678666942165532,5.531167055040017,-53.648727133540916,-0.21789562370390278,4.984625661008396,-0.04593960525765017,-26.793752868186996,0.14951036861664863,-48.69399761540143,0.3196625855594684,48.17851722445826,-0.03635708494780777,-0.008154531126819147,-0.00037072,0.008162583671023514,0.00017264,1,1.0
2057,0.17080865299233777,0.03463688148909543,-0.00033195,1.6678666942165532,5.531167055040017,-34.49982143939447,-0.21789562370390278,21.62965395108501,-0.04593960525765017,-14.580386957707358,0.14951036861664863,-59.892779045367945,0.3196625855594684,21.373310727626357,-0.03635708494780777,-0.08210898071798732,-0.00037072,0.08206863257979026,0.00017264,1,1.0
2058,0.37297074980622935,0.062131126354370445,-0.00033195,1.6678666942165532,5.531167055040017,-87.40621304720815,-0.21789562370390278,2.128735709936004,-0.04593960525765017,-34.54302473593114,0.14951036861664863,81.93380601378574,0.3196625855594684,72.31959396365482,-0.03635708494780777,-0.012869192232843003,-0.00037072,0.08654976286907787,0.00017264,1,1.0
2059,0.0651772229457902,0.002315457558748695,-0.00033195,1.6678666942165532,5.531167055040017,-33.041127940652416,-0.21789562370390278,9.273433983872703,-0.04593960525765017,-49.79283544892886,0.14951036861664863,-41.10876497605562,0.3196625855594684,39.865395510621866,-0.03635708494780777,-0.03294346078259039,-0.00037072,0.03294788414887069,0.00017264,1,1.0
2060,0.1853864460125036,0.004095630322557459,-0.00033195,1.6678666942165532,5.531167055040017,-68.39053093047212,-0.21789562370390278,5.746430643335053,-0.04593960525765017,-50.36334299782627,0.14951036861664863,-74.8528593986807,0.3196625855594684,69.5675956024726,-0.03635708494780777,-0.028047717829389453,-0.00037072,0.02795017628869885,0.00017264,1,1.0
2061,0.088438282873259,0.08948612400340406,-0.00033195,1.6678666942165532,5.531167055040017,54.16598877305314,-0.21789562370390278,34.42749699564023,-0.04593960525765017,-72.17059427861875,0.14951036861664863,-26.55239649494414,0.3196625855594684,1.120159143245897,-0.03635708494780777,0.00969126570784612,-0.00037072,0.15753080576251663,0.00017264,0,1.0
2062,0.3442213554908031,0.11274446186968656,-0.00033195,1.6678666942165532,5.531167055040017,-48.04176203546861,-0.21789562370390278,-2.5888946796574324,-0.04593960525765017,-49.739769275604814,0.14951036861664863,-1.112643710460586,0.3196625855594684,77.59821453883059,-0.03635708494780777,0.002447066576640483,-0.00037072,0.14631350924481143,0.00017264,0,1.0
2063,0.11951657556419173,0.04723336356586763,-0.00033195,1.6678666942165532,5.531167055040017,-31.206210461787922,-0.21789562370390278,36.30786512142848,-0.04593960525765017,-99.10453432191387,0.14951036861664863,-84.2358090262858,0.3196625855594684,50.910570173939355,-0.03635708494780777,-0.07688495785460732,-0.00037072,0.11024892786255712,0.00017264,1,1.0
2064,0.25093397241404647,0.006609727521868886,-0.00033195,1.6678666942165532,5.531167055040017,-67.65404193774027,-0.21789562370390278,6.244548045330441,-0.04593960525765017,-11.544841166784416,0.14951036861664863,-70.1669908858995,0.3196625855594684,53.1783001248259,-0.03635708494780777,-0.027257554070720842,-0.00037072,0.027239010705155643,0.00017264,1,1.0
2065,0.03199294493238349,0.014568396230404516,-0.00033195,1.6678666942165532,5.531167055040017,-25.92599271390875,-0.21789562370390278,2.3259545986895054,-0.04593960525765017,-52.87518782946553,0.14951036861664863,-8.889308704846512,0.3196625855594684,39.29612316789662,-0.03635708494780777,-0.03942318065588981,-0.00037072,0.05253699054102667,0.00017264,1,1.0
2066,0.0007701476422990877,0.03019232136515919,-0.00033195,1.6678666942165532,5.531167055040017,20.13423240475867,-0.21789562370390278,-3.9431893639370865,-0.04593960525765017,-2.964913532188785,0.14951036861664863,81.85871129874278,0.3196625855594684,-9.444661658662021,-0.03635708494780777,0.006293504370398179,-0.00037072,0.051561707003462035,0.00017264,0,1.0
2067,0.0418030774796789,0.04635720609488207,-0.00033195,1.6678666942165532,5.531167055040017,32.22242486327306,-0.21789562370390278,8.540272329498938,-0.04593960525765017,-23.578621717394245,0.14951036861664863,28.908942196498373,0.3196625855594684,-4.468580346099434,-0.03635708494780777,0.029318285443280148,-0.00037072,0.06938113996196474,0.00017264,0,1.0
2068,0.23840226998056954,0.07082144229096156,-0.00033195,1.6678666942165532,5.531167055040017,-10.92339940392574,-0.21789562370390278,16.438720850001776,-0.04593960525765017,-47.8423298656775,0.14951036861664863,45.73050638565818,0.3196625855594684,32.42512991096538,-0.03635708494780777,0.04968081316918506,-0.00037072,0.08579028497446627,0.00017264,0,1.0
2069,0.00043968562615820383,0.04595681478550679,-0.00033195,1.6678666942165532,5.531167055040017,16.824761508847818,-0.21789562370390278,27.767718748115385,-0.04593960525765017,-66.12062600167923,0.14951036861664863,-9.379192396107877,0.3196625855594684,6.309616044191757,-0.03635708494780777,-0.04427644994620092,-0.00037072,0.09578167610778221,0.00017264,1,1.0
2070,0.08400180274278604,0.0015101149274333496,-0.00033195,1.6678666942165532,5.531167055040017,-66.11659172744555,-0.21789562370390278,11.20471741824012,-0.04593960525765017,-97.15057280852675,0.14951036861664863,73.5824770489099,0.3196625855594684,65.35454909444536,-0.03635708494780777,-0.02705426441773124,-0.00037072,0.02704434110537845,0.00017264,1,1.0
2071,0.03930567214556266,0.010103801702028431,-0.00033195,1.6678666942165532,5.531167055040017,-25.914233211747945,-0.21789562370390278,18.969224521873315,-0.04593960525765017,-70.6872605915056,0.14951036861664863,-76.6922308565649,0.3196625855594684,41.24116251027172,-0.03635708494780777,-0.06126344661818735,-0.00037072,0.06175286091382236,0.00017264,1,1.0
2072,0.12602116273248384,0.035502643692054366,-0.00033195,1.6678666942165532,5.531167055040017,-36.78862383420825,-0.21789562370390278,23.233468540709023,-0.04593960525765017,-63.95135840408167,0.14951036861664863,40.873919687781175,0.3196625855594684,33.6031337313168,-0.03635708494780777,-0.05538616625784858,-0.00037072,0.08160287837866295,0.00017264,1,1.0
2073,0.18128161668418824,0.04380472650260406,-0.00033195,1.6678666942165532,5.531167055040017,-62.64576509597736,-0.21789562370390278,-5.48842730295317,-0.04593960525765017,-58.66511610219348,0.14951036861664863,76.48970177873527,0.3196625855594684,67.11807732349352,-0.03635708494780777,-0.018904669131991368,-0.00037072,0.0698058860320171,0.00017264,1,1.0
2074,0.08500236380820042,0.07250689791484646,-0.00033195,1.6678666942165532,5.531167055040017,21.478378426175254,-0.21789562370390278,26.82527221732298,-0.04593960525765017,-100.0,0.14951036861664863,16.773182323950678,0.3196625855594684,29.506116221241527,-0.03635708494780777,0.0019003390611358056,-0.00037072,0.14271944575967638,0.00017264,0,1.0
2075,0.2294758235267049,0.02905555385375472,-0.00033195,1.6678666942165532,5.531167055040017,-64.02643768089189,-0.21789562370390278,20.112058025256687,-0.04593960525765017,-80.44205806689101,0.14951036861664863,-10.408468980411554,0.3196625855594684,69.18970591176786,-0.03635708494780777,-0.017352585715318083,-0.00037072,0.0630053522141359,0.00017264,1,1.0
2076,0.35402272863034,0.05168766875174965,-0.00033195,1.6678666942165532,5.531167055040017,-96.96638491963988,-0.21789562370390278,11.871674644053881,-0.04593960525765017,-36.864628394526314,0.14951036861664863,69.70153628688605,0.3196625855594684,67.27246345627483,-0.03635708494780777,-0.06951836973185715,-0.00037072,0.09912185601517726,0.00017264,1,1.0
2077,0.0016401094549881035,0.074427754995635,-0.00033195,1.6678666942165532,5.531167055040017,34.90475913119617,-0.21789562370390278,38.501266743814696,-0.04593960525765017,-89.41997829938306,0.14951036861664863,-96.42648565126372,0.3196625855594684,12.074216176993355,-0.03635708494780777,-0.06309286416465351,-0.00037072,0.14694239748758814,0.00017264,1,1.0
2078,0.21652317530279785,0.017243443714054695,-0.00033195,1.6678666942165532,5.531167055040017,-60.614330108655366,-0.21789562370390278,21.766156616042885,-0.04593960525765017,-44.80238739309437,0.14951036861664863,-87.29217138033373,0.3196625855594684,53.409993912433364,-0.03635708494780777,-0.061706329730738196,-0.00037072,0.06174653288652927,0.00017264,1,1.0
2079,0.191862300242428,0.0026599745786857858,-0.00033195,1.6678666942165532,5.531167055040017,-75.69371469643531,-0.21789562370390278,7.617240533678042,-0.04593960525765017,-61.56207589296646,0.14951036861664863,-45.555143729260564,0.3196625855594684,74.10130785427046,-0.03635708494780777,-0.022471838782757506,-0.00037072,0.022466745295822675,0.00017264,1,1.0
2080,0.11640952961193177,0.08241175119695195,-0.00033195,1.6678666942165532,5.531167055040017,-77.45229262654607,-0.21789562370390278,-22.572211711651832,-0.04593960525765017,-51.43629906693963,0.14951036861664863,20.198735522658282,0.3196625855594684,83.23033000053755,-0.03635708494780777,-0.11319524946293859,-0.00037072,0.1135361640108689,0.00017264,1,1.0
2081,0.08232574098732572,0.07443160530439487,-0.00033195,1.6678666942165532,5.531167055040017,37.54087615864471,-0.21789562370390278,12.303019031657774,-0.04593960525765017,-55.99003825325167,0.14951036861664863,98.31794942741232,0.3196625855594684,5.00681227906405,-0.03635708494780777,0.05191120339025232,-0.00037072,0.11228211762765256,0.00017264,0,1.0
2082,0.14193442309277515,0.016666744261793223,-0.00033195,1.6678666942165532,5.531167055040017,-86.30746918272496,-0.21789562370390278,-3.0436626121632337,-0.04593960525765017,-84.0572577053967,0.14951036861664863,47.57568648303717,0.3196625855594684,85.82712355576813,-0.03635708494780777,-0.045906845992269914,-0.00037072,0.04591620954074586,0.00017264,1,1.0
2083,0.11404840532580443,0.003319014566549699,-0.00033195,1.6678666942165532,5.531167055040017,-38.351586906088976,-0.21789562370390278,7.401477079196916,-0.04593960525765017,-31.11857407477037,0.14951036861664863,-17.813437398533754,0.3196625855594684,35.30226746767345,-0.03635708494780777,-0.014584862803236636,-0.00037072,0.018715588903634825,0.00017264,1,1.0
2084,0.1012843759290228,0.0031184136822263774,-0.00033195,1.6678666942165532,5.531167055040017,-46.265646562122235,-0.21789562370390278,13.751784141290445,-0.04593960525765017,-63.005092489690824,0.14951036861664863,-34.97084803676528,0.3196625855594684,50.11885001987537,-0.03635708494780777,-0.03655152703548344,-0.00037072,0.0367733105758881,0.00017264,1,1.0
2085,0.03303449237563993,0.00016518926274900587,-0.00033195,1.6678666942165532,5.531167055040017,-27.28039899233592,-0.21789562370390278,1.2712683214534999,-0.04593960525765017,-32.16562334175073,0.14951036861664863,60.427162577349705,0.3196625855594684,22.550977328137265,-0.03635708494780777,-0.004837265260768064,-0.00037072,0.0048327414206151605,0.00017264,1,1.0
2086,0.0013137879530398383,0.0474844333064672,-0.00033195,1.6678666942165532,5.531167055040017,27.928455326935996,-0.21789562370390278,9.616617122148037,-0.04593960525765017,-40.60355862312304,0.14951036861664863,-89.11825804909341,0.3196625855594684,13.26340131805181,-0.03635708494780777,-0.042363363175324215,-0.00037072,0.11244614657953775,0.00017264,1,1.0
2087,6.237184589044653e-05,0.031186501025231635,-0.00033195,1.6678666942165532,5.531167055040017,13.12559571250287,-0.21789562370390278,19.333311847540514,-0.04593960525765017,-58.72626767741219,0.14951036861664863,-39.76486426399249,0.3196625855594684,14.173489110319291,-0.03635708494780777,-0.03362191006326949,-0.00037072,0.08089348370158285,0.00017264,1,1.0
2088,0.2686531341910807,0.005620512290221111,-0.00033195,1.6678666942165532,5.531167055040017,-99.91211925710138,-0.21789562370390278,5.683579539959311,-0.04593960525765017,-64.28603371572758,0.14951036861664863,-48.38750060187355,0.3196625855594684,92.75854019431581,-0.03635708494780777,-0.01431320417121583,-0.00037072,0.01474715634926604,0.00017264,1,1.0
2089,0.1376091369806693,0.06034658132403588,-0.00033195,1.6678666942165532,5.531167055040017,5.78483900740167,-0.21789562370390278,25.38649635821057,-0.04593960525765017,-19.935909089369407,0.14951036861664863,-39.53600209958838,0.3196625855594684,2.5041343179766846,-0.03635708494780777,-0.04058915028517408,-0.00037072,0.1026581465914861,0.00017264,1,1.0
2090,0.0006236159668096888,0.009552258617330882,-0.00033195,1.6678666942165532,5.531167055040017,7.287748330269563,-0.21789562370390278,5.034077773566887,-0.04593960525765017,-14.732573229110086,0.14951036861664863,-50.910791578532596,0.3196625855594684,6.192375115726282,-0.03635708494780777,-0.02108680424050398,-0.00037072,0.0365605937203049,0.00017264,1,1.0
2091,0.18108367297660471,0.0022115613514789617,-0.00033195,1.6678666942165532,5.531167055040017,-61.22331887326298,-0.21789562370390278,3.942988945774216,-0.04593960525765017,-30.422106155041497,0.14951036861664863,-27.6728981393111,0.3196625855594684,52.82554546179427,-0.03635708494780777,-0.006649010411112289,-0.00037072,0.00686582540835691,0.00017264,1,1.0
2092,0.0914818224325045,0.03431189447061569,-0.00033195,1.6678666942165532,5.531167055040017,-34.636233198783856,-0.21789562370390278,21.736111111893823,-0.04593960525765017,-48.197931804930455,0.14951036861664863,58.14737578503376,0.3196625855594684,20.6908672573634,-0.03635708494780777,-0.08417261319184582,-0.00037072,0.08444761787155369,0.00017264,1,1.0
2093,0.00014291615621100928,0.10103002374704574,-0.00033195,1.6678666942165532,5.531167055040017,73.47407786274407,-0.21789562370390278,19.57578595429286,-0.04593960525765017,-69.08430849712367,0.14951036861664863,-80.58809665017955,0.3196625855594684,3.830585204899177,-0.03635708494780777,-0.030147927311643022,-0.00037072,0.20159191707887086,0.00017264,1,1.0
2094,0.25521188223992125,0.03052723550766287,-0.00033195,1.6678666942165532,5.531167055040017,-74.06362769117797,-0.21789562370390278,12.344547535723246,-0.04593960525765017,-22.145753041532156,0.14951036861664863,32.58988439989768,0.3196625855594684,45.718980583218475,-0.03635708494780777,-0.08066443765983736,-0.00037072,0.08158864796948559,0.00017264,1,1.0
2095,0.00011247247684675887,0.07767660050692568,-0.00033195,1.6678666942165532,5.531167055040017,13.60614413287323,-0.21789562370390278,42.20534981428264,-0.04593960525765017,-98.76480719997618,0.14951036861664863,-47.06930677106955,0.3196625855594684,15.783517973646772,-0.03635708494780777,-0.08689278653462233,-0.00037072,0.13619829098174097,0.00017264,1,1.0
2096,0.008389528760881546,0.0008501220609326425,-0.00033195,1.6678666942165532,5.531167055040017,-25.967425631862696,-0.21789562370390278,6.848884624018913,-0.04593960525765017,-53.62683806001442,0.14951036861664863,55.377417129555674,0.3196625855594684,27.00649592742246,-0.03635708494780777,-0.0173851670432463,-0.00037072,0.017481757943000446,0.00017264,1,1.0
2097,0.23608664237741428,0.017180254189443928,-0.00033195,1.6678666942165532,5.531167055040017,-92.32598627700223,-0.21789562370390278,-10.011744261491796,-0.04593960525765017,-25.74655136803435,0.14951036861664863,91.49185175064072,0.3196625855594684,66.55952153951081,-0.03635708494780777,-0.04783569576627755,-0.00037072,0.04783545796989137,0.00017264,1,1.0
2098,0.0004685083401079204,0.06606705931336249,-0.00033195,1.6678666942165532,5.531167055040017,35.89152214004091,-0.21789562370390278,31.365082963291254,-0.04593960525765017,-88.52805239130169,0.14951036861664863,-14.488456595111934,0.3196625855594684,9.55181017885712,-0.03635708494780777,-0.028638023848306576,-0.00037072,0.13299821341717794,0.00017264,1,1.0
2099,0.22826426873992128,0.00277894539719843,-0.00033195,1.6678666942165532,5.531167055040017,-67.15062168529757,-0.21789562370390278,6.25129020212448,-0.04593960525765017,-25.458421392331566,0.14951036861664863,-87.13279846309051,0.3196625855594684,60.22450039263388,-0.03635708494780777,-0.010257824757291693,-0.00037072,0.010278899965842709,0.00017264,1,1.0
2100,0.027478476939354485,0.0021665899760707373,-0.00033195,3.5650423254874415,4.237187022381605,-83.398608785433,-0.21789562370390278,-3.8776342358859246,-0.04593960525765017,-8.303662637451755,0.14951036861664863,60.38959546057702,0.3196625855594684,30.59907223232199,-0.03635708494780777,-0.025194854751068207,-0.00037072,0.025148278966000522,0.00017264,1,1.0
2101,0.07857812734783473,0.01792738670708697,-0.00033195,3.5650423254874415,4.237187022381605,-79.58122831300432,-0.21789562370390278,6.5950901912820274,-0.04593960525765017,-51.80734260783706,0.14951036861664863,47.93051521870832,0.3196625855594684,41.537361273635234,-0.03635708494780777,-0.07127133383807589,-0.00037072,0.07124514743307266,0.00017264,1,1.0
2102,0.20377116524909208,0.014688821861416505,-0.00033195,3.5650423254874415,4.237187022381605,-42.897013794769954,-0.21789562370390278,7.4646529949335045,-0.04593960525765017,-31.027553812191083,0.14951036861664863,-34.08692749212095,0.3196625855594684,36.68563364895614,-0.03635708494780777,-0.057685982004041354,-0.00037072,0.05772710167532206,0.00017264,1,1.0
2103,0.0022917265764143963,0.09744634397192864,-0.00033195,3.5650423254874415,4.237187022381605,67.01910393707365,-0.21789562370390278,-2.491737496648145,-0.04593960525765017,-71.60746494216757,0.14951036861664863,67.8664400469552,0.3196625855594684,42.0556746582766,-0.03635708494780777,-0.09950908544893272,-0.00037072,0.16020930581913062,0.00017264,1,1.0
2104,0.06490741936689072,0.0036319807387984312,-0.00033195,3.5650423254874415,4.237187022381605,-77.59221422336947,-0.21789562370390278,-1.7695810738539948,-0.04593960525765017,-40.48161193433487,0.14951036861664863,68.11917158645574,0.3196625855594684,52.6657162649849,-0.03635708494780777,-0.02189586718289243,-0.00037072,0.022336633035802758,0.00017264,1,1.0
2105,0.17356913225775902,0.002339912324345741,-0.00033195,3.5650423254874415,4.237187022381605,-73.71740869739615,-0.21789562370390278,5.8285389654019975,-0.04593960525765017,-89.93789485118536,0.14951036861664863,52.27244028845327,0.3196625855594684,83.19950545014494,-0.03635708494780777,-0.02917602962819503,-0.00037072,0.029198137047757103,0.00017264,1,1.0
2106,0.00031742877105198075,0.016042019584952542,-0.00033195,3.5650423254874415,4.237187022381605,-58.71075506952056,-0.21789562370390278,-4.693111331471204,-0.04593960525765017,-28.593427648875256,0.14951036861664863,81.48441799803501,0.3196625855594684,39.06289230124513,-0.03635708494780777,-0.04218362355493942,-0.00037072,0.052669531705198294,0.00017264,1,1.0
2107,0.24676912087148561,0.02532093282753567,-0.00033195,3.5650423254874415,4.237187022381605,-93.67548237098222,-0.21789562370390278,4.543516953651634,-0.04593960525765017,-3.2860778272624374,0.14951036861664863,-33.786503077408675,0.3196625855594684,36.79207057109355,-0.03635708494780777,-0.07130809856885782,-0.00037072,0.07085416715300365,0.00017264,1,1.0
2108,0.0018299088084176018,0.01000567539420678,-0.00033195,3.5650423254874415,4.237187022381605,94.80373761717485,-0.21789562370390278,10.502503212204083,-0.04593960525765017,-60.066360422929584,0.14951036861664863,-35.328775546513405,0.3196625855594684,4.135835846259967,-0.03635708494780777,-0.06286232295633865,-0.00037072,0.06302475853575323,0.00017264,1,1.0
2109,0.0008783302760839717,0.051885895182129715,-0.00033195,3.5650423254874415,4.237187022381605,96.06293826594126,-0.21789562370390278,11.762946407830903,-0.04593960525765017,-99.21059677221244,0.14951036861664863,59.2574575221001,0.3196625855594684,15.05329472433087,-0.03635708494780777,0.031275484378267354,-0.00037072,0.0806454075322223,0.00017264,0,1.0
2110,0.33353134148832403,0.013564254607223523,-0.00033195,3.5650423254874415,4.237187022381605,-71.3630646880825,-0.21789562370390278,0.47871048948933115,-0.04593960525765017,-23.851505168905454,0.14951036861664863,-41.44684387383689,0.3196625855594684,70.91986608772768,-0.03635708494780777,-0.0329175675188729,-0.00037072,0.03313829532186349,0.00017264,1,1.0
2111,0.17012709425779973,0.011059580617370553,-0.00033195,3.5650423254874415,4.237187022381605,-64.56605116853704,-0.21789562370390278,3.6587685228450697,-0.04593960525765017,-10.745626360644255,0.14951036861664863,-16.776827523825027,0.3196625855594684,30.007698877197342,-0.03635708494780777,-0.047099847511275494,-0.00037072,0.047686099545767996,0.00017264,1,1.0
2112,0.02982162300199235,0.03415637985068738,-0.00033195,3.5650423254874415,4.237187022381605,33.17289467424035,-0.21789562370390278,-1.294512849986553,-0.04593960525765017,-45.833002967581145,0.14951036861664863,18.721825917005447,0.3196625855594684,35.76692042472954,-0.03635708494780777,-0.09109147925748415,-0.00037072,0.09361345483003122,0.00017264,1,1.0
2113,0.41308516109784943,0.09367823269581381,-0.00033195,3.5650423254874415,4.237187022381605,9.228792666294268,-0.21789562370390278,13.117921066890284,-0.04593960525765017,-85.76090124803196,0.14951036861664863,-16.841051740550448,0.3196625855594684,65.86461106893573,-0.03635708494780777,0.03284252673319361,-0.00037072,0.11016627921897115,0.00017264,0,1.0
2114,0.3286805298008997,0.13729232612641185,-0.00033195,3.5650423254874415,4.237187022381605,-65.10854352830289,-0.21789562370390278,17.862517431139132,-0.04593960525765017,-30.476038542896777,0.14951036861664863,-94.76535007572805,0.3196625855594684,29.744488271845768,-0.03635708494780777,-0.17961033157305398,-0.00037072,0.17850763546238804,0.00017264,1,1.0
2115,0.09077032592238837,0.01669832175178872,-0.00033195,3.5650423254874415,4.237187022381605,-97.75001257991269,-0.21789562370390278,-7.512415118356168,-0.04593960525765017,-5.388589826663385,0.14951036861664863,58.737791227867085,0.3196625855594684,48.277769092409464,-0.03635708494780777,-0.05755012078614138,-0.00037072,0.05828483729281685,0.00017264,1,1.0
2116,0.6757273702444921,0.5952859512866239,-0.00033195,3.5650423254874415,4.237187022381605,4.850830607394907,-0.21789562370390278,16.792438329763236,-0.04593960525765017,-7.280785033315132,0.14951036861664863,14.933902950665598,0.3196625855594684,-5.563408434352997,-0.03635708494780777,-0.049255960570583485,-0.00037072,0.5340877225236639,0.00017264,1,1.0
2117,0.0003889348128724712,0.0036081848047006104,-0.00033195,3.5650423254874415,4.237187022381605,-17.452935781326616,-0.21789562370390278,3.6455016466303807,-0.04593960525765017,-43.95842870154846,0.14951036861664863,41.035368041434474,0.3196625855594684,24.034699120261443,-0.03635708494780777,-0.017383114287238995,-0.00037072,0.0222174121108493,0.00017264,1,1.0
2118,0.03887681129605036,0.032102678676895875,-0.00033195,3.5650423254874415,4.237187022381605,19.90010428427553,-0.21789562370390278,6.939134154610499,-0.04593960525765017,-71.81562464518606,0.14951036861664863,56.81459196881521,0.3196625855594684,28.47570542706259,-0.03635708494780777,0.01670928714590762,-0.00037072,0.049570757953397174,0.00017264,0,1.0
2119,0.014950527405126118,0.0024354521837765103,-0.00033195,3.5650423254874415,4.237187022381605,-38.36396198226576,-0.21789562370390278,5.410803245164296,-0.04593960525765017,-74.36754588210265,0.14951036861664863,68.1488918788727,0.3196625855594684,46.68201808909951,-0.03635708494780777,-0.028553082724303167,-0.00037072,0.02886866771043016,0.00017264,1,1.0
2120,0.22283808663588747,0.004868415503909962,-0.00033195,3.5650423254874415,4.237187022381605,-67.88791193710254,-0.21789562370390278,4.770668444335385,-0.04593960525765017,-42.66605226456604,0.14951036861664863,-6.02736003442882,0.3196625855594684,57.85689396714311,-0.03635708494780777,-0.02719061323296282,-0.00037072,0.027245715697298837,0.00017264,1,1.0
2121,0.10136094768251463,0.00772853778542633,-0.00033195,3.5650423254874415,4.237187022381605,-17.10711594770168,-0.21789562370390278,8.735146474250676,-0.04593960525765017,-67.48486435427185,0.14951036861664863,11.567861973289903,0.3196625855594684,42.30694544226617,-0.03635708494780777,-0.05085668730145787,-0.00037072,0.05069550906386372,0.00017264,1,1.0
2122,0.03703024664849661,0.007233304528607497,-0.00033195,3.5650423254874415,4.237187022381605,-51.60171775425101,-0.21789562370390278,-0.16272454795995278,-0.04593960525765017,-63.231708519422256,0.14951036861664863,76.81989981893591,0.3196625855594684,57.763013530060725,-0.03635708494780777,-0.03736179021185141,-0.00037072,0.03736541202413111,0.00017264,1,1.0
2123,0.46627177942760323,0.017871190251530614,-0.00033195,3.5650423254874415,4.237187022381605,-65.43597528806097,-0.21789562370390278,5.1039710487340955,-0.04593960525765017,-28.975977096709364,0.14951036861664863,-96.51931002363517,0.3196625855594684,80.15494939956034,-0.03635708494780777,-0.02971618194517798,-0.00037072,0.029819433675341074,0.00017264,1,1.0
2124,0.09707826823246059,0.002495997390986232,-0.00033195,3.5650423254874415,4.237187022381605,-92.05567423078544,-0.21789562370390278,-2.6669647181214815,-0.04593960525765017,-4.5724646934913284,0.14951036861664863,36.55030070388369,0.3196625855594684,35.46233805189432,-0.03635708494780777,-0.023430188042731143,-0.00037072,0.023421681575607325,0.00017264,1,1.0
2125,0.0003936174926160163,0.36669423503039894,-0.00033195,3.5650423254874415,4.237187022381605,93.67504583535985,-0.21789562370390278,30.693217945996206,-0.04593960525765017,-83.04319146460176,0.14951036861664863,-11.754789079710326,0.3196625855594684,-45.72670506936267,-0.03635708494780777,-0.21559324250895007,-0.00037072,0.3339139178941757,0.00017264,1,1.0
2126,0.04034681041804114,0.04375130661172422,-0.00033195,3.5650423254874415,4.237187022381605,13.754982335587158,-0.21789562370390278,-4.037182292606453,-0.04593960525765017,-35.8058401966949,0.14951036861664863,25.36434480089724,0.3196625855594684,39.83070413871545,-0.03635708494780777,-0.10336940745501919,-0.00037072,0.10373616772015026,0.00017264,1,1.0
2127,0.0005753154651967907,0.032487476705141426,-0.00033195,3.5650423254874415,4.237187022381605,77.42781603554738,-0.21789562370390278,7.927902239997165,-0.04593960525765017,-86.40070591568482,0.14951036861664863,42.83953931150549,0.3196625855594684,24.171849288565717,-0.03635708494780777,-0.00500693216227114,-0.00037072,0.06727304611701668,0.00017264,1,1.0
2128,0.17992665480482406,0.08874309138367796,-0.00033195,3.5650423254874415,4.237187022381605,33.824219052850175,-0.21789562370390278,-4.6260748816830475,-0.04593960525765017,-31.512150214248663,0.14951036861664863,-24.99315511081854,0.3196625855594684,53.29542916094459,-0.03635708494780777,-0.13746809237329233,-0.00037072,0.1496167308690003,0.00017264,1,1.0
2129,0.13597063164284331,0.12850229733554136,-0.00033195,3.5650423254874415,4.237187022381605,37.21223511770641,-0.21789562370390278,-1.7055996794575707,-0.04593960525765017,-100.0,0.14951036861664863,72.49068564363783,0.3196625855594684,81.52442134633033,-0.03635708494780777,-0.1153365625113534,-0.00037072,0.18547155695852108,0.00017264,1,1.0
2130,0.018912446401335936,0.6850583199235402,-0.00033195,3.5650423254874415,4.237187022381605,3.8967063594285403,-0.21789562370390278,36.46841861577762,-0.04593960525765017,-46.88268434851626,0.14951036861664863,-83.76243120074007,0.3196625855594684,-57.800973555390314,-0.03635708494780777,-0.4076994276497985,-0.00037072,0.40787616995998066,0.00017264,1,1.0
2131,0.10439672616959195,0.04188485787647824,-0.00033195,3.5650423254874415,4.237187022381605,-56.40258883893562,-0.21789562370390278,9.530263058323087,-0.04593960525765017,-35.66861644252319,0.14951036861664863,2.2048128248402556,0.3196625855594684,22.872216664141508,-0.03635708494780777,-0.10369835126898101,-0.00037072,0.10380430917647458,0.00017264,1,1.0
2132,0.25277208737085083,0.019857497708101732,-0.00033195,3.5650423254874415,4.237187022381605,-41.56565461945329,-0.21789562370390278,3.2549582895107507,-0.04593960525765017,-79.14301164051358,0.14951036861664863,9.015986695703653,0.3196625855594684,88.33198116957959,-0.03635708494780777,-0.06456552634285476,-0.00037072,0.06741055245377556,0.00017264,1,1.0
2133,0.00021303829929253393,0.011648929017016004,-0.00033195,3.5650423254874415,4.237187022381605,22.117653495625955,-0.21789562370390278,7.8277487890231585,-0.04593960525765017,-66.27812445997512,0.14951036861664863,30.313265613592325,0.3196625855594684,22.959016883174744,-0.03635708494780777,-0.031170415248101352,-0.00037072,0.04590627291338786,0.00017264,1,1.0
2134,0.1460478574528142,0.020881581203526844,-0.00033195,3.5650423254874415,4.237187022381605,-78.45979205455173,-0.21789562370390278,-4.970378764412256,-0.04593960525765017,-26.97722551692752,0.14951036861664863,41.37135485857007,0.3196625855594684,62.42099787450594,-0.03635708494780777,-0.06316991099372908,-0.00037072,0.0633076592794571,0.00017264,1,1.0
2135,0.17068842075575186,0.07470465898344265,-0.00033195,3.5650423254874415,4.237187022381605,-26.955211926954366,-0.21789562370390278,-8.843242421445805,-0.04593960525765017,-7.342792243590714,0.14951036861664863,-1.7325769509634181,0.3196625855594684,54.874347282650135,-0.03635708494780777,-0.1312325273796238,-0.00037072,0.13133416084489283,0.00017264,1,1.0
2136,0.21110391405049295,0.01129160750855052,-0.00033195,3.5650423254874415,4.237187022381605,61.53574849267923,-0.21789562370390278,9.844625251598279,-0.04593960525765017,-64.9747335010208,0.14951036861664863,-74.12106861500246,0.3196625855594684,42.349758578864254,-0.03635708494780777,-0.07132130204743563,-0.00037072,0.07161316852857567,0.00017264,1,1.0
2137,0.00014488192147604773,0.012197259747590054,-0.00033195,3.5650423254874415,4.237187022381605,92.24145762721045,-0.21789562370390278,5.754201068093987,-0.04593960525765017,-44.162538263902185,0.14951036861664863,-27.15434062659939,0.3196625855594684,3.847266162102328,-0.03635708494780777,-0.050626693943696705,-0.00037072,0.05998082098004823,0.00017264,1,1.0
2138,0.09699336418231846,0.0007383317091612868,-0.00033195,3.5650423254874415,4.237187022381605,-99.74184769767247,-0.21789562370390278,2.849330786389918,-0.04593960525765017,-83.01568862294475,0.14951036861664863,94.81864882328797,0.3196625855594684,78.73442720549494,-0.03635708494780777,-0.010357432260603787,-0.00037072,0.010719093130061986,0.00017264,1,1.0
2139,0.0928834322897566,0.01777217492249976,-0.00033195,3.5650423254874415,4.237187022381605,78.10155677654825,-0.21789562370390278,13.975534970085455,-0.04593960525765017,-68.50109091163071,0.14951036861664863,-57.49340277019865,0.3196625855594684,15.96479729770847,-0.03635708494780777,-0.0798041637506436,-0.00037072,0.07981136759851944,0.00017264,1,1.0
2140,0.0002025106252947495,0.048060914554466865,-0.00033195,3.5650423254874415,4.237187022381605,36.524680819901135,-0.21789562370390278,6.608332109105099,-0.04593960525765017,-54.94796317991907,0.14951036861664863,61.268957760425764,0.3196625855594684,6.1450476445449596,-0.03635708494780777,0.01290982931260376,-0.00037072,0.08237004653969124,0.00017264,0,1.0
2141,0.008593936441567182,0.04636819826759164,-0.00033195,3.5650423254874415,4.237187022381605,26.318326913850925,-0.21789562370390278,1.9342949458984002,-0.04593960525765017,-100.0,0.14951036861664863,80.02952923869962,0.3196625855594684,61.904356269387335,-0.03635708494780777,-0.08159439062376747,-0.00037072,0.10499919725677248,0.00017264,1,1.0
2142,0.001173591629419407,0.09896402537827942,-0.00033195,3.5650423254874415,4.237187022381605,41.39298321949693,-0.21789562370390278,-2.363925432366346,-0.04593960525765017,-10.756239707453675,0.14951036861664863,94.76458809845178,0.3196625855594684,-13.48628748651243,-0.03635708494780777,0.0044842464530437665,-0.00037072,0.17489837565564656,0.00017264,0,1.0
2143,0.003415073260582102,0.3224295555986962,-0.00033195,3.5650423254874415,4.237187022381605,-27.23561092474519,-0.21789562370390278,16.524512777228722,-0.04593960525765017,-19.541851968073274,0.14951036861664863,64.75343575851679,0.3196625855594684,-42.8833711541983,-0.03635708494780777,-0.18280021453408057,-0.00037072,0.33377498023491203,0.00017264,1,1.0
2144,-7.475398644118947e-05,0.3602253102260622,-0.00033195,3.5650423254874415,4.237187022381605,-63.14344124982488,-0.21789562370390278,26.329367439573733,-0.04593960525765017,-79.27508791546047,0.14951036861664863,29.771826893377987,0.3196625855594684,-3.5868550918635913,-0.03635708494780777,-0.29358346512930217,-0.00037072,0.304322865160403,0.00017264,1,1.0
2145,0.01721960230002656,0.04243987368086867,-0.00033195,3.5650423254874415,4.237187022381605,-45.190292591826186,-0.21789562370390278,-4.528171133715673,-0.04593960525765017,-67.11533596853972,0.14951036861664863,98.61932649682824,0.3196625855594684,67.84956295738426,-0.03635708494780777,-0.09281082902449787,-0.00037072,0.09579188879841817,0.00017264,1,1.0
2146,0.0014382634560272667,0.23996398055144025,-0.00033195,3.5650423254874415,4.237187022381605,19.51610793415695,-0.21789562370390278,14.038343038736222,-0.04593960525765017,-15.97775139072745,0.14951036861664863,54.240184524050136,0.3196625855594684,-47.91357077891454,-0.03635708494780777,-0.12221054308115972,-0.00037072,0.2932531259667085,0.00017264,1,1.0
2147,0.32774548518045427,0.012983377657257704,-0.00033195,3.5650423254874415,4.237187022381605,-42.891787590982005,-0.21789562370390278,5.009206522774417,-0.04593960525765017,-64.81550623729838,0.14951036861664863,-33.83902949986546,0.3196625855594684,84.30337923944795,-0.03635708494780777,-0.05134337681358385,-0.00037072,0.0513325272083195,0.00017264,1,1.0
2148,0.08387693015854589,0.02533064003600107,-0.00033195,3.5650423254874415,4.237187022381605,83.34756687837304,-0.21789562370390278,3.902886111880693,-0.04593960525765017,-50.66674198438643,0.14951036861664863,-40.141974343500344,0.3196625855594684,26.80992505786255,-0.03635708494780777,-0.08893678991323144,-0.00037072,0.09099137330824976,0.00017264,1,1.0
2149,0.14895457918893645,0.03883457470967783,-0.00033195,3.5650423254874415,4.237187022381605,-64.49862830726308,-0.21789562370390278,12.729739536457707,-0.04593960525765017,-78.61118372807849,0.14951036861664863,21.804106211687493,0.3196625855594684,52.7487093851034,-0.03635708494780777,-0.10337998121159944,-0.00037072,0.10342420206975736,0.00017264,1,1.0
2150,0.4619569989697212,0.023870711975784928,-0.00033195,3.5650423254874415,4.237187022381605,-45.24854430268934,-0.21789562370390278,5.0537978499790865,-0.04593960525765017,-50.40505286480177,0.14951036861664863,-87.29012577033613,0.3196625855594684,92.4819999015316,-0.03635708494780777,-0.059619170657177756,-0.00037072,0.059756089394012,0.00017264,1,1.0
2151,0.00012141562397456618,0.009204990577156182,-0.00033195,3.5650423254874415,4.237187022381605,-62.27003154688849,-0.21789562370390278,1.6593373019250885,-0.04593960525765017,-60.58479524194937,0.14951036861664863,96.53048933509395,0.3196625855594684,45.27930072996447,-0.03635708494780777,-0.001003200332666392,-0.00037072,0.019222660766509463,0.00017264,1,1.0
2152,0.0004841363440180879,0.1199286722712118,-0.00033195,3.5650423254874415,4.237187022381605,77.5614317182842,-0.21789562370390278,-4.182525254476384,-0.04593960525765017,-63.225880844095784,0.14951036861664863,64.75124881616888,0.3196625855594684,37.73234182320977,-0.03635708494780777,-0.1123224768737498,-0.00037072,0.18118459499117867,0.00017264,1,1.0
2153,0.38295027424119865,0.020731411601310368,-0.00033195,3.5650423254874415,4.237187022381605,-63.38138112438505,-0.21789562370390278,-0.220500832412638,-0.04593960525765017,-12.881737500727048,0.14951036861664863,-69.1773846503948,0.3196625855594684,70.54205137252755,-0.03635708494780777,-0.045311895941987756,-0.00037072,0.04552144067074673,0.00017264,1,1.0
2154,0.0023290023939042115,0.689845084583631,-0.00033195,3.5650423254874415,4.237187022381605,-69.709415217746,-0.21789562370390278,31.68481288380895,-0.04593960525765017,-56.16943339432426,0.14951036861664863,24.515886024490463,0.3196625855594684,-39.29861274826548,-0.03635708494780777,-0.37462545940956204,-0.00037072,0.4383384212428393,0.00017264,1,1.0
2155,-0.00012293778471428318,0.5479681585179056,-0.00033195,3.5650423254874415,4.237187022381605,58.24881713596792,-0.21789562370390278,27.50983883258617,-0.04593960525765017,-0.9343084374518759,0.14951036861664863,-47.79563202300598,0.3196625855594684,-93.75120283482141,-0.03635708494780777,-0.27731685625381425,-0.00037072,0.40888635018182135,0.00017264,1,1.0
2156,0.04956132605597639,0.0002591905195450921,-0.00033195,3.5650423254874415,4.237187022381605,-94.94845603928803,-0.21789562370390278,1.1191398905806917,-0.04593960525765017,-62.84743841946151,0.14951036861664863,93.76470307339048,0.3196625855594684,61.577788436367705,-0.03635708494780777,-0.007555982963370911,-0.00037072,0.007537741374289875,0.00017264,1,1.0
2157,0.03752257510790458,0.02044474547508865,-0.00033195,3.5650423254874415,4.237187022381605,100.0,-0.21789562370390278,12.897996784348553,-0.04593960525765017,-42.24823689903866,0.14951036861664863,-73.85079506947805,0.3196625855594684,-10.548655049056872,-0.03635708494780777,-0.07745201053341758,-0.00037072,0.07691021284129848,0.00017264,1,1.0
2158,0.07369076205417388,0.042682562271958734,-0.00033195,3.5650423254874415,4.237187022381605,61.92638789446364,-0.21789562370390278,0.2439963616642119,-0.04593960525765017,-43.94547572983758,0.14951036861664863,-8.602577465036495,0.3196625855594684,30.58274697070082,-0.03635708494780777,-0.08489350463294844,-0.00037072,0.10471281111480911,0.00017264,1,1.0
2159,0.002437321915317092,0.2723675153695135,-0.00033195,3.5650423254874415,4.237187022381605,73.2056599266547,-0.21789562370390278,20.29445322637673,-0.04593960525765017,-9.421985334879034,0.14951036861664863,-35.52417870470744,0.3196625855594684,-68.6970558134969,-0.03635708494780777,-0.17120211322472095,-0.00037072,0.2863175548599857,0.00017264,1,1.0
2160,0.00035539082458571625,0.05937884730864511,-0.00033195,3.5650423254874415,4.237187022381605,13.15845524287858,-0.21789562370390278,-1.147424873987829,-0.04593960525765017,-23.28652942782718,0.14951036861664863,80.99975597815697,0.3196625855594684,4.216487161912995,-0.03635708494780777,0.004573341992815484,-0.00037072,0.1078982072563886,0.00017264,0,1.0
2161,6.042231274150378e-05,0.08312135502987339,-0.00033195,3.5650423254874415,4.237187022381605,81.1010017538609,-0.21789562370390278,8.16132621619225,-0.04593960525765017,-42.278159439032635,0.14951036861664863,53.03150837939504,0.3196625855594684,-20.250776129381666,-0.03635708494780777,0.015069105168306104,-0.00037072,0.14074666407787167,0.00017264,0,1.0
2162,-0.001549835256921206,0.655173425683369,-0.00033195,3.5650423254874415,4.237187022381605,-63.62543194674083,-0.21789562370390278,29.066473823133112,-0.04593960525765017,-43.32921910589006,0.14951036861664863,34.58360188142262,0.3196625855594684,-46.52976331761923,-0.03635708494780777,-0.3461277121945969,-0.00037072,0.4373393014669038,0.00017264,1,1.0
2163,0.2522346111924901,0.05082286360004247,-0.00033195,3.5650423254874415,4.237187022381605,77.54630014140312,-0.21789562370390278,6.431372728745022,-0.04593960525765017,-82.5635690893168,0.14951036861664863,-66.32396576793911,0.3196625855594684,66.70768798763932,-0.03635708494780777,-0.12202329774684756,-0.00037072,0.1272845063370978,0.00017264,1,1.0
2164,0.0026949936906784933,0.16868534413398575,-0.00033195,3.5650423254874415,4.237187022381605,55.13029170349921,-0.21789562370390278,-11.35139381473292,-0.04593960525765017,-11.8391416542244,0.14951036861664863,89.01761712688577,0.3196625855594684,14.712488309602653,-0.03635708494780777,-0.09926603913323068,-0.00037072,0.2303860991610185,0.00017264,1,1.0
2165,0.001216511496863304,0.2427297730684039,-0.00033195,3.5650423254874415,4.237187022381605,99.73637352064279,-0.21789562370390278,21.21395637190279,-0.04593960525765017,-35.22465079817226,0.14951036861664863,-13.243851891818913,0.3196625855594684,-59.770684154838605,-0.03635708494780777,-0.13341251269911367,-0.00037072,0.2782977939054595,0.00017264,1,1.0
2166,0.0345112474077333,0.015270984692491564,-0.00033195,3.5650423254874415,4.237187022381605,15.549555787294414,-0.21789562370390278,0.559958253465506,-0.04593960525765017,-48.99814286936821,0.14951036861664863,23.002199908848482,0.3196625855594684,36.54091519525985,-0.03635708494780777,-0.0636049918895757,-0.00037072,0.06359950107104155,0.00017264,1,1.0
2167,0.2456281261016504,0.062348987805962514,-0.00033195,3.5650423254874415,4.237187022381605,-1.357903736034662,-0.21789562370390278,-4.194059339470231,-0.04593960525765017,-22.760626904731563,0.14951036861664863,-40.84956609759845,0.3196625855594684,60.924575916817616,-0.03635708494780777,-0.1211229355729498,-0.00037072,0.12151245854860422,0.00017264,1,1.0
2168,0.000821630318112887,0.07353790506437648,-0.00033195,3.5650423254874415,4.237187022381605,-49.90666900117389,-0.21789562370390278,6.361294250293062,-0.04593960525765017,-17.989900060878384,0.14951036861664863,54.46074133654437,0.3196625855594684,-3.1920921266875975,-0.03635708494780777,-0.08891544011919474,-0.00037072,0.14137335016997538,0.00017264,1,1.0
2169,0.004032287006741228,0.0009427737059024628,-0.00033195,3.5650423254874415,4.237187022381605,-85.48978972845742,-0.21789562370390278,-2.2070371659951045,-0.04593960525765017,-23.715242300405777,0.14951036861664863,77.53083685196145,0.3196625855594684,34.463818071815325,-0.03635708494780777,-0.020493441371311753,-0.00037072,0.020500418891418494,0.00017264,1,1.0
2170,0.32458866008231246,0.08088381695877522,-0.00033195,3.5650423254874415,4.237187022381605,-19.472871824626107,-0.21789562370390278,20.580576639311705,-0.04593960525765017,-84.53924607048806,0.14951036861664863,-78.9237677528138,0.3196625855594684,54.98969987779838,-0.03635708494780777,-0.14468512411601475,-0.00037072,0.1450842525218925,0.00017264,1,1.0
2171,0.0016082526263932473,0.01652235531417762,-0.00033195,3.5650423254874415,4.237187022381605,47.41013196062479,-0.21789562370390278,5.098730812851043,-0.04593960525765017,-55.23956609793832,0.14951036861664863,22.59854115988435,0.3196625855594684,17.017710344305282,-0.03635708494780777,-0.012845109734555958,-0.00037072,0.04291289305482337,0.00017264,1,1.0
2172,0.05004348219577388,0.00016610573761226158,-0.00033195,3.5650423254874415,4.237187022381605,-33.955760232144925,-0.21789562370390278,1.640280158858679,-0.04593960525765017,-32.692786459998075,0.14951036861664863,28.80380196992924,0.3196625855594684,30.61718861718893,-0.03635708494780777,-0.007248655399482283,-0.00037072,0.0072776591505698636,0.00017264,1,1.0
2173,0.016495369010631172,0.004864668293744712,-0.00033195,3.5650423254874415,4.237187022381605,-47.30513716495072,-0.21789562370390278,-2.4330782567795657,-0.04593960525765017,-27.596315458116997,0.14951036861664863,56.07933692482931,0.3196625855594684,34.45175411648648,-0.03635708494780777,-0.028456667344637962,-0.00037072,0.029316986065214073,0.00017264,1,1.0
2174,0.10543361096542853,0.0010620856385273193,-0.00033195,3.5650423254874415,4.237187022381605,-73.32178443865625,-0.21789562370390278,3.5498971794158,-0.04593960525765017,-77.50436049884155,0.14951036861664863,69.28279852244442,0.3196625855594684,70.70740680987768,-0.03635708494780777,-0.017423196502024174,-0.00037072,0.017491341380385966,0.00017264,1,1.0
2175,0.0007637233450705772,0.05981053701822548,-0.00033195,3.5650423254874415,4.237187022381605,50.085385025136354,-0.21789562370390278,16.052734203519464,-0.04593960525765017,-93.96690808328731,0.14951036861664863,32.07690357675884,0.3196625855594684,13.921262633764297,-0.03635708494780777,-0.07276025171166918,-0.00037072,0.12233260922684643,0.00017264,1,1.0
2176,0.00013771337712435022,0.06446126669923644,-0.00033195,3.5650423254874415,4.237187022381605,55.9002781085012,-0.21789562370390278,0.6723938770132218,-0.04593960525765017,-34.06808019797235,0.14951036861664863,67.97506959503556,0.3196625855594684,-0.03776515595545171,-0.03635708494780777,0.016882090080805164,-0.00037072,0.10967789120385546,0.00017264,0,1.0
2177,0.0006391979643964874,0.014235288272536197,-0.00033195,3.5650423254874415,4.237187022381605,44.27282097673927,-0.21789562370390278,5.2285477249180925,-0.04593960525765017,-39.61531153390091,0.14951036861664863,8.609210332383403,0.3196625855594684,6.029646689482126,-0.03635708494780777,-0.005586019161110199,-0.00037072,0.03306004644748516,0.00017264,1,1.0
2178,0.05543395010187624,0.1466887912460243,-0.00033195,3.5650423254874415,4.237187022381605,78.54603066093742,-0.21789562370390278,18.340115855111907,-0.04593960525765017,-16.0339377262843,0.14951036861664863,-78.04612913701509,0.3196625855594684,-44.71218893194355,-0.03635708494780777,-0.14078654419376535,-0.00037072,0.19370389788440945,0.00017264,1,1.0
2179,0.00017161518999826708,0.03653627631217959,-0.00033195,3.5650423254874415,4.237187022381605,-19.077862042540758,-0.21789562370390278,0.5807156331892743,-0.04593960525765017,-23.315695291261264,0.14951036861664863,69.75836490443065,0.3196625855594684,9.306981661986256,-0.03635708494780777,-0.004107620222602332,-0.00037072,0.07331119517472441,0.00017264,1,1.0
2180,0.1930955462757875,0.15003419707357296,-0.00033195,3.5650423254874415,4.237187022381605,-19.45168849718659,-0.21789562370390278,-12.45651488608716,-0.04593960525765017,-9.579440326045145,0.14951036861664863,2.2717174394187265,0.3196625855594684,67.50772496499995,-0.03635708494780777,-0.18564247299359798,-0.00037072,0.18852028788038927,0.00017264,1,1.0
2181,0.02869826767936609,0.15508940406006277,-0.00033195,3.5650423254874415,4.237187022381605,82.49736614823149,-0.21789562370390278,-5.279875413577185,-0.04593960525765017,-59.69904665860306,0.14951036861664863,97.86811843330884,0.3196625855594684,31.615400177185553,-0.03635708494780777,-0.07351806875736619,-0.00037072,0.22057734562806067,0.00017264,1,1.0
2182,0.3461961594431077,0.07086888875297374,-0.00033195,3.5650423254874415,4.237187022381605,31.4326866438373,-0.21789562370390278,-0.3528711898281562,-0.04593960525765017,-33.97483141159235,0.14951036861664863,-89.86283533277212,0.3196625855594684,67.84105894554978,-0.03635708494780777,-0.1254931105149673,-0.00037072,0.13227889823274996,0.00017264,1,1.0
2183,0.2096289879717479,0.03562737872232741,-0.00033195,3.5650423254874415,4.237187022381605,84.99251854339796,-0.21789562370390278,6.139959991472465,-0.04593960525765017,-65.06030259997769,0.14951036861664863,-74.90158240285984,0.3196625855594684,48.573566066599525,-0.03635708494780777,-0.10913854667231528,-0.00037072,0.11009365591107008,0.00017264,1,1.0
2184,0.2546838932776221,0.3359239470076142,-0.00033195,3.5650423254874415,4.237187022381605,91.95076084397479,-0.21789562370390278,-9.207139013481079,-0.04593960525765017,-68.72610801151141,0.14951036861664863,75.55092368484769,0.3196625855594684,70.9060648566115,-0.03635708494780777,-0.1353611245976272,-0.00037072,0.33939998233254653,0.00017264,1,1.0
2185,0.0013004610990068888,0.016128179546999175,-0.00033195,3.5650423254874415,4.237187022381605,79.19290227707093,-0.21789562370390278,4.232341217116629,-0.04593960525765017,-54.39342126807372,0.14951036861664863,-10.84072409501712,0.3196625855594684,18.114658485935443,-0.03635708494780777,-0.07306935325105113,-0.00037072,0.07322940097623198,0.00017264,1,1.0
2186,0.2091674810851626,0.057579656093027315,-0.00033195,3.5650423254874415,4.237187022381605,49.12364670617659,-0.21789562370390278,12.385882261531142,-0.04593960525765017,-72.93326231146179,0.14951036861664863,-12.208499582712571,0.3196625855594684,30.99536167890455,-0.03635708494780777,0.005636504975785966,-0.00037072,0.09159849756040775,0.00017264,0,1.0
2187,0.0008753048626255477,0.06561487879962052,-0.00033195,3.5650423254874415,4.237187022381605,75.03657103693352,-0.21789562370390278,12.86881916901218,-0.04593960525765017,-90.50868216508543,0.14951036861664863,63.97969810194994,0.3196625855594684,7.842536319331977,-0.03635708494780777,0.0031392704798485424,-0.00037072,0.11571535902504385,0.00017264,0,1.0
2188,0.0072007352865497976,0.03166163966875438,-0.00033195,3.5650423254874415,4.237187022381605,-54.670295654202285,-0.21789562370390278,7.847804298499532,-0.04593960525765017,-44.75295350565858,0.14951036861664863,44.54054763839143,0.3196625855594684,20.313935691646464,-0.03635708494780777,-0.09052470403904318,-0.00037072,0.08966837718242972,0.00017264,1,1.0
2189,0.38380163506831144,0.032590707268169775,-0.00033195,3.5650423254874415,4.237187022381605,-63.17574600669459,-0.21789562370390278,-2.60198635820657,-0.04593960525765017,-7.053579278508197,0.14951036861664863,-67.1891630084523,0.3196625855594684,72.55983749449072,-0.03635708494780777,-0.0685238225401989,-0.00037072,0.06864205661437445,0.00017264,1,1.0
2190,0.06919322216389456,0.04408942167332777,-0.00033195,3.5650423254874415,4.237187022381605,91.34054942909736,-0.21789562370390278,19.231588683833714,-0.04593960525765017,-90.97717056441081,0.14951036861664863,-54.41910490917055,0.3196625855594684,13.668633575085073,-0.03635708494780777,-0.11550545490093721,-0.00037072,0.11562489714244271,0.00017264,1,1.0
2191,0.1942106043590227,0.1365770104384437,-0.00033195,3.5650423254874415,4.237187022381605,-19.133394120069614,-0.21789562370390278,18.161506536919617,-0.04593960525765017,-27.19128153485774,0.14951036861664863,-83.8180594568869,0.3196625855594684,2.1716063570380055,-0.03635708494780777,-0.1811587465190659,-0.00037072,0.1801995284797516,0.00017264,1,1.0
2192,0.0014873474589126578,0.2833575650702945,-0.00033195,3.5650423254874415,4.237187022381605,-19.91436173733469,-0.21789562370390278,18.77858471999963,-0.04593960525765017,-60.425561893498035,0.14951036861664863,91.3140918350127,0.3196625855594684,-20.52133070633453,-0.03635708494780777,-0.16218052073942216,-0.00037072,0.31373124401808616,0.00017264,1,1.0
2193,0.2891897689331654,0.017394975121768803,-0.00033195,3.5650423254874415,4.237187022381605,19.023470012631094,-0.21789562370390278,3.2623916537230846,-0.04593960525765017,-25.579212296893374,0.14951036861664863,-87.70867176229996,0.3196625855594684,47.06649519041874,-0.03635708494780777,-0.06360737999630874,-0.00037072,0.06439316019933215,0.00017264,1,1.0
2194,0.24208482742331422,0.012422081015384886,-0.00033195,3.5650423254874415,4.237187022381605,-39.351798791637776,-0.21789562370390278,1.1524201793352695,-0.04593960525765017,-39.99687301609912,0.14951036861664863,-19.43167379815696,0.3196625855594684,64.14313349680393,-0.03635708494780777,-0.048209752713510384,-0.00037072,0.048165412095948254,0.00017264,1,1.0
2195,0.1281199096447268,0.006274769138008993,-0.00033195,3.5650423254874415,4.237187022381605,-0.11503999129193607,-0.21789562370390278,4.116461336553908,-0.04593960525765017,-58.235429553409936,0.14951036861664863,0.1125650152949581,0.3196625855594684,48.901354143279164,-0.03635708494780777,-0.04549488206209397,-0.00037072,0.04571249247185184,0.00017264,1,1.0
2196,0.1295490372474375,0.007659612343193053,-0.00033195,3.5650423254874415,4.237187022381605,71.26433922600035,-0.21789562370390278,9.81374030790964,-0.04593960525765017,-51.74052246174511,0.14951036861664863,-66.53178181155624,0.3196625855594684,20.474647526460718,-0.03635708494780777,-0.06035599385426788,-0.00037072,0.060522811776701664,0.00017264,1,1.0
2197,0.08792675931502669,0.12485939252499598,-0.00033195,3.5650423254874415,4.237187022381605,42.147068020907255,-0.21789562370390278,-9.777594089563571,-0.04593960525765017,-8.651783720164586,0.14951036861664863,-7.620555575666647,0.3196625855594684,36.85044660608372,-0.03635708494780777,-0.16925827006472297,-0.00037072,0.17751443664071878,0.00017264,1,1.0
2198,-0.00029438868128084383,0.20971126854824998,-0.00033195,3.5650423254874415,4.237187022381605,18.50398073338122,-0.21789562370390278,19.85129718300337,-0.04593960525765017,-76.31717314852949,0.14951036861664863,64.15148415362734,0.3196625855594684,-13.58139241184519,-0.03635708494780777,-0.1358957108933392,-0.00037072,0.25886385226324493,0.00017264,1,1.0
2199,0.2096560691777062,0.0351422947752386,-0.00033195,3.5650423254874415,4.237187022381605,-0.17286769360372425,-0.21789562370390278,0.5734580272288445,-0.04593960525765017,-56.60911784585582,0.14951036861664863,-15.059746236980208,0.3196625855594684,67.98439997288953,-0.03635708494780777,-0.09429150560628134,-0.00037072,0.09463237041317203,0.00017264,1,1.0
2200,-0.10554705838065326,1.2519618620734116,-0.00033195,4.315939991898444,2.5855106271620985,-5.478263822124214,-0.21789562370390278,-0.9543650343754466,-0.04593960525765017,-20.645489784024313,0.14951036861664863,65.55750244158406,0.3196625855594684,-1.4808959584147343,-0.03635708494780777,-0.011400919510059282,-0.00037072,1.599255206585557,0.00017264,1,1.0
2201,-0.04846212906727754,3.432632447426254,-0.00033195,4.315939991898444,2.5855106271620985,-71.36976737550933,-0.21789562370390278,11.970255809282488,-0.04593960525765017,-31.234232074851167,0.14951036861664863,1.7760804014134801,0.3196625855594684,-6.998665287253151,-0.03635708494780777,-1.1030535633300442,-0.00037072,1.1006492142308526,0.00017264,1,1.0
2202,0.01080365483784107,0.4048266418918239,-0.00033195,4.315939991898444,2.5855106271620985,85.40996814679912,-0.21789562370390278,3.40135906482429,-0.04593960525765017,-85.80364764031198,0.14951036861664863,51.799851108392474,0.3196625855594684,40.680385805595606,-0.03635708494780777,0.03188912693904489,-0.00037072,0.685321528262969,0.00017264,0,1.0
2203,-0.16822056205238572,1.4847461693299766,-0.00033195,4.315939991898444,2.5855106271620985,70.68772074993237,-0.21789562370390278,1.4352495082168841,-0.04593960525765017,-23.70078080865274,0.14951036861664863,58.008314506290205,0.3196625855594684,-31.286405779127985,-0.03635708494780777,0.04533201534369402,-0.00037072,1.9326464570500757,0.00017264,0,1.0
2204,-0.5436791112531085,5.093901663688708,-0.00033195,4.315939991898444,2.5855106271620985,4.731772301657458,-0.21789562370390278,12.652666184532254,-0.04593960525765017,-6.982135151523777,0.14951036861664863,-13.033863348812604,0.3196625855594684,-68.57719700406801,-0.03635708494780777,-1.159363054035197,-0.00037072,1.2105439980797599,0.00017264,1,1.0
2205,1.4097775049282233,3.1425432601622054,-0.00033195,4.315939991898444,2.5855106271620985,87.09254778370224,-0.21789562370390278,21.475202323506387,-0.04593960525765017,-84.60362973820139,0.14951036861664863,-76.80183803703444,0.3196625855594684,33.346254930933114,-0.03635708494780777,-1.0184281777484114,-0.00037072,0.95184436380811,0.00017264,1,1.0
2206,0.6471668814735438,2.6506656246265097,-0.00033195,4.315939991898444,2.5855106271620985,17.06059667801342,-0.21789562370390278,14.156815728101863,-0.04593960525765017,-26.0997100171569,0.14951036861664863,-53.791437765860266,0.3196625855594684,-8.995889990310767,-0.03635708494780777,-0.972454177367644,-0.00037072,0.897833347416113,0.00017264,1,1.0
2207,-0.6514843344053645,2.573780151332186,-0.00033195,4.315939991898444,2.5855106271620985,-2.3812108534191023,-0.21789562370390278,-2.3028300923585174,-0.04593960525765017,-8.124866855330515,0.14951036861664863,87.53915597807463,0.3196625855594684,-34.24105254326927,-0.03635708494780777,-0.06549949621064766,-0.00037072,1.9206380311525317,0.00017264,1,1.0
2208,0.23582859303471082,0.0052002264403576,-0.00033195,4.315939991898444,2.5855106271620985,-60.21469981421263,-0.21789562370390278,2.045319445507817,-0.04593960525765017,-56.296443570268096,0.14951036861664863,36.805864539858575,0.3196625855594684,66.22983805380747,-0.03635708494780777,-0.03965984637027121,-0.00037072,0.03948675847791728,0.00017264,1,1.0
2209,0.00037665997083335956,0.2515733903513647,-0.00033195,4.315939991898444,2.5855106271620985,87.91315459047031,-0.21789562370390278,2.6916723622068597,-0.04593960525765017,-13.38900017577216,0.14951036861664863,-0.47646736859933225,0.3196625855594684,-23.78158418250634,-0.03635708494780777,0.08298685350706356,-0.00037072,0.5063468556050882,0.00017264,0,1.0
2210,-0.12441363943796013,1.3347605309960509,-0.00033195,4.315939991898444,2.5855106271620985,100.0,-0.21789562370390278,3.605419766838867,-0.04593960525765017,-59.838808050480026,0.14951036861664863,78.50135483145613,0.3196625855594684,-14.734374512156904,-0.03635708494780777,0.11641950546879021,-0.00037072,2.200675191223559,0.00017264,0,1.0
2211,0.0014193281346122077,0.22557490455317744,-0.00033195,4.315939991898444,2.5855106271620985,56.6862878058698,-0.21789562370390278,5.41879073664948,-0.04593960525765017,-73.69522053520751,0.14951036861664863,43.00729659201875,0.3196625855594684,26.569380651863007,-0.03635708494780777,0.12796406748965608,-0.00037072,0.5773662372220119,0.00017264,0,1.0
2212,-0.6356507444112063,5.518066430311979,-0.00033195,4.315939991898444,2.5855106271620985,-71.58594091335421,-0.21789562370390278,7.619602500522241,-0.04593960525765017,-25.690772204520563,0.14951036861664863,78.11629839985977,0.3196625855594684,-41.096287400742725,-0.03635708494780777,-0.5710410965460258,-0.00037072,2.2395361112844894,0.00017264,1,1.0
2213,0.3175093226699244,1.3540156987232248,-0.00033195,4.315939991898444,2.5855106271620985,17.827958292349322,-0.21789562370390278,13.734244894123599,-0.04593960525765017,-82.03304762363624,0.14951036861664863,0.8858371345180114,0.3196625855594684,30.712656151542188,-0.03635708494780777,-0.7049838531710806,-0.00037072,0.7110456872417943,0.00017264,1,1.0
2214,0.7141385814797667,0.8204297972182012,-0.00033195,4.315939991898444,2.5855106271620985,-34.93883688129892,-0.21789562370390278,-4.3170288330136,-0.04593960525765017,-12.498546770700683,0.14951036861664863,3.871199914448506,0.3196625855594684,64.69286027974016,-0.03635708494780777,-0.46868706777705216,-0.00037072,0.512206524587839,0.00017264,1,1.0
2215,-0.39400009507908074,7.555753652527487,-0.00033195,4.315939991898444,2.5855106271620985,2.4302690086333927,-0.21789562370390278,20.185432421344736,-0.04593960525765017,-60.462373825217334,0.14951036861664863,-4.539918980239611,0.3196625855594684,-41.697865571689476,-0.03635708494780777,-1.5536978749347057,-0.00037072,1.5609864090683097,0.00017264,1,1.0
2216,0.694538523086012,0.12424073569649621,-0.00033195,4.315939991898444,2.5855106271620985,-94.11976235822604,-0.21789562370390278,-0.9620022703237776,-0.04593960525765017,-25.96647550356673,0.14951036861664863,14.66248803020724,0.3196625855594684,75.27114954478111,-0.03635708494780777,-0.10250123476161463,-0.00037072,0.10341507961390176,0.00017264,1,1.0
2217,-0.9912628859480606,6.352841932738652,-0.00033195,4.315939991898444,2.5855106271620985,-45.186057715630824,-0.21789562370390278,11.018747923516052,-0.04593960525765017,-15.768356443407683,0.14951036861664863,23.316060660169413,0.3196625855594684,-61.33032936130853,-0.03635708494780777,-1.2209240681428888,-0.00037072,1.2255444161622338,0.00017264,1,1.0
2218,-0.025636465515343432,0.9639059680583626,-0.00033195,4.315939991898444,2.5855106271620985,-19.798731121597708,-0.21789562370390278,-1.4913344062960903,-0.04593960525765017,-32.14829120814301,0.14951036861664863,70.86978838546648,0.3196625855594684,19.7918424929004,-0.03635708494780777,-0.004314842547645026,-0.00037072,1.432485573239961,0.00017264,1,1.0
2219,0.6395085281242574,0.19323475685798197,-0.00033195,4.315939991898444,2.5855106271620985,98.52970249980703,-0.21789562370390278,8.724243817654214,-0.04593960525765017,-51.030729144184605,0.14951036861664863,-34.04053816913464,0.3196625855594684,19.079281043750896,-0.03635708494780777,-0.2244168141511908,-0.00037072,0.221625353329373,0.00017264,1,1.0
2220,0.010636699998542554,1.8241237105336277,-0.00033195,4.315939991898444,2.5855106271620985,-74.87884340954939,-0.21789562370390278,9.152324681546263,-0.04593960525765017,-37.73105264560991,0.14951036861664863,13.455881175203121,0.3196625855594684,13.642343183193129,-0.03635708494780777,-0.8204177432534547,-0.00037072,0.8196692151738723,0.00017264,1,1.0
2221,0.8105319234746168,0.16112713172316273,-0.00033195,4.315939991898444,2.5855106271620985,38.71541643074731,-0.21789562370390278,6.4516946619627085,-0.04593960525765017,-57.26265623092159,0.14951036861664863,-16.857264633216076,0.3196625855594684,52.94144259329679,-0.03635708494780777,-0.15165747645821337,-0.00037072,0.15377327696420717,0.00017264,1,1.0
2222,-0.022570685930643375,1.6406869073111452,-0.00033195,4.315939991898444,2.5855106271620985,86.67618304767835,-0.21789562370390278,13.246357003684906,-0.04593960525765017,-61.1384379815121,0.14951036861664863,3.0421857059781092,0.3196625855594684,-22.84471410005741,-0.03635708494780777,-0.41696475965504964,-0.00037072,1.0388473171154158,0.00017264,1,1.0
2223,0.1864475974455595,3.245805393898907,-0.00033195,4.315939991898444,2.5855106271620985,2.024214830141906,-0.21789562370390278,-9.77593317834518,-0.04593960525765017,-36.09512815237509,0.14951036861664863,81.47283337109619,0.3196625855594684,63.992629837960585,-0.03635708494780777,-0.4846018705526396,-0.00037072,1.726227102452594,0.00017264,1,1.0
2224,1.2189808151309203,1.816851810135636,-0.00033195,4.315939991898444,2.5855106271620985,12.823045145948752,-0.21789562370390278,16.82309853666987,-0.04593960525765017,-93.56200136228335,0.14951036861664863,-32.41439975703021,0.3196625855594684,66.6532716988496,-0.03635708494780777,-0.7570420711621557,-0.00037072,0.7646716432038343,0.00017264,1,1.0
2225,1.244967278524473,0.5649550557228806,-0.00033195,4.315939991898444,2.5855106271620985,13.939373207517342,-0.21789562370390278,4.197491198274767,-0.04593960525765017,-72.31377173030553,0.14951036861664863,-10.477348946968599,0.3196625855594684,98.88754995771258,-0.03635708494780777,-0.33086105723054515,-0.00037072,0.33055508290943136,0.00017264,1,1.0
2226,-0.021950972405038183,0.6941592940776856,-0.00033195,4.315939991898444,2.5855106271620985,66.0885753630474,-0.21789562370390278,6.394718591716214,-0.04593960525765017,-0.12231951512566462,0.14951036861664863,-23.88566199197944,0.3196625855594684,-43.83866091630116,-0.03635708494780777,-0.2852588090113955,-0.00037072,0.576706404196691,0.00017264,1,1.0
2227,2.0339759710733603,1.1894714530083628,-0.00033195,4.315939991898444,2.5855106271620985,-73.09653213498773,-0.21789562370390278,7.380307128164409,-0.04593960525765017,-31.954487602877617,0.14951036861664863,-59.54440819676522,0.3196625855594684,97.18829354555722,-0.03635708494780777,-0.2736375952986377,-0.00037072,0.28431745934811953,0.00017264,1,1.0
2228,1.4731121136429643,0.9323371646447689,-0.00033195,4.315939991898444,2.5855106271620985,0.4521215830801918,-0.21789562370390278,8.66961208065401,-0.04593960525765017,-20.200563226236433,0.14951036861664863,-66.47454286738682,0.3196625855594684,43.73395620153749,-0.03635708494780777,-0.37481642482822264,-0.00037072,0.36635927712068006,0.00017264,1,1.0
2229,-0.009920753769761426,0.7576204646446613,-0.00033195,4.315939991898444,2.5855106271620985,-44.597443514816945,-0.21789562370390278,4.795442192869443,-0.04593960525765017,-48.673614307095335,0.14951036861664863,47.7859462300705,0.3196625855594684,25.396045601912835,-0.03635708494780777,-0.16312296930637737,-0.00037072,0.8537167738531224,0.00017264,1,1.0
2230,0.9574259657218311,12.417759615002375,-0.00033195,4.315939991898444,2.5855106271620985,-86.34304851329185,-0.21789562370390278,27.302084302964083,-0.04593960525765017,-79.89517244384949,0.14951036861664863,-89.41111113746857,0.3196625855594684,42.8896760978441,-0.03635708494780777,-2.9093650404840967,-0.00037072,1.2528872039144683,0.00017264,1,1.0
2231,-0.03421509876002471,5.532893449715296,-0.00033195,4.315939991898444,2.5855106271620985,27.694675136302102,-0.21789562370390278,19.032753458291594,-0.04593960525765017,-43.63894592131096,0.14951036861664863,-30.562017285978726,0.3196625855594684,-43.53153516228268,-0.03635708494780777,-1.382674696634206,-0.00037072,1.4119187029308016,0.00017264,1,1.0
2232,-0.05451508179553621,1.1355124260439835,-0.00033195,4.315939991898444,2.5855106271620985,28.540471213759997,-0.21789562370390278,7.349488687155797,-0.04593960525765017,-71.84461906564832,0.14951036861664863,63.682094669871,0.3196625855594684,10.257571598035295,-0.03635708494780777,-0.02217567570563217,-0.00037072,1.4659801926405813,0.00017264,1,1.0
2233,0.0006591445392891693,0.2053489608395076,-0.00033195,4.315939991898444,2.5855106271620985,80.53840992818776,-0.21789562370390278,5.95218565272884,-0.04593960525765017,-99.75932492147194,0.14951036861664863,54.88818962948823,0.3196625855594684,44.17575870390289,-0.03635708494780777,0.15953711331723297,-0.00037072,0.545360276872864,0.00017264,0,1.0
2234,0.10175797975378709,0.11570642369174715,-0.00033195,4.315939991898444,2.5855106271620985,-28.69925775265264,-0.21789562370390278,3.3086140299360003,-0.04593960525765017,-100.0,0.14951036861664863,62.500620252113784,0.3196625855594684,90.38249452637429,-0.03635708494780777,-0.1677821021133383,-0.00037072,0.17811854130225432,0.00017264,1,1.0
2235,0.07050449740674036,10.76947064911319,-0.00033195,4.315939991898444,2.5855106271620985,-3.0410634668956886,-0.21789562370390278,22.929035902040553,-0.04593960525765017,-15.258456006882783,0.14951036861664863,-78.51306917314338,0.3196625855594684,-66.42477837893298,-0.03635708494780777,-2.2213577910410374,-0.00037072,1.5673524634285052,0.00017264,1,1.0
2236,-0.3069961755536168,1.8440306094178456,-0.00033195,4.315939991898444,2.5855106271620985,18.260572998363184,-0.21789562370390278,5.765118892407927,-0.04593960525765017,-1e-20,0.14951036861664863,4.594335072894543,0.3196625855594684,-46.76529473448876,-0.03635708494780777,-0.37735322395305715,-0.00037072,0.9094123075796462,0.00017264,1,1.0
2237,0.013673080070093269,0.7226433420201513,-0.00033195,4.315939991898444,2.5855106271620985,-36.109239125871774,-0.21789562370390278,-5.443892446651761,-0.04593960525765017,-8.160287678272478,0.14951036861664863,44.245384263789134,0.3196625855594684,29.904492310763352,-0.03635708494780777,-0.1951165446207384,-0.00037072,0.7554380754584971,0.00017264,1,1.0
2238,0.013716692315099754,0.03158813996314278,-0.00033195,4.315939991898444,2.5855106271620985,32.26505368675035,-0.21789562370390278,2.1680326485858843,-0.04593960525765017,-0.48531961320576256,0.14951036861664863,-13.232213028795165,0.3196625855594684,-14.202579624635854,-0.03635708494780777,-0.10245999242398511,-0.00037072,0.10276623157685232,0.00017264,1,1.0
2239,0.9089902850957998,0.2251626066011923,-0.00033195,4.315939991898444,2.5855106271620985,4.318787573802128,-0.21789562370390278,4.4554146452636765,-0.04593960525765017,-21.610911860512903,0.14951036861664863,-32.58214291499456,0.3196625855594684,38.36426890254555,-0.03635708494780777,-0.1188010426448789,-0.00037072,0.11811993607843285,0.00017264,1,1.0
2240,-0.16550799572663724,1.286633932154202,-0.00033195,4.315939991898444,2.5855106271620985,-69.16730116513565,-0.21789562370390278,0.05514474366194351,-0.04593960525765017,-37.69316316560771,0.14951036861664863,82.34307870865759,0.3196625855594684,24.25440148326331,-0.03635708494780777,-0.06773428233411027,-0.00037072,1.3919088704012081,0.00017264,1,1.0
2241,-0.21460004255682907,6.151624526627042,-0.00033195,4.315939991898444,2.5855106271620985,90.99251630574315,-0.21789562370390278,18.97921897715389,-0.04593960525765017,-10.623127276616481,0.14951036861664863,-60.65649484384129,0.3196625855594684,-93.8279067750334,-0.03635708494780777,-1.419840038481878,-0.00037072,1.4147875080131858,0.00017264,1,1.0
2242,-1.3525824109357871,5.415413251690159,-0.00033195,4.315939991898444,2.5855106271620985,-31.222790338097305,-0.21789562370390278,6.656469917749146,-0.04593960525765017,-47.023846295278005,0.14951036861664863,97.67839627813194,0.3196625855594684,-46.03118081800971,-0.03635708494780777,-0.49796036266323007,-0.00037072,1.5600046279449842,0.00017264,1,1.0
2243,-0.10775582854259103,1.7672056543645709,-0.00033195,4.315939991898444,2.5855106271620985,22.42551202908954,-0.21789562370390278,12.33774622147648,-0.04593960525765017,-89.4076863171333,0.14951036861664863,45.76191042261261,0.3196625855594684,14.730083568095642,-0.03635708494780777,-0.3633114028256309,-0.00037072,1.1335289090836387,0.00017264,1,1.0
2244,-0.3984832682188286,2.554575166012886,-0.00033195,4.315939991898444,2.5855106271620985,99.56274616929493,-0.21789562370390278,10.34159765468271,-0.04593960525765017,-11.373250631311254,0.14951036861664863,-13.207821990879582,0.3196625855594684,-75.07585684591574,-0.03635708494780777,-0.477955845969132,-0.00037072,1.0513814565104334,0.00017264,1,1.0
2245,-0.4874364580871031,2.364629591803516,-0.00033195,4.315939991898444,2.5855106271620985,44.46685341318249,-0.21789562370390278,8.469579785210032,-0.04593960525765017,-67.52192502296516,0.14951036861664863,69.83504174204327,0.3196625855594684,-19.083074886975297,-0.03635708494780777,-0.13480375781651666,-0.00037072,1.57505686133541,0.00017264,1,1.0
2246,0.12823228212287907,0.01856920222918973,-0.00033195,4.315939991898444,2.5855106271620985,-7.648909676608798,-0.21789562370390278,3.177034836741842,-0.04593960525765017,-42.08083985662063,0.14951036861664863,16.865384124519274,0.3196625855594684,33.37832484676966,-0.03635708494780777,-0.08501343996903764,-0.00037072,0.08933867872380773,0.00017264,1,1.0
2247,0.030034220996979277,0.02435213641985374,-0.00033195,4.315939991898444,2.5855106271620985,53.80689736891924,-0.21789562370390278,4.1977636277075225,-0.04593960525765017,-44.51683993008645,0.14951036861664863,6.5655215825495645,0.3196625855594684,15.390737601471407,-0.03635708494780777,-0.10587959562944858,-0.00037072,0.1057376183525661,0.00017264,1,1.0
2248,2.426138817906093,1.5783077742643963,-0.00033195,4.315939991898444,2.5855106271620985,6.471232030368949,-0.21789562370390278,11.003849558608751,-0.04593960525765017,-50.21277758651198,0.14951036861664863,-88.54004334783573,0.3196625855594684,100.0,-0.03635708494780777,-0.2886407179079737,-0.00037072,0.2851664909344939,0.00017264,1,1.0
2249,-0.00117145935442875,0.325387523865876,-0.00033195,4.315939991898444,2.5855106271620985,-32.997249218081805,-0.21789562370390278,2.8979433186583745,-0.04593960525765017,-92.68059490557732,0.14951036861664863,85.49931343036586,0.3196625855594684,70.71122846058043,-0.03635708494780777,0.0774651771623498,-0.00037072,0.7506270332847254,0.00017264,0,1.0
2250,1.3553427708618817,1.3185914030510886,-0.00033195,4.315939991898444,2.5855106271620985,51.97767848145964,-0.21789562370390278,11.559824940178235,-0.04593960525765017,-16.97163343609342,0.14951036861664863,-84.26949851269615,0.3196625855594684,14.283611041300572,-0.03635708494780777,-0.5473719140979707,-0.00037072,0.513195709442309,0.00017264,1,1.0
2251,1.5076271027276333,0.5998038770790471,-0.00033195,4.315939991898444,2.5855106271620985,18.403838688491,-0.21789562370390278,5.4777901589052265,-0.04593960525765017,-56.37583294756418,0.14951036861664863,-36.061055692645375,0.3196625855594684,88.46977255190197,-0.03635708494780777,-0.23378255820794566,-0.00037072,0.23429541892225667,0.00017264,1,1.0
2252,2.2098484221571164,1.2627113163106074,-0.00033195,4.315939991898444,2.5855106271620985,-12.154151602350433,-0.21789562370390278,6.89377140823412,-0.04593960525765017,-22.343166261536272,0.14951036861664863,-83.97785114781655,0.3196625855594684,85.37692865643469,-0.03635708494780777,-0.16141159949649192,-0.00037072,0.1570413670087178,0.00017264,1,1.0
2253,0.04807490562427219,16.820488467263683,-0.00033195,4.315939991898444,2.5855106271620985,37.013439078144785,-0.21789562370390278,32.91007411316392,-0.04593960525765017,-83.50085872516746,0.14951036861664863,-94.6135960165692,0.3196625855594684,-38.35751324486594,-0.03635708494780777,-3.2188444329014607,-0.00037072,1.5905961966625557,0.00017264,1,1.0
2254,1.1632975146769244,0.7431055836239959,-0.00033195,4.315939991898444,2.5855106271620985,-97.75005126562361,-0.21789562370390278,4.882729790476625,-0.04593960525765017,-12.806329123969842,0.14951036861664863,-29.34182821063742,0.3196625855594684,59.22054887003732,-0.03635708494780777,-0.3941253966413364,-0.00037072,0.37334837294619827,0.00017264,1,1.0
2255,-0.20647833017467487,1.48223881931833,-0.00033195,4.315939991898444,2.5855106271620985,82.42478741644554,-0.21789562370390278,6.2825119943929195,-0.04593960525765017,-44.74026257936904,0.14951036861664863,48.94870555117146,0.3196625855594684,-30.97338980660491,-0.03635708494780777,0.013787272882940238,-0.00037072,1.6635408085377639,0.00017264,0,1.0
2256,1.871219464393771,1.5502043460158137,-0.00033195,4.315939991898444,2.5855106271620985,11.898983342680516,-0.21789562370390278,14.388743625725416,-0.04593960525765017,-71.2234878589325,0.14951036861664863,-65.5312906433373,0.3196625855594684,82.75673477568715,-0.03635708494780777,-0.5552106867553178,-0.00037072,0.5239100502593855,0.00017264,1,1.0
2257,1.1764357096715252,5.220509004264038,-0.00033195,4.315939991898444,2.5855106271620985,84.62408618795858,-0.21789562370390278,-7.458001605569742,-0.04593960525765017,-45.75169779131787,0.14951036861664863,26.007428419720874,0.3196625855594684,88.64066057022818,-0.03635708494780777,-0.7053862625077927,-0.00037072,1.8654784925987902,0.00017264,1,1.0
2258,0.762401096087169,0.14715049529966587,-0.00033195,4.315939991898444,2.5855106271620985,-39.64050435390208,-0.21789562370390278,4.375069385783634,-0.04593960525765017,-43.16503151241105,0.14951036861664863,-2.9540731285710815,0.3196625855594684,61.74096069649843,-0.03635708494780777,-0.1382951881108321,-0.00037072,0.13784662803658312,0.00017264,1,1.0
2259,-0.00016368967788871203,0.35702019752707387,-0.00033195,4.315939991898444,2.5855106271620985,91.91068466523151,-0.21789562370390278,6.225669319272096,-0.04593960525765017,-99.12787196388801,0.14951036861664863,68.71614214805673,0.3196625855594684,31.50220129264211,-0.03635708494780777,0.18384797658975494,-0.00037072,1.159325375941493,0.00017264,0,1.0
2260,0.11893411397385689,0.052388944847779374,-0.00033195,4.315939991898444,2.5855106271620985,-72.70233359832177,-0.21789562370390278,4.313370297356773,-0.04593960525765017,-85.80604773597807,0.14951036861664863,57.60410294136271,0.3196625855594684,82.44409643980806,-0.03635708494780777,-0.1414866123087211,-0.00037072,0.14670822900622385,0.00017264,1,1.0
2261,0.3360387328684049,5.6337363489921035,-0.00033195,4.315939991898444,2.5855106271620985,96.80749629190393,-0.21789562370390278,-11.94018005138465,-0.04593960525765017,-18.788337492300204,0.14951036861664863,71.48605054034302,0.3196625855594684,33.657430383848926,-0.03635708494780777,-0.5465536611806971,-0.00037072,2.531434034150993,0.00017264,1,1.0
2262,0.39728787878705596,21.34063734641998,-0.00033195,4.315939991898444,2.5855106271620985,-91.05008085590818,-0.21789562370390278,34.412164855830135,-0.04593960525765017,-89.44884736186094,0.14951036861664863,-91.86907040472352,0.3196625855594684,5.714745054136049,-0.03635708494780777,-3.7487025603830775,-0.00037072,1.7564452731775289,0.00017264,1,1.0
2263,0.07132970308676079,0.736120060106741,-0.00033195,4.315939991898444,2.5855106271620985,44.01906313648793,-0.21789562370390278,7.823572398893794,-0.04593960525765017,-10.389319828216315,0.14951036861664863,-27.740699463934433,0.3196625855594684,-27.925149886271555,-0.03635708494780777,-0.5036915915433898,-0.00037072,0.5098161450592876,0.00017264,1,1.0
2264,0.3781322605278281,0.2667472330543072,-0.00033195,4.315939991898444,2.5855106271620985,28.75693247015664,-0.21789562370390278,9.86599529500061,-0.04593960525765017,-87.87812014725684,0.14951036861664863,12.247401434390076,0.3196625855594684,52.23934145070669,-0.03635708494780777,-0.3226096306482965,-0.00037072,0.3276365983818671,0.00017264,1,1.0
2265,0.8959243583404426,0.3003141993539,-0.00033195,4.315939991898444,2.5855106271620985,-47.60946426137624,-0.21789562370390278,-1.0878459567471148,-0.04593960525765017,-8.307234516150872,0.14951036861664863,-13.932967575197836,0.3196625855594684,58.02040132133055,-0.03635708494780777,-0.19112304388988524,-0.00037072,0.19916980500100914,0.00017264,1,1.0
2266,0.05861719510019281,6.159121059577011,-0.00033195,4.315939991898444,2.5855106271620985,77.54819329242378,-0.21789562370390278,20.11620872053115,-0.04593960525765017,-15.895146867759294,0.14951036861664863,-67.99690063790591,0.3196625855594684,-79.5626572448414,-0.03635708494780777,-1.4779778793526062,-0.00037072,1.4625956708598216,0.00017264,1,1.0
2267,1.3722851208129876,0.8670483861032968,-0.00033195,4.315939991898444,2.5855106271620985,-20.458941528019746,-0.21789562370390278,10.073271801959894,-0.04593960525765017,-52.57662579411371,0.14951036861664863,-39.98461824186678,0.3196625855594684,68.50794803481088,-0.03635708494780777,-0.4200489248730546,-0.00037072,0.4152047306203071,0.00017264,1,1.0
2268,0.5644967799441936,2.195531795139275,-0.00033195,4.315939991898444,2.5855106271620985,93.02962310105542,-0.21789562370390278,-1.6333845062326149,-0.04593960525765017,-79.64178662725908,0.14951036861664863,50.96155214502955,0.3196625855594684,71.29636387589129,-0.03635708494780777,-0.3064256545343399,-0.00037072,1.3947363531982888,0.00017264,1,1.0
2269,0.5587663396779758,0.09547812144811291,-0.00033195,4.315939991898444,2.5855106271620985,50.290292540541266,-0.21789562370390278,3.2552695625176358,-0.04593960525765017,-14.77508802342752,0.14951036861664863,-30.142707283346464,0.3196625855594684,13.42295603755087,-0.03635708494780777,-0.10098880938871134,-0.00037072,0.10115591690809321,0.00017264,1,1.0
2270,0.9186423028331485,0.38117705762424764,-0.00033195,4.315939991898444,2.5855106271620985,74.87776418152745,-0.21789562370390278,8.361749942313848,-0.04593960525765017,-27.676725193961847,0.14951036861664863,-54.7691888173109,0.3196625855594684,14.599069494196012,-0.03635708494780777,-0.257237888116875,-0.00037072,0.25582362510577317,0.00017264,1,1.0
2271,-1.3037488015937133,6.355938824540489,-0.00033195,4.315939991898444,2.5855106271620985,66.68673553820578,-0.21789562370390278,12.363813491215668,-0.04593960525765017,-51.22978180710567,0.14951036861664863,65.77391683434928,0.3196625855594684,-84.69889045496058,-0.03635708494780777,-0.6066583504927898,-0.00037072,1.8150166674394361,0.00017264,1,1.0
2272,0.6150890013332312,0.07664069791102907,-0.00033195,4.315939991898444,2.5855106271620985,-11.371802028896026,-0.21789562370390278,3.2749801453586485,-0.04593960525765017,-36.77062647771155,0.14951036861664863,-4.397602135420661,0.3196625855594684,48.58301759703628,-0.03635708494780777,-0.07337493047847457,-0.00037072,0.0732600415206475,0.00017264,1,1.0
2273,0.5065232416263337,0.46590743946814633,-0.00033195,4.315939991898444,2.5855106271620985,11.895789504013598,-0.21789562370390278,7.304755325778914,-0.04593960525765017,-28.462561497246394,0.14951036861664863,-23.76100922011833,0.3196625855594684,15.664456992967736,-0.03635708494780777,-0.3846432814470904,-0.00037072,0.361909158514018,0.00017264,1,1.0
2274,-0.17238232955745447,1.6379889428890837,-0.00033195,4.315939991898444,2.5855106271620985,-21.501833781821652,-0.21789562370390278,8.551351255847905,-0.04593960525765017,-56.540793112555455,0.14951036861664863,38.818234201282316,0.3196625855594684,8.556249659411323,-0.03635708494780777,-0.40567587048289244,-0.00037072,0.93398505045496,0.00017264,1,1.0
2275,-0.2860888725312557,2.0435701961354265,-0.00033195,4.315939991898444,2.5855106271620985,23.34581637825348,-0.21789562370390278,-2.0315816783994216,-0.04593960525765017,-14.047993313449389,0.14951036861664863,80.40562907790412,0.3196625855594684,-24.078184495093634,-0.03635708494780777,-0.014378362978903159,-0.00037072,2.1684956153270387,0.00017264,1,1.0
2276,0.3208071659020828,0.035840337578260766,-0.00033195,4.315939991898444,2.5855106271620985,-43.09007371197787,-0.21789562370390278,1.7581981575862087,-0.04593960525765017,-22.86347535308772,0.14951036861664863,7.638237926958335,0.3196625855594684,35.98191674186629,-0.03635708494780777,-0.09292303522091794,-0.00037072,0.09283399867092212,0.00017264,1,1.0
2277,1.0160732666913903,0.2625658482390648,-0.00033195,4.315939991898444,2.5855106271620985,-49.09011925158413,-0.21789562370390278,1.7099456669010473,-0.04593960525765017,-4.411593053138266,0.14951036861664863,-29.502506262813302,0.3196625855594684,48.29262416791946,-0.03635708494780777,-0.052849618117594636,-0.00037072,0.051738942998710784,0.00017264,1,1.0
2278,-0.23469989194219423,1.4054936879315623,-0.00033195,4.315939991898444,2.5855106271620985,-13.451215029345025,-0.21789562370390278,-0.06206531914623953,-0.04593960525765017,-11.274762433118598,0.14951036861664863,55.600143848098675,0.3196625855594684,-14.085122168670463,-0.03635708494780777,-0.05401080926264912,-0.00037072,1.383574264321953,0.00017264,1,1.0
2279,0.30319426347799894,4.647284589885451,-0.00033195,4.315939991898444,2.5855106271620985,2.321979276712898,-0.21789562370390278,-12.80537488200682,-0.04593960525765017,-20.56436731086752,0.14951036861664863,81.70990311089577,0.3196625855594684,63.21906601200819,-0.03635708494780777,-0.6005378064836417,-0.00037072,2.0739591146050067,0.00017264,1,1.0
2280,0.4339823252838163,0.039377714854043275,-0.00033195,4.315939991898444,2.5855106271620985,-44.02716376198949,-0.21789562370390278,5.63917380353997,-0.04593960525765017,-93.04192233669883,0.14951036861664863,41.24490648191428,0.3196625855594684,91.02593349404067,-0.03635708494780777,-0.1267596934131999,-0.00037072,0.12933147828458166,0.00017264,1,1.0
2281,-0.9764488114095569,3.7504130262018442,-0.00033195,4.315939991898444,2.5855106271620985,61.229742000579606,-0.21789562370390278,5.3015394106692115,-0.04593960525765017,-20.83154304965034,0.14951036861664863,66.80864734750737,0.3196625855594684,-76.16742024561948,-0.03635708494780777,-0.19112012636977793,-0.00037072,1.8365104935095249,0.00017264,1,1.0
2282,-0.4732685419786824,3.114345695030191,-0.00033195,4.315939991898444,2.5855106271620985,20.100646230599665,-0.21789562370390278,9.386821412086368,-0.04593960525765017,-1.1912131760211555,0.14951036861664863,-13.567852505826899,0.3196625855594684,-60.60964832283874,-0.03635708494780777,-0.8536686255027981,-0.00037072,0.8799652361905645,0.00017264,1,1.0
2283,0.20996689244335054,0.9834655899947602,-0.00033195,4.315939991898444,2.5855106271620985,21.40450811532095,-0.21789562370390278,-1.2575208090887813,-0.04593960525765017,-74.68190339206019,0.14951036861664863,60.55467388618238,0.3196625855594684,71.52302900770009,-0.03635708494780777,-0.23847407343671972,-0.00037072,0.8396535402062402,0.00017264,1,1.0
2284,0.3345744579280515,0.019970035089317415,-0.00033195,4.315939991898444,2.5855106271620985,-24.080742441553618,-0.21789562370390278,1.7158480454904066,-0.04593960525765017,-25.07355607395205,0.14951036861664863,4.969635311766307,0.3196625855594684,35.02389720797272,-0.03635708494780777,-0.039066910932362815,-0.00037072,0.03871721364840731,0.00017264,1,1.0
2285,1.7875031670601156,1.8548092022880325,-0.00033195,4.315939991898444,2.5855106271620985,99.56629559015845,-0.21789562370390278,18.069079279618006,-0.04593960525765017,-74.94537798975733,0.14951036861664863,-88.23079484408312,0.3196625855594684,50.272994731472615,-0.03635708494780777,-0.6558804471345416,-0.00037072,0.6412375912464912,0.00017264,1,1.0
2286,1.4153354317374782,0.5100943084829823,-0.00033195,4.315939991898444,2.5855106271620985,-93.22548376394451,-0.21789562370390278,3.285377941232085,-0.04593960525765017,-20.99099901566261,0.14951036861664863,-28.369273991080533,0.3196625855594684,82.49012067029331,-0.03635708494780777,-0.14372911605857783,-0.00037072,0.1432867965280666,0.00017264,1,1.0
2287,2.3178964217556492,1.8608403785007461,-0.00033195,4.315939991898444,2.5855106271620985,-27.38678250224026,-0.21789562370390278,12.133546369597312,-0.04593960525765017,-48.03244205175767,0.14951036861664863,-84.26409840310002,0.3196625855594684,96.46531374260432,-0.03635708494780777,-0.49076619881424494,-0.00037072,0.4293449167204751,0.00017264,1,1.0
2288,0.913383968613746,0.4241348192895669,-0.00033195,4.315939991898444,2.5855106271620985,86.21235175586746,-0.21789562370390278,5.425871464602098,-0.04593960525765017,-64.61500166187099,0.14951036861664863,-21.240290656890885,0.3196625855594684,58.429409667942764,-0.03635708494780777,-0.3080597394640527,-0.00037072,0.336205961872944,0.00017264,1,1.0
2289,-0.039961921801806355,1.1898178746671513,-0.00033195,4.315939991898444,2.5855106271620985,74.74661244991813,-0.21789562370390278,11.977157217647386,-0.04593960525765017,-75.50595557979436,0.14951036861664863,22.53433269292681,0.3196625855594684,-3.7620430786222805,-0.03635708494780777,-0.25283116523130655,-0.00037072,0.9672750798083892,0.00017264,1,1.0
2290,0.08085155811831096,0.9621876736336104,-0.00033195,4.315939991898444,2.5855106271620985,17.151218938948873,-0.21789562370390278,-0.5323747695625183,-0.04593960525765017,-94.33690752454724,0.14951036861664863,87.35188942945398,0.3196625855594684,77.87300408799892,-0.03635708494780777,-0.1022941059396909,-0.00037072,1.0564097348750043,0.00017264,1,1.0
2291,0.47048007262683544,8.794446833059595,-0.00033195,4.315939991898444,2.5855106271620985,98.32138072050071,-0.21789562370390278,27.690576154196595,-0.04593960525765017,-70.20786688004983,0.14951036861664863,-80.96453502071435,0.3196625855594684,-42.167963377965215,-0.03635708494780777,-1.9022857385400995,-0.00037072,1.5621518324925943,0.00017264,1,1.0
2292,0.12207887285628649,0.9523594189270311,-0.00033195,4.315939991898444,2.5855106271620985,72.60512673108639,-0.21789562370390278,-2.948620369839533,-0.04593960525765017,-19.06215190550305,0.14951036861664863,15.655734977800662,0.3196625855594684,14.238516893296739,-0.03635708494780777,-0.3109199482627151,-0.00037072,0.7695091634097976,0.00017264,1,1.0
2293,1.6758205068073764,0.6790064954930086,-0.00033195,4.315939991898444,2.5855106271620985,-45.368906982247054,-0.21789562370390278,4.269643925855911,-0.04593960525765017,-27.02529118041973,0.14951036861664863,-46.588571146563396,0.3196625855594684,85.39298470388896,-0.03635708494780777,-0.1010116758046289,-0.00037072,0.09116822218999722,0.00017264,1,1.0
2294,0.22209117145051627,1.227204598183112,-0.00033195,4.315939991898444,2.5855106271620985,45.921456776172995,-0.21789562370390278,11.962614641414866,-0.04593960525765017,-47.21397138492404,0.14951036861664863,-20.068140611212225,0.3196625855594684,-4.464622586645103,-0.03635708494780777,-0.6536082763632423,-0.00037072,0.6701056407642807,0.00017264,1,1.0
2295,1.1183664448112367,3.7010026576139845,-0.00033195,4.315939991898444,2.5855106271620985,55.979660450618255,-0.21789562370390278,17.67741515836212,-0.04593960525765017,-20.862130125523876,0.14951036861664863,-93.6422255947567,0.3196625855594684,-16.609110275728334,-0.03635708494780777,-1.116451430581641,-0.00037072,1.0285149052128935,0.00017264,1,1.0
2296,0.37458907360658855,0.02806389424835659,-0.00033195,4.315939991898444,2.5855106271620985,-22.35255538409671,-0.21789562370390278,2.420455819830103,-0.04593960525765017,-47.229931694718196,0.14951036861664863,16.63266340612793,0.3196625855594684,54.2690977260816,-0.03635708494780777,-0.06994568670119104,-0.00037072,0.07195484124154526,0.00017264,1,1.0
2297,0.8382267814376356,0.5024199662919326,-0.00033195,4.315939991898444,2.5855106271620985,74.78470842165686,-0.21789562370390278,12.624201733294436,-0.04593960525765017,-83.29030617431648,0.14951036861664863,-25.506450410225554,0.3196625855594684,46.29300830690602,-0.03635708494780777,-0.3914424837550204,-0.00037072,0.39632205653167124,0.00017264,1,1.0
2298,-0.14591447810906422,1.27754492659962,-0.00033195,4.315939991898444,2.5855106271620985,43.39031733964093,-0.21789562370390278,8.56960432463069,-0.04593960525765017,-93.70945401381178,0.14951036861664863,80.9912345059414,0.3196625855594684,16.56746194305724,-0.03635708494780777,0.018512225043925024,-0.00037072,1.62013723416376,0.00017264,0,1.0
2299,-0.01520446045505719,0.49334044805733107,-0.00033195,4.315939991898444,2.5855106271620985,-71.87808570468793,-0.21789562370390278,3.147471420728713,-0.04593960525765017,-19.8998441686458,0.14951036861664863,22.379326347565087,0.3196625855594684,18.15421347924174,-0.03635708494780777,-0.34593030118035356,-0.00037072,0.4519892879756963,0.00017264,1,1.0
2300,0.0002923527753038845,0.0066848783811464425,-0.00033195,2.360253898083111,5.634017415187891,-9.990126778463848,-0.21789562370390278,1.0053858707141783,-0.04593960525765017,-35.41519857665562,0.14951036861664863,66.93532735105347,0.3196625855594684,16.470241997974302,-0.03635708494780777,-8.214302469971083e-05,-0.00037072,0.013026568891147899,0.00017264,1,1.0
2301,0.1301297689619698,0.01740601245574029,-0.00033195,2.360253898083111,5.634017415187891,-65.57197333011952,-0.21789562370390278,25.142294197005818,-0.04593960525765017,-94.5739141372762,0.14951036861664863,-39.774565992381106,0.3196625855594684,60.41733120750449,-0.03635708494780777,-0.06235992213782775,-0.00037072,0.0626632491881809,0.00017264,1,1.0
2302,0.0028289476204206646,0.013995440011492171,-0.00033195,2.360253898083111,5.634017415187891,16.63864312390178,-0.21789562370390278,-4.293896201452125,-0.04593960525765017,-15.584081715562311,0.14951036861664863,-76.69536159991632,0.3196625855594684,21.221996177312388,-0.03635708494780777,-0.05331789657859502,-0.00037072,0.055266377593959484,0.00017264,1,1.0
2303,0.32986385742172675,0.13809260164789083,-0.00033195,2.360253898083111,5.634017415187891,85.36329321987385,-0.21789562370390278,2.206312881465375,-0.04593960525765017,-50.883684803442875,0.14951036861664863,-75.90576919506039,0.3196625855594684,53.05711019355698,-0.03635708494780777,0.006142039685415462,-0.00037072,0.18695977708139727,0.00017264,0,1.0
2304,0.16330983904033652,0.033740313750689824,-0.00033195,2.360253898083111,5.634017415187891,-73.91422541621841,-0.21789562370390278,29.476014401847014,-0.04593960525765017,-84.48562795624312,0.14951036861664863,-57.474143138757825,0.3196625855594684,55.42889703260986,-0.03635708494780777,-0.08230511296386187,-0.00037072,0.08223964080015722,0.00017264,1,1.0
2305,0.058804613776395814,0.0064803388949968895,-0.00033195,2.360253898083111,5.634017415187891,-65.57276774033818,-0.21789562370390278,-9.888781157188214,-0.04593960525765017,-18.83144145250363,0.14951036861664863,88.80180249084579,0.3196625855594684,41.88221679661891,-0.03635708494780777,-0.029145225047594057,-0.00037072,0.0294825368300467,0.00017264,1,1.0
2306,0.04749614733199045,0.0006907561989125947,-0.00033195,2.360253898083111,5.634017415187891,-9.128250053795986,-0.21789562370390278,5.570079840958796,-0.04593960525765017,-23.43760771167527,0.14951036861664863,-65.46110512429287,0.3196625855594684,22.18194825311403,-0.03635708494780777,-0.018366570195116887,-0.00037072,0.018362836809826602,0.00017264,1,1.0
2307,0.17442049456937964,0.004108545032189699,-0.00033195,2.360253898083111,5.634017415187891,-68.41930390111581,-0.21789562370390278,6.964356821005574,-0.04593960525765017,-9.20768374669058,0.14951036861664863,-79.75241042335401,0.3196625855594684,43.43436995793512,-0.03635708494780777,-0.023365966417843238,-0.00037072,0.02326073484795828,0.00017264,1,1.0
2308,0.0005052736909028077,0.023532378658017793,-0.00033195,2.360253898083111,5.634017415187891,33.13604864206675,-0.21789562370390278,17.32066582454179,-0.04593960525765017,-25.560327066563627,0.14951036861664863,-14.599677668601805,0.3196625855594684,-17.26747470823882,-0.03635708494780777,-0.03796373531867129,-0.00037072,0.05787668404173522,0.00017264,1,1.0
2309,0.18414332716248916,0.002299657160795893,-0.00033195,2.360253898083111,5.634017415187891,-83.24780844765377,-0.21789562370390278,13.092664200862446,-0.04593960525765017,-76.36654735431964,0.14951036861664863,-87.8773901437417,0.3196625855594684,83.66597666985872,-0.03635708494780777,-0.03059837706427159,-0.00037072,0.03073082659016107,0.00017264,1,1.0
2310,0.15797999549190755,0.0012919936322571598,-0.00033195,2.360253898083111,5.634017415187891,-67.25728757678874,-0.21789562370390278,5.178661710957127,-0.04593960525765017,-22.914641790464987,0.14951036861664863,-67.23478566253972,0.3196625855594684,51.374399492276424,-0.03635708494780777,-0.009970136045816551,-0.00037072,0.009980870217130853,0.00017264,1,1.0
2311,0.000355507513749298,0.04888239575073342,-0.00033195,2.360253898083111,5.634017415187891,-8.039472768318618,-0.21789562370390278,-19.63603417032543,-0.04593960525765017,-12.052652605395105,0.14951036861664863,93.34283032069925,0.3196625855594684,29.32077328088838,-0.03635708494780777,-0.06697701302052321,-0.00037072,0.09178956702272399,0.00017264,1,1.0
2312,0.00020796879297335646,0.028663952141339284,-0.00033195,2.360253898083111,5.634017415187891,49.52060258215298,-0.21789562370390278,21.246347025406678,-0.04593960525765017,-5.081321827447187,0.14951036861664863,-96.01887524380712,0.3196625855594684,-31.693505801357425,-0.03635708494780777,-0.05785776046981409,-0.00037072,0.06720963406000668,0.00017264,1,1.0
2313,0.09613235608751075,0.0005300107762974978,-0.00033195,2.360253898083111,5.634017415187891,-41.99860510227765,-0.21789562370390278,1.8411652186579701,-0.04593960525765017,-9.024094918719543,0.14951036861664863,-35.56901974379571,0.3196625855594684,29.75897818779111,-0.03635708494780777,-0.0039176455435433796,-0.00037072,0.003930594361649551,0.00017264,1,1.0
2314,0.02609775073083305,0.00014471733565129933,-0.00033195,2.360253898083111,5.634017415187891,-46.25081704074788,-0.21789562370390278,0.3967821855003195,-0.04593960525765017,-37.46815500616333,0.14951036861664863,85.0445492105368,0.3196625855594684,29.57902483248495,-0.03635708494780777,-0.0052798898302519985,-0.00037072,0.005319801742005076,0.00017264,1,1.0
2315,0.00035064966939514497,0.021434813482276212,-0.00033195,2.360253898083111,5.634017415187891,48.06952489203688,-0.21789562370390278,7.389761800639492,-0.04593960525765017,-52.73620759702105,0.14951036861664863,-58.15422619374904,0.3196625855594684,16.383728058614334,-0.03635708494780777,-0.03204598456700004,-0.00037072,0.06308118383061193,0.00017264,1,1.0
2316,0.15389795700312467,0.02288673731735058,-0.00033195,2.360253898083111,5.634017415187891,-79.54812347629048,-0.21789562370390278,23.36153814850499,-0.04593960525765017,-74.71489516432129,0.14951036861664863,-25.142159007947413,0.3196625855594684,55.18687918648948,-0.03635708494780777,-0.06753550746379915,-0.00037072,0.06714006828767728,0.00017264,1,1.0
2317,0.050500776594790714,0.013911294758148219,-0.00033195,2.360253898083111,5.634017415187891,-12.296181156092596,-0.21789562370390278,5.28640525052952,-0.04593960525765017,-71.97301717190737,0.14951036861664863,-97.76679581684672,0.3196625855594684,58.957590154125825,-0.03635708494780777,-0.06291545687201203,-0.00037072,0.06351629095477507,0.00017264,1,1.0
2318,0.0002649294720885806,0.0023390667596387667,-0.00033195,2.360253898083111,5.634017415187891,-15.65538215688325,-0.21789562370390278,4.7255701107406045,-0.04593960525765017,-44.51518490481802,0.14951036861664863,46.37001021588252,0.3196625855594684,20.589959078015738,-0.03635708494780777,-0.008244941704737793,-0.00037072,0.012363812612445879,0.00017264,1,1.0
2319,0.12561990721573463,0.004406282065192569,-0.00033195,2.360253898083111,5.634017415187891,-96.62260933808786,-0.21789562370390278,-6.729327997677726,-0.04593960525765017,-23.941281626000098,0.14951036861664863,73.67390231781818,0.3196625855594684,58.3495447941642,-0.03635708494780777,-0.0213069589622324,-0.00037072,0.02129712472926617,0.00017264,1,1.0
2320,0.0005856501399182645,0.019972734201916628,-0.00033195,2.360253898083111,5.634017415187891,50.38229106440396,-0.21789562370390278,14.594034563349789,-0.04593960525765017,-73.45764574373071,0.14951036861664863,-95.69380307624783,0.3196625855594684,22.495485674251285,-0.03635708494780777,-0.04364067189083943,-0.00037072,0.06904419665100181,0.00017264,1,1.0
2321,0.0024079589275529736,0.022298075898819172,-0.00033195,2.360253898083111,5.634017415187891,10.333862775375955,-0.21789562370390278,-0.701151919786879,-0.04593960525765017,-53.865856725000455,0.14951036861664863,58.720067906344696,0.3196625855594684,26.634669930373107,-0.03635708494780777,-0.021839703321623986,-0.00037072,0.05364687671995858,0.00017264,1,1.0
2322,0.12061843568073921,0.07800755643162541,-0.00033195,2.360253898083111,5.634017415187891,75.42613229599844,-0.21789562370390278,5.897112550857557,-0.04593960525765017,-85.0383170470562,0.14951036861664863,45.96047048812735,0.3196625855594684,34.02972297216287,-0.03635708494780777,0.0020284290873684996,-0.00037072,0.12870018639678255,0.00017264,0,1.0
2323,0.04788388979965539,0.0004338914596653016,-0.00033195,2.360253898083111,5.634017415187891,-44.660441581693085,-0.21789562370390278,6.455493190405757,-0.04593960525765017,-55.95727708458255,0.14951036861664863,34.83417424163933,0.3196625855594684,40.14427276992556,-0.03635708494780777,-0.01362226175340782,-0.00037072,0.013634484537823172,0.00017264,1,1.0
2324,0.09947863433647773,0.002844650300701552,-0.00033195,2.360253898083111,5.634017415187891,-38.92509009728842,-0.21789562370390278,13.637256868379906,-0.04593960525765017,-71.55678887766224,0.14951036861664863,-81.60158772412785,0.3196625855594684,57.045391722631635,-0.03635708494780777,-0.03652444086650038,-0.00037072,0.03650286998954702,0.00017264,1,1.0
2325,0.00022174248769010751,0.0187002248343121,-0.00033195,2.360253898083111,5.634017415187891,33.08145486918283,-0.21789562370390278,3.5247300370177532,-0.04593960525765017,-4.867041162825981,0.14951036861664863,52.15029539004973,0.3196625855594684,-17.2717586337253,-0.03635708494780777,0.005963948036101105,-0.00037072,0.030490935835280654,0.00017264,0,1.0
2326,0.0063237091832041015,0.02369859280488959,-0.00033195,2.360253898083111,5.634017415187891,61.16969397124573,-0.21789562370390278,13.380316908307725,-0.04593960525765017,-56.859246972831954,0.14951036861664863,-50.79941347825421,0.3196625855594684,6.154795571796228,-0.03635708494780777,-0.01582194097991837,-0.00037072,0.05924796310403913,0.00017264,1,1.0
2327,0.06961623201840147,0.0015253863253984563,-0.00033195,2.360253898083111,5.634017415187891,-63.17179875678421,-0.21789562370390278,8.65915157054562,-0.04593960525765017,-66.14397775124658,0.14951036861664863,56.151606939642306,0.3196625855594684,48.51400957077815,-0.03635708494780777,-0.020244832961624524,-0.00037072,0.020391823367907156,0.00017264,1,1.0
2328,0.0007738962172278985,0.015069628728322782,-0.00033195,2.360253898083111,5.634017415187891,58.32646218848498,-0.21789562370390278,9.28416393367425,-0.04593960525765017,-20.725390316440787,0.14951036861664863,-80.40880499532847,0.3196625855594684,-7.43630109792273,-0.03635708494780777,-0.013358815139632618,-0.00037072,0.04107611295031345,0.00017264,1,1.0
2329,0.000335077766753511,0.029468916674344807,-0.00033195,2.360253898083111,5.634017415187891,44.88797073863275,-0.21789562370390278,24.95145145635023,-0.04593960525765017,-51.08909640734007,0.14951036861664863,-65.30088760519439,0.3196625855594684,-9.819101067922665,-0.03635708494780777,-0.0511249271917126,-0.00037072,0.07036157005145707,0.00017264,1,1.0
2330,0.14172330286798324,0.0010262135430606353,-0.00033195,2.360253898083111,5.634017415187891,-52.971395436360915,-0.21789562370390278,7.168750559791354,-0.04593960525765017,-35.42065065799231,0.14951036861664863,-93.88325468251692,0.3196625855594684,53.690797226873315,-0.03635708494780777,-0.01842164394989712,-0.00037072,0.018416879047310417,0.00017264,1,1.0
2331,0.12440476562472935,0.12895579714965055,-0.00033195,2.360253898083111,5.634017415187891,-56.154953550745184,-0.21789562370390278,45.59345050218325,-0.04593960525765017,-86.54117672764583,0.14951036861664863,-10.892816689800085,0.3196625855594684,17.41250764552308,-0.03635708494780777,-0.15353089969912864,-0.00037072,0.15492475361595226,0.00017264,1,1.0
2332,0.11997789413836624,0.00926734651278709,-0.00033195,2.360253898083111,5.634017415187891,-50.167261380275534,-0.21789562370390278,-2.8036700801088426,-0.04593960525765017,-30.34901750230442,0.14951036861664863,-77.46067920386415,0.3196625855594684,60.470060890181784,-0.03635708494780777,-0.04115183243198323,-0.00037072,0.04130767511047156,0.00017264,1,1.0
2333,6.459144446568921e-05,0.010027493987212404,-0.00033195,2.360253898083111,5.634017415187891,-5.143237558993906,-0.21789562370390278,18.287620139673717,-0.04593960525765017,-94.48374013550415,0.14951036861664863,9.108121852109981,0.3196625855594684,33.58847193316756,-0.03635708494780777,-0.03947957034082296,-0.00037072,0.04676396581534584,0.00017264,1,1.0
2334,0.0007115362182377738,0.026900013785534933,-0.00033195,2.360253898083111,5.634017415187891,44.97839127756788,-0.21789562370390278,8.836454473461183,-0.04593960525765017,-68.22020405316367,0.14951036861664863,38.022909547775875,0.3196625855594684,14.036061024502118,-0.03635708494780777,-0.00405662106438202,-0.00037072,0.0560027590875367,0.00017264,1,1.0
2335,0.0005735809703869554,0.06722423894221859,-0.00033195,2.360253898083111,5.634017415187891,23.774751789171297,-0.21789562370390278,34.29234325760186,-0.04593960525765017,-46.14453704840715,0.14951036861664863,-57.99958793723795,0.3196625855594684,-22.310584429216743,-0.03635708494780777,-0.10780307349152989,-0.00037072,0.10751882164143374,0.00017264,1,1.0
2336,0.07144827059793558,0.0002618454953712547,-0.00033195,2.360253898083111,5.634017415187891,-30.279507067467247,-0.21789562370390278,1.2352678168547377,-0.04593960525765017,-6.9476243855077255,0.14951036861664863,-30.269861517187998,0.3196625855594684,22.660909219415608,-0.03635708494780777,-0.0015804556821751013,-0.00037072,0.0015776627557649984,0.00017264,1,1.0
2337,0.04676447812204457,0.007488681311797164,-0.00033195,2.360253898083111,5.634017415187891,-51.47360521489545,-0.21789562370390278,-2.2925312026931004,-0.04593960525765017,-61.74724906348779,0.14951036861664863,40.52881304269805,0.3196625855594684,58.340468438315945,-0.03635708494780777,-0.03570631523881809,-0.00037072,0.03599352242462561,0.00017264,1,1.0
2338,3.4196774362671434e-05,0.0028298964953457966,-0.00033195,2.360253898083111,5.634017415187891,19.667176472487444,-0.21789562370390278,5.299179907944811,-0.04593960525765017,-3.751673103352015,0.14951036861664863,-43.67391678983329,0.3196625855594684,-6.039108395296777,-0.03635708494780777,-0.010651687244639187,-0.00037072,0.014785745706990198,0.00017264,1,1.0
2339,0.1684134579592072,0.007914046058268124,-0.00033195,2.360253898083111,5.634017415187891,-99.01932248276371,-0.21789562370390278,2.128057318656451,-0.04593960525765017,-7.256553854055957,0.14951036861664863,32.84863758712438,0.3196625855594684,44.319986489784604,-0.03635708494780777,-0.040109605578852195,-0.00037072,0.040119198023906094,0.00017264,1,1.0
2340,0.10997203047841787,0.0011321676989005849,-0.00033195,2.360253898083111,5.634017415187891,-81.25219195360822,-0.21789562370390278,0.41681088945179123,-0.04593960525765017,-35.35516958560747,0.14951036861664863,53.18504307471596,0.3196625855594684,51.1477729256943,-0.03635708494780777,-0.010115283488981093,-0.00037072,0.010131969399911305,0.00017264,1,1.0
2341,0.18276802637161227,0.03946221576337154,-0.00033195,2.360253898083111,5.634017415187891,-72.28980413879383,-0.21789562370390278,-9.437140608911912,-0.04593960525765017,-40.52766747476296,0.14951036861664863,-5.1942893525857645,0.3196625855594684,82.22443557758268,-0.03635708494780777,-0.04492794519068269,-0.00037072,0.07414147899456336,0.00017264,1,1.0
2342,0.2572549182828135,0.1551292075548083,-0.00033195,2.360253898083111,5.634017415187891,59.093960476527926,-0.21789562370390278,-3.8141177060770115,-0.04593960525765017,-95.68721064917966,0.14951036861664863,67.26239735910887,0.3196625855594684,73.60506691055683,-0.03635708494780777,-0.01910532356099036,-0.00037072,0.20394990289682258,0.00017264,1,1.0
2343,-2.627804580190851e-05,0.057497938744650715,-0.00033195,2.360253898083111,5.634017415187891,95.29227801162732,-0.21789562370390278,34.04797405661109,-0.04593960525765017,-85.47431567123031,0.14951036861664863,-38.50623833592982,0.3196625855594684,-18.402141753501486,-0.03635708494780777,-0.03741602907590922,-0.00037072,0.10369891332711093,0.00017264,1,1.0
2344,0.08598218974863969,0.0012797038297574807,-0.00033195,2.360253898083111,5.634017415187891,-82.1322088882919,-0.21789562370390278,10.148286086128282,-0.04593960525765017,-91.37771874567497,0.14951036861664863,73.71960276814173,0.3196625855594684,67.64717960691046,-0.03635708494780777,-0.021159144678085814,-0.00037072,0.021090555697385605,0.00017264,1,1.0
2345,0.13399480219972656,0.0028898147738107022,-0.00033195,2.360253898083111,5.634017415187891,-80.68778915076572,-0.21789562370390278,8.412866651801892,-0.04593960525765017,-48.43490526484441,0.14951036861664863,10.727650456611798,0.3196625855594684,54.90175473898112,-0.03635708494780777,-0.02406584684533119,-0.00037072,0.02406975854112449,0.00017264,1,1.0
2346,0.39968583719756623,0.11763366914385592,-0.00033195,2.360253898083111,5.634017415187891,-62.20563295636333,-0.21789562370390278,-8.497328854847193,-0.04593960525765017,-32.769147566135366,0.14951036861664863,84.96159700509511,0.3196625855594684,87.75284027773473,-0.03635708494780777,0.004651195567531907,-0.00037072,0.13923581633744564,0.00017264,0,1.0
2347,0.061288834734214453,0.06347007981133707,-0.00033195,2.360253898083111,5.634017415187891,17.711525077313045,-0.21789562370390278,-6.260617182933177,-0.04593960525765017,-59.4803163428832,0.14951036861664863,-68.70163017244381,0.3196625855594684,58.19245509934629,-0.03635708494780777,-0.08032045265457419,-0.00037072,0.11757988147682485,0.00017264,1,1.0
2348,0.006222475029198718,0.0004625521092705885,-0.00033195,2.360253898083111,5.634017415187891,-24.485260368708907,-0.21789562370390278,5.155264177872774,-0.04593960525765017,-51.502778464664694,0.14951036861664863,42.73019332702616,0.3196625855594684,27.98537043011484,-0.03635708494780777,-0.013030544859263684,-0.00037072,0.013040974782692243,0.00017264,1,1.0
2349,8.467530124550704e-05,0.007355392691073369,-0.00033195,2.360253898083111,5.634017415187891,2.5478633428063735,-0.21789562370390278,11.610656484198165,-0.04593960525765017,-31.21342796358872,0.14951036861664863,3.3761853045518047,0.3196625855594684,1.3888223388616743,-0.03635708494780777,-0.030432127014291408,-0.00037072,0.033862599333118096,0.00017264,1,1.0
2350,0.0016093478643242065,0.009273902010675282,-0.00033195,2.360253898083111,5.634017415187891,5.6560276721257825,-0.21789562370390278,4.602172200684094,-0.04593960525765017,-55.41429585702462,0.14951036861664863,-12.882820883477402,0.3196625855594684,28.951411743229226,-0.03635708494780777,-0.030606129647596087,-0.00037072,0.04086735228930867,0.00017264,1,1.0
2351,0.027509191126852434,0.007264788336386975,-0.00033195,2.360253898083111,5.634017415187891,-2.0047610403007816,-0.21789562370390278,18.62094138989581,-0.04593960525765017,-74.48387293788635,0.14951036861664863,-68.96743957218519,0.3196625855594684,31.419968407298143,-0.03635708494780777,-0.04646332335552978,-0.00037072,0.04665870529319769,0.00017264,1,1.0
2352,0.003155683881920177,0.052170277459417276,-0.00033195,2.360253898083111,5.634017415187891,86.8743840143537,-0.21789562370390278,0.9134732869406534,-0.04593960525765017,-43.25464435932536,0.14951036861664863,94.03174539005965,0.3196625855594684,-7.659689346482537,-0.03635708494780777,0.007173329915957802,-0.00037072,0.08929790143444885,0.00017264,0,1.0
2353,0.19936274765500367,0.05129981462985435,-0.00033195,2.360253898083111,5.634017415187891,-86.40175498136152,-0.21789562370390278,35.77883334129676,-0.04593960525765017,-97.32437112163086,0.14951036861664863,-76.75984195524117,0.3196625855594684,63.923293596267044,-0.03635708494780777,-0.10055808079847742,-0.00037072,0.10104308211693261,0.00017264,1,1.0
2354,0.06898468188802653,0.02673147525282909,-0.00033195,2.360253898083111,5.634017415187891,-59.39650465047576,-0.21789562370390278,22.88047563970197,-0.04593960525765017,-80.22792016156258,0.14951036861664863,60.42726907738117,0.3196625855594684,34.304751413737876,-0.03635708494780777,-0.0726938657650624,-0.00037072,0.07292461278723153,0.00017264,1,1.0
2355,0.1697462240494543,0.0448558844821407,-0.00033195,2.360253898083111,5.634017415187891,-8.046854714946527,-0.21789562370390278,-2.22536755290194,-0.04593960525765017,-33.023067590391584,0.14951036861664863,-51.56971220895645,0.3196625855594684,52.55311836525962,-0.03635708494780777,-0.021825198167366756,-0.00037072,0.08089225660924354,0.00017264,1,1.0
2356,0.000558241444822305,0.01113375686099342,-0.00033195,2.360253898083111,5.634017415187891,24.77396701590863,-0.21789562370390278,8.503203089728864,-0.04593960525765017,-19.159350202540526,0.14951036861664863,-2.4192497278677583,0.3196625855594684,-7.0403994643084795,-0.03635708494780777,-0.008782015142690128,-0.00037072,0.027498234838854448,0.00017264,1,1.0
2357,0.0004223875605370575,0.023299961744493874,-0.00033195,2.360253898083111,5.634017415187891,49.528362389748466,-0.21789562370390278,7.195041442985762,-0.04593960525765017,-42.58986439041782,0.14951036861664863,16.60361762477487,0.3196625855594684,1.1339199048694204,-0.03635708494780777,0.002440778544128573,-0.00037072,0.04431426290606466,0.00017264,0,1.0
2358,0.15677469228797086,0.017688824487236902,-0.00033195,2.360253898083111,5.634017415187891,-77.66414799307285,-0.21789562370390278,-4.100918766401891,-0.04593960525765017,-53.21418864058257,0.14951036861664863,-70.36982661279184,0.3196625855594684,88.23631453290604,-0.03635708494780777,-0.05580535037234849,-0.00037072,0.05599278000076249,0.00017264,1,1.0
2359,0.17190092810261057,0.0012575362584658209,-0.00033195,2.360253898083111,5.634017415187891,-80.10668521998832,-0.21789562370390278,5.166389438008206,-0.04593960525765017,-36.84084066977798,0.14951036861664863,-59.45967804788728,0.3196625855594684,64.64864714065605,-0.03635708494780777,-0.009082494044628924,-0.00037072,0.00906941501527232,0.00017264,1,1.0
2360,0.12705231702696324,0.008376514717421952,-0.00033195,2.360253898083111,5.634017415187891,-99.7229878851591,-0.21789562370390278,-9.950539922251696,-0.04593960525765017,-24.85826138143072,0.14951036861664863,75.76355101913602,0.3196625855594684,64.63994993847378,-0.03635708494780777,-0.030331992309835267,-0.00037072,0.03050158149434516,0.00017264,1,1.0
2361,0.020837904606957378,0.003970120884968414,-0.00033195,2.360253898083111,5.634017415187891,-46.273695877453804,-0.21789562370390278,-2.4993506821611797,-0.04593960525765017,-54.71096173149096,0.14951036861664863,75.95915582135662,0.3196625855594684,45.604904968388965,-0.03635708494780777,-0.02384880715224324,-0.00037072,0.02407228543631406,0.00017264,1,1.0
2362,-5.862535237172867e-05,0.021497170510101263,-0.00033195,2.360253898083111,5.634017415187891,29.061473666173995,-0.21789562370390278,3.515575910672296,-0.04593960525765017,-29.10806488168027,0.14951036861664863,81.75021962636909,0.3196625855594684,-3.898397574545986,-0.03635708494780777,0.01938120093046019,-0.00037072,0.024677811927325773,0.00017264,0,1.0
2363,0.0002154222103581821,0.0026908148159725965,-0.00033195,2.360253898083111,5.634017415187891,5.625380946122991,-0.21789562370390278,6.242172802728034,-0.04593960525765017,-38.94955662984112,0.14951036861664863,-29.515774105230605,0.3196625855594684,17.54715992060092,-0.03635708494780777,-0.022859700713433906,-0.00037072,0.025230624742338413,0.00017264,1,1.0
2364,-7.896559942977e-05,0.02571443317686139,-0.00033195,2.360253898083111,5.634017415187891,71.5466961687164,-0.21789562370390278,6.509811634939255,-0.04593960525765017,-16.44400694526728,0.14951036861664863,-12.929617568043994,0.3196625855594684,-17.445347315941966,-0.03635708494780777,0.011412623570548874,-0.00037072,0.04131778762517171,0.00017264,0,1.0
2365,0.03642330297062163,0.056470199973385204,-0.00033195,2.360253898083111,5.634017415187891,-1.3469160545680035,-0.21789562370390278,30.66756742254344,-0.04593960525765017,-46.31261794312652,0.14951036861664863,-34.16663322315397,0.3196625855594684,-8.363615815254597,-0.03635708494780777,-0.0986457613278857,-0.00037072,0.10039370535908661,0.00017264,1,1.0
2366,0.1743714402640761,0.005802169496684885,-0.00033195,2.360253898083111,5.634017415187891,-85.61281373751673,-0.21789562370390278,11.90041216701252,-0.04593960525765017,-46.097672797781264,0.14951036861664863,-37.86308458391157,0.3196625855594684,59.66759338178469,-0.03635708494780777,-0.03280075893642379,-0.00037072,0.03305305935061368,0.00017264,1,1.0
2367,0.00021701824683145743,0.03840746219154938,-0.00033195,2.360253898083111,5.634017415187891,59.29879811255559,-0.21789562370390278,11.916438044841254,-0.04593960525765017,-99.25566449185693,0.14951036861664863,-70.06072974051565,0.3196625855594684,37.851059729783984,-0.03635708494780777,-0.05575954707392469,-0.00037072,0.09929684203616926,0.00017264,1,1.0
2368,0.10297736241865768,0.05297222999496802,-0.00033195,2.360253898083111,5.634017415187891,-74.3700187831449,-0.21789562370390278,21.661164321741204,-0.04593960525765017,-39.05679423210672,0.14951036861664863,82.08534330026782,0.3196625855594684,15.072271363957409,-0.03635708494780777,-0.10262802891413209,-0.00037072,0.10303408084903837,0.00017264,1,1.0
2369,0.101011014422102,0.024163503892358877,-0.00033195,2.360253898083111,5.634017415187891,-67.59828604099236,-0.21789562370390278,13.120228492549552,-0.04593960525765017,-22.698312097811915,0.14951036861664863,57.710353857252244,0.3196625855594684,18.24764585215456,-0.03635708494780777,-0.07038301931323984,-0.00037072,0.07059278091498986,0.00017264,1,1.0
2370,0.053528315941090934,0.001188749423038757,-0.00033195,2.360253898083111,5.634017415187891,-64.37675882751034,-0.21789562370390278,9.37141326253465,-0.04593960525765017,-96.78383770292497,0.14951036861664863,65.86183995425236,0.3196625855594684,64.6101874458206,-0.03635708494780777,-0.02268831788139912,-0.00037072,0.02264104137494674,0.00017264,1,1.0
2371,0.1260784865927753,0.0006902841108811469,-0.00033195,2.360253898083111,5.634017415187891,-55.33533139561823,-0.21789562370390278,5.437510069806024,-0.04593960525765017,-33.99235925778577,0.14951036861664863,-58.129657562426196,0.3196625855594684,50.14100816032866,-0.03635708494780777,-0.012309869099260146,-0.00037072,0.01233454213404563,0.00017264,1,1.0
2372,0.03875604273473435,0.019365778424022748,-0.00033195,2.360253898083111,5.634017415187891,-3.4180912789385407,-0.21789562370390278,-0.7547479800149628,-0.04593960525765017,-49.11900195856823,0.14951036861664863,-100.0,0.3196625855594684,49.85673715992662,-0.03635708494780777,-0.06805407454089923,-0.00037072,0.06867240125084667,0.00017264,1,1.0
2373,0.00033408874635899866,0.016622340437644337,-0.00033195,2.360253898083111,5.634017415187891,23.25111557660021,-0.21789562370390278,4.727412369531425,-0.04593960525765017,-14.982704358719475,0.14951036861664863,59.461320912004645,0.3196625855594684,-10.692870473655875,-0.03635708494780777,0.0024816606746642673,-0.00037072,0.02931586807140002,0.00017264,0,1.0
2374,0.00047152755933954626,0.015830590782177818,-0.00033195,2.360253898083111,5.634017415187891,33.814344757953535,-0.21789562370390278,20.35932396027955,-0.04593960525765017,-71.24970937404862,0.14951036861664863,-69.11529501474133,0.3196625855594684,13.735745910061382,-0.03635708494780777,-0.04078294727003963,-0.00037072,0.05625971889172528,0.00017264,1,1.0
2375,0.005466954778069882,0.052915011488500065,-0.00033195,2.360253898083111,5.634017415187891,85.21122574598144,-0.21789562370390278,2.73850274075727,-0.04593960525765017,-56.57570211107096,0.14951036861664863,96.61289004854056,0.3196625855594684,-1.3986202803602648,-0.03635708494780777,0.006913296004219749,-0.00037072,0.09140680536048257,0.00017264,0,1.0
2376,0.000126863326501081,0.015699395131259397,-0.00033195,2.360253898083111,5.634017415187891,16.47283494513371,-0.21789562370390278,22.42184687742337,-0.04593960525765017,-90.03929516302489,0.14951036861664863,-40.994873797172545,0.3196625855594684,24.231503473614577,-0.03635708494780777,-0.047902698376293545,-0.00037072,0.05845702731192505,0.00017264,1,1.0
2377,0.0956496508056521,0.0010273056132199514,-0.00033195,2.360253898083111,5.634017415187891,-26.54486444139593,-0.21789562370390278,7.859015092280849,-0.04593960525765017,-31.219917201223947,0.14951036861664863,-96.13980605275256,0.3196625855594684,37.596663075385955,-0.03635708494780777,-0.02229034143136986,-0.00037072,0.022297100898117393,0.00017264,1,1.0
2378,0.14501567421379596,0.008273882444119453,-0.00033195,2.360253898083111,5.634017415187891,-84.36415935795912,-0.21789562370390278,18.631585501452474,-0.04593960525765017,-88.51516744905783,0.14951036861664863,-10.41391667506296,0.3196625855594684,69.94541362405411,-0.03635708494780777,-0.04483674028859609,-0.00037072,0.044782290217712795,0.00017264,1,1.0
2379,0.000824011379863876,0.048687152660539246,-0.00033195,2.360253898083111,5.634017415187891,80.31668344020238,-0.21789562370390278,25.460751372265122,-0.04593960525765017,-65.77614989624927,0.14951036861664863,30.4775745374056,0.3196625855594684,-21.753154667916828,-0.03635708494780777,-0.01606875795088159,-0.00037072,0.08625769318229484,0.00017264,1,1.0
2380,0.0002051118877918756,0.02603452388494044,-0.00033195,2.360253898083111,5.634017415187891,57.45070104768763,-0.21789562370390278,18.69485068930358,-0.04593960525765017,-75.82776025941826,0.14951036861664863,-22.01503048825471,0.3196625855594684,7.318081102886425,-0.03635708494780777,-0.01677801981799761,-0.00037072,0.06225187196057677,0.00017264,1,1.0
2381,0.0002946464517797065,0.036931059651643804,-0.00033195,2.360253898083111,5.634017415187891,66.18244622106383,-0.21789562370390278,13.659321154481342,-0.04593960525765017,-84.71199513393736,0.14951036861664863,73.31862026462893,0.3196625855594684,7.424749143402256,-0.03635708494780777,0.01187354294371314,-0.00037072,0.06493728114378995,0.00017264,0,1.0
2382,0.0848211846700408,0.00935087070256434,-0.00033195,2.360253898083111,5.634017415187891,-37.59624304155694,-0.21789562370390278,20.89327308686192,-0.04593960525765017,-83.81484641519796,0.14951036861664863,-55.279707670781605,0.3196625855594684,48.80967019703288,-0.03635708494780777,-0.04945332048426326,-0.00037072,0.04931081987411516,0.00017264,1,1.0
2383,0.08496855598465863,0.036440156736158934,-0.00033195,2.360253898083111,5.634017415187891,-36.893061653054666,-0.21789562370390278,-12.338244201340494,-0.04593960525765017,-28.06448898127263,0.14951036861664863,-35.23571604550311,0.3196625855594684,61.013659036588315,-0.03635708494780777,-0.07080310583188736,-0.00037072,0.0797276762392682,0.00017264,1,1.0
2384,0.00072255365668078,0.034146176056642205,-0.00033195,2.360253898083111,5.634017415187891,72.40025530951573,-0.21789562370390278,19.782365549102284,-0.04593960525765017,-63.14171838104941,0.14951036861664863,6.793183642450317,0.3196625855594684,-9.903522935623286,-0.03635708494780777,-0.004021445348509643,-0.00037072,0.06481511500323556,0.00017264,1,1.0
2385,0.07067767808138305,0.0012003130456238469,-0.00033195,2.360253898083111,5.634017415187891,-12.476164450228486,-0.21789562370390278,5.99717176144616,-0.04593960525765017,-3.0260481457642214,0.14951036861664863,-78.2512051179716,0.3196625855594684,13.38889584449054,-0.03635708494780777,-0.014348736328266984,-0.00037072,0.014612474550665867,0.00017264,1,1.0
2386,0.07180771596216952,0.00047698815872449055,-0.00033195,2.360253898083111,5.634017415187891,-65.57474681703643,-0.21789562370390278,0.6017314971388485,-0.04593960525765017,-38.43002218384663,0.14951036861664863,67.04568545603676,0.3196625855594684,42.546376839171806,-0.03635708494780777,-0.006692141041407092,-0.00037072,0.006686501718670832,0.00017264,1,1.0
2387,0.005171520248142061,0.007799609604053344,-0.00033195,2.360253898083111,5.634017415187891,9.181435993738887,-0.21789562370390278,4.965443394676546,-0.04593960525765017,-51.93098981425396,0.14951036861664863,-74.43748029842702,0.3196625855594684,32.65897732933903,-0.03635708494780777,-0.048491573489066575,-0.00037072,0.04873355513230582,0.00017264,1,1.0
2388,0.0210481976780853,0.0065974424235442,-0.00033195,2.360253898083111,5.634017415187891,-16.417746397644652,-0.21789562370390278,11.923237785058497,-0.04593960525765017,-95.08561195569587,0.14951036861664863,-36.83336751362026,0.3196625855594684,54.49920476958286,-0.03635708494780777,-0.04946350946034561,-0.00037072,0.049424215146106426,0.00017264,1,1.0
2389,0.07910361935860333,0.000303681041493183,-0.00033195,2.360253898083111,5.634017415187891,-27.876004696396773,-0.21789562370390278,1.865353354184083,-0.04593960525765017,-7.739229248057657,0.14951036861664863,-52.56758424186077,0.3196625855594684,24.99932652377217,-0.03635708494780777,-0.005359641521218234,-0.00037072,0.005369076404661937,0.00017264,1,1.0
2390,0.0005137331076563029,0.018130513498235225,-0.00033195,2.360253898083111,5.634017415187891,30.261391991517105,-0.21789562370390278,7.622197853621676,-0.04593960525765017,-36.56574291571923,0.14951036861664863,44.26177754467745,0.3196625855594684,-1.3010422305665004,-0.03635708494780777,0.008714860645942693,-0.00037072,0.027927317378953292,0.00017264,0,1.0
2391,0.05126326316049351,0.00018118423197792518,-0.00033195,2.360253898083111,5.634017415187891,-6.515882998126079,-0.21789562370390278,2.7625462274322117,-0.04593960525765017,-1e-20,0.14951036861664863,-67.84417153769556,0.3196625855594684,11.294433767648696,-0.03635708494780777,-0.007993582305324726,-0.00037072,0.008007062955990976,0.00017264,1,1.0
2392,0.0014167326432161145,0.00600201687239572,-0.00033195,2.360253898083111,5.634017415187891,-1.7146185106300953,-0.21789562370390278,0.9045719642804241,-0.04593960525765017,-39.71177586453881,0.14951036861664863,-12.39317913579973,0.3196625855594684,26.379393220060102,-0.03635708494780777,-0.031153571854751132,-0.00037072,0.03447891039068282,0.00017264,1,1.0
2393,0.0004116804459639578,0.026084746305249512,-0.00033195,2.360253898083111,5.634017415187891,55.580266725948235,-0.21789562370390278,26.32652019979059,-0.04593960525765017,-93.70037715649214,0.14951036861664863,-97.5814744767854,0.3196625855594684,16.44548894989452,-0.03635708494780777,-0.04956084044918749,-0.00037072,0.0771622885990445,0.00017264,1,1.0
2394,0.20578586709463106,0.0025726640160648106,-0.00033195,2.360253898083111,5.634017415187891,-94.03688368689545,-0.21789562370390278,1.9366137622718562,-0.04593960525765017,-28.459139489026988,0.14951036861664863,-73.05366635010769,0.3196625855594684,73.46160788732836,-0.03635708494780777,-0.006554690854569457,-0.00037072,0.006557887111681071,0.00017264,1,1.0
2395,0.14845208903289525,0.020838750251013036,-0.00033195,2.360253898083111,5.634017415187891,-75.15704680220422,-0.21789562370390278,-11.856648422232436,-0.04593960525765017,-13.853223505297226,0.14951036861664863,-47.54227112814433,0.3196625855594684,70.33487259225731,-0.03635708494780777,-0.05529516733598573,-0.00037072,0.055192187895714825,0.00017264,1,1.0
2396,0.08909977519480372,0.05484253939594333,-0.00033195,2.360253898083111,5.634017415187891,79.5221452934932,-0.21789562370390278,26.861552054780052,-0.04593960525765017,-43.267453084665235,0.14951036861664863,-66.19072235010607,0.3196625855594684,-16.920463187006188,-0.03635708494780777,-0.01180271650400138,-0.00037072,0.09185386718173305,0.00017264,1,1.0
2397,0.3735614553789943,0.10292449810585502,-0.00033195,2.360253898083111,5.634017415187891,-9.547293218323611,-0.21789562370390278,-0.34645834460762703,-0.04593960525765017,-36.54762422651769,0.14951036861664863,-38.66613802940449,0.3196625855594684,74.48492277168647,-0.03635708494780777,0.01530737898132696,-0.00037072,0.12887196755941976,0.00017264,0,1.0
2398,5.5922428789656475e-06,0.010245326767239101,-0.00033195,2.360253898083111,5.634017415187891,17.631438934551298,-0.21789562370390278,18.462502558554537,-0.04593960525765017,-53.23604715040936,0.14951036861664863,-62.10956397158763,0.3196625855594684,8.553202796731656,-0.03635708494780777,-0.04454371200983009,-0.00037072,0.046388764189442024,0.00017264,1,1.0
2399,0.09914230162041537,0.002009609091316913,-0.00033195,2.360253898083111,5.634017415187891,-56.65223965891259,-0.21789562370390278,-2.9177544397658686,-0.04593960525765017,-15.232570956661554,0.14951036861664863,-3.5532625813211833,0.3196625855594684,41.73625101763763,-0.03635708494780777,-0.012290792720869404,-0.00037072,0.012322724240969092,0.00017264,1,1.0
2400,0.9482543939750676,0.4372565306923612,-0.00033195,1.0400317752440658,2.5682498578706694,70.12018522736047,-0.21789562370390278,60.575368506971486,-0.04593960525765017,-79.53566265638258,0.14951036861664863,-63.1518516695421,0.3196625855594684,-6.511911323958683,-0.03635708494780777,0.2622324207522775,-0.00037072,6.940208922977627,0.00017264,0,1.0
2401,0.02173628953153317,0.09280382480563507,-0.00033195,1.0400317752440658,2.5682498578706694,88.24160837904097,-0.21789562370390278,47.75189141874814,-0.04593960525765017,-31.064687654708536,0.14951036861664863,-70.4002091166193,0.3196625855594684,-48.14970944984896,-0.03635708494780777,0.2677741169865646,-0.00037072,6.173800847794796,0.00017264,0,1.0
2402,-0.051679153945213496,2.6614125115905116,-0.00033195,1.0400317752440658,2.5682498578706694,65.05926426398403,-0.21789562370390278,34.484466884000966,-0.04593960525765017,-5.773649142782358,0.14951036861664863,4.303002621860453,0.3196625855594684,-60.57998410868739,-0.03635708494780777,2.000148514468677,-0.00037072,3.726133451287348,0.00017264,0,1.0
2403,1.3703377055092036,10.449773693626895,-0.00033195,1.0400317752440658,2.5682498578706694,-7.7791033860203465,-0.21789562370390278,-17.44172751368353,-0.04593960525765017,-9.656853683772853,0.14951036861664863,86.15604886402824,0.3196625855594684,15.872996487242972,-0.03635708494780777,-0.23757397681599413,-0.00037072,4.611559362495797,0.00017264,1,1.0
2404,0.10230074850312307,0.2854361343836049,-0.00033195,1.0400317752440658,2.5682498578706694,21.865881040750292,-0.21789562370390278,3.3842631931721883,-0.04593960525765017,-1.5231078668218077,0.14951036861664863,-4.711499881654565,0.3196625855594684,-12.379410783508744,-0.03635708494780777,0.2973234616154651,-0.00037072,1.8218317085873474,0.00017264,0,1.0
2405,2.7053705085246684,15.327323502187,-0.00033195,1.0400317752440658,2.5682498578706694,47.910510308551686,-0.21789562370390278,20.54598475605548,-0.04593960525765017,-77.41480588431598,0.14951036861664863,12.597240143077073,0.3196625855594684,32.393248492770006,-0.03635708494780777,1.9852632806792707,-0.00037072,8.918923936549426,0.00017264,0,1.0
2406,0.23260217854301524,0.876211866886574,-0.00033195,1.0400317752440658,2.5682498578706694,49.50879739451306,-0.21789562370390278,16.286240447645184,-0.04593960525765017,-19.25180781427126,0.14951036861664863,-24.444934766340523,0.3196625855594684,-20.256162073094096,-0.03635708494780777,0.29733436386294954,-0.00037072,4.263233101153106,0.00017264,0,1.0
2407,0.5674059896536481,0.41289109674663155,-0.00033195,1.0400317752440658,2.5682498578706694,-10.606218723892491,-0.21789562370390278,6.361476976232007,-0.04593960525765017,-37.85289153642508,0.14951036861664863,40.62054304477379,0.3196625855594684,22.419132903474555,-0.03635708494780777,0.30491204276389045,-0.00037072,1.1639779978301168,0.00017264,0,1.0
2408,-3.318762065990101,49.10613921603817,-0.00033195,1.0400317752440658,2.5682498578706694,-18.10116922497253,-0.21789562370390278,23.27604263463244,-0.04593960525765017,-18.859762657905453,0.14951036861664863,-18.008599474916913,0.3196625855594684,-23.641657112842093,-0.03635708494780777,-8.360003257187195,-0.00037072,-0.5196402967555098,0.00017264,1,1.0
2409,-0.011813156077196574,0.9366375566527426,-0.00033195,1.0400317752440658,2.5682498578706694,97.39343936912351,-0.21789562370390278,52.63171702059892,-0.04593960525765017,-11.42883417067216,0.14951036861664863,-78.90146321690682,0.3196625855594684,-67.72981513935137,-0.03635708494780777,0.8487209665441444,-0.00037072,5.890851505914729,0.00017264,0,1.0
2410,1.256637201177338,10.05961413158788,-0.00033195,1.0400317752440658,2.5682498578706694,7.1693433313424215,-0.21789562370390278,-16.629887745185354,-0.04593960525765017,-48.52777910253708,0.14951036861664863,97.05741605811896,0.3196625855594684,26.998379090880277,-0.03635708494780777,0.2760484471654516,-0.00037072,5.970891410259958,0.00017264,0,1.0
2411,-0.03187094044749905,1.5370448913790922,-0.00033195,1.0400317752440658,2.5682498578706694,87.42844807167936,-0.21789562370390278,60.17976888211621,-0.04593960525765017,-83.20304898642102,0.14951036861664863,16.974146991042183,0.3196625855594684,-44.92604916472011,-0.03635708494780777,2.3974084722090856,-0.00037072,6.357148185989293,0.00017264,0,1.0
2412,-0.02001524460723747,0.6405613956741656,-0.00033195,1.0400317752440658,2.5682498578706694,32.08564248366136,-0.21789562370390278,21.537715321280935,-0.04593960525765017,-21.53286784775851,0.14951036861664863,13.0521368979901,0.3196625855594684,-23.633774675425965,-0.03635708494780777,1.1125265910369442,-0.00037072,2.1423965035782953,0.00017264,0,1.0
2413,-1.0674824878130376,3.172975426447556,-0.00033195,1.0400317752440658,2.5682498578706694,74.11155941251167,-0.21789562370390278,5.975315303101308,-0.04593960525765017,-18.95193162895067,0.14951036861664863,94.49453847388104,0.3196625855594684,-72.16223024651991,-0.03635708494780777,2.308736617512932,-0.00037072,4.818322591759141,0.00017264,0,1.0
2414,-0.047473434192448094,3.8410403719123143,-0.00033195,1.0400317752440658,2.5682498578706694,31.813654351612698,-0.21789562370390278,21.030457407838746,-0.04593960525765017,-0.5755079055761788,0.14951036861664863,31.4146844454331,0.3196625855594684,-41.31399393697308,-0.03635708494780777,0.10673948318448456,-0.00037072,3.2525219484781993,0.00017264,0,1.0
2415,-0.9812785607355865,2.2521949118473277,-0.00033195,1.0400317752440658,2.5682498578706694,66.83414315173502,-0.21789562370390278,10.165737680546986,-0.04593960525765017,-1e-20,0.14951036861664863,46.87304512971889,0.3196625855594684,-69.81412972066215,-0.03635708494780777,2.080844643644836,-0.00037072,3.155386856042708,0.00017264,0,1.0
2416,2.6113847226621476,1.8070911975756223,-0.00033195,1.0400317752440658,2.5682498578706694,-43.131980566304044,-0.21789562370390278,7.284094072373713,-0.04593960525765017,-15.339910741084546,0.14951036861664863,-57.0863402164971,0.3196625855594684,73.62742900888982,-0.03635708494780777,-0.2132413538045133,-0.00037072,0.2164436474658586,0.00017264,1,1.0
2417,-1.6297378065367991,23.20706525172235,-0.00033195,1.0400317752440658,2.5682498578706694,4.19234773588944,-0.21789562370390278,8.882380061044834,-0.04593960525765017,-2.7599886668128106,0.14951036861664863,-94.5480901706471,0.3196625855594684,-0.8287964989807497,-0.03635708494780777,-5.5872820158429235,-0.00037072,0.4109998851507002,0.00017264,1,1.0
2418,-0.596468489356758,2.014179267445129,-0.00033195,1.0400317752440658,2.5682498578706694,84.41412595005204,-0.21789562370390278,37.678868836179674,-0.04593960525765017,-75.75257918967841,0.14951036861664863,72.5395802287081,0.3196625855594684,-52.785314021351915,-0.03635708494780777,3.2410753279774323,-0.00037072,5.572740316194116,0.00017264,0,1.0
2419,1.3849329676005175,9.589154695130038,-0.00033195,1.0400317752440658,2.5682498578706694,75.41060228846577,-0.21789562370390278,27.535211266097253,-0.04593960525765017,-87.59586265424517,0.14951036861664863,29.5824936117148,0.3196625855594684,-1.022936615816906,-0.03635708494780777,1.9905653415650217,-0.00037072,9.248995228007265,0.00017264,0,1.0
2420,-4.447375031357836e-06,0.23618192154004716,-0.00033195,1.0400317752440658,2.5682498578706694,59.87616732760502,-0.21789562370390278,47.5321725338708,-0.04593960525765017,-71.14043045378153,0.14951036861664863,-12.386846411532108,0.3196625855594684,-19.754620659253433,-0.03635708494780777,0.535013863722257,-0.00037072,5.035909421357623,0.00017264,0,1.0
2421,2.073008313508078,4.533479672119588,-0.00033195,1.0400317752440658,2.5682498578706694,49.43414270693904,-0.21789562370390278,30.026267249797513,-0.04593960525765017,-29.435167252620175,0.14951036861664863,-61.76088776619467,0.3196625855594684,6.261808616811729,-0.03635708494780777,1.3335921512638649,-0.00037072,6.020677994002394,0.00017264,0,1.0
2422,0.2565562874845552,2.349727432427193,-0.00033195,1.0400317752440658,2.5682498578706694,11.095663464237047,-0.21789562370390278,4.0925086698259525,-0.04593960525765017,-75.15204126157145,0.14951036861664863,65.9897768433075,0.3196625855594684,24.740961303635608,-0.03635708494780777,0.27104034634643037,-0.00037072,3.660375773682182,0.00017264,0,1.0
2423,0.48095797365929105,7.453147326555245,-0.00033195,1.0400317752440658,2.5682498578706694,94.4341116965011,-0.21789562370390278,75.8097381856388,-0.04593960525765017,-25.711256327443188,0.14951036861664863,-66.65258043267481,0.3196625855594684,-69.89336764813991,-0.03635708494780777,1.0582597960466567,-0.00037072,6.5684458875421114,0.00017264,0,1.0
2424,0.0025026486764505584,0.00011068880613766127,-0.00033195,1.0400317752440658,2.5682498578706694,8.187377481523168,-0.21789562370390278,27.684952161213765,-0.04593960525765017,-99.43279742179362,0.14951036861664863,54.26004039860551,0.3196625855594684,26.525173056923162,-0.03635708494780777,0.2805265477854304,-0.00037072,2.589669542954264,0.00017264,0,1.0
2425,1.2395673949824002,2.0421233345214382,-0.00033195,1.0400317752440658,2.5682498578706694,9.884008961044868,-0.21789562370390278,30.150042992996347,-0.04593960525765017,-23.93528198915947,0.14951036861664863,-21.15177566096938,0.3196625855594684,7.832848364120619,-0.03635708494780777,0.30927311789172807,-0.00037072,2.5393168382259517,0.00017264,0,1.0
2426,1.2708435951717343,0.4493907068610776,-0.00033195,1.0400317752440658,2.5682498578706694,-39.79194612741343,-0.21789562370390278,8.29077266990243,-0.04593960525765017,-63.15715110878111,0.14951036861664863,21.962552802680733,0.3196625855594684,67.30887056060821,-0.03635708494780777,-0.24048133901940758,-0.00037072,0.2415000698915146,0.00017264,1,1.0
2427,0.060803534352517175,0.00808606748951004,-0.00033195,1.0400317752440658,2.5682498578706694,-5.814864253524106,-0.21789562370390278,15.190401554789304,-0.04593960525765017,-76.40052908056172,0.14951036861664863,56.19316959343082,0.3196625855594684,28.85467671627423,-0.03635708494780777,0.3284301091468795,-0.00037072,1.2755628982736082,0.00017264,0,1.0
2428,2.610699895712506,2.416944588504253,-0.00033195,1.0400317752440658,2.5682498578706694,-10.149129994334231,-0.21789562370390278,28.51390204005439,-0.04593960525765017,-57.22255563191246,0.14951036861664863,-53.417652396372745,0.3196625855594684,65.13172118927291,-0.03635708494780777,0.26736389327495935,-0.00037072,3.1402578839491953,0.00017264,0,1.0
2429,-0.0020554501278011728,0.4355234585353855,-0.00033195,1.0400317752440658,2.5682498578706694,84.80033243669237,-0.21789562370390278,33.5778157131443,-0.04593960525765017,-19.38773707432503,0.14951036861664863,-41.46518517593601,0.3196625855594684,-51.51995623962539,-0.03635708494780777,1.0348915294711212,-0.00037072,5.746170020558031,0.00017264,0,1.0
2430,0.0005097467668053746,0.034320455595406446,-0.00033195,1.0400317752440658,2.5682498578706694,74.52139950823583,-0.21789562370390278,47.08771691948142,-0.04593960525765017,-60.98497524614011,0.14951036861664863,-37.30509298555436,0.3196625855594684,-28.70416859654654,-0.03635708494780777,0.26131708870879855,-0.00037072,5.986289657401504,0.00017264,0,1.0
2431,-0.04549160945804598,4.761292760143066,-0.00033195,1.0400317752440658,2.5682498578706694,62.48158273644878,-0.21789562370390278,39.06271878340751,-0.04593960525765017,-9.018706658272135,0.14951036861664863,20.09025907149857,0.3196625855594684,-63.812882253314434,-0.03635708494780777,1.3698314694840577,-0.00037072,4.477131056451643,0.00017264,0,1.0
2432,-0.08980208597404582,3.908897782173579,-0.00033195,1.0400317752440658,2.5682498578706694,87.98861576871394,-0.21789562370390278,61.41472235684215,-0.04593960525765017,-45.43626150810806,0.14951036861664863,-10.330128553921547,0.3196625855594684,-63.9785318585956,-0.03635708494780777,1.8675290037821834,-0.00037072,5.72460491702202,0.00017264,0,1.0
2433,-0.5130194886324062,2.340902210987431,-0.00033195,1.0400317752440658,2.5682498578706694,36.26510515343671,-0.21789562370390278,-7.090763376057934,-0.04593960525765017,-5.197099137738937,0.14951036861664863,42.40879744374082,0.3196625855594684,-30.227702585307224,-0.03635708494780777,0.2530752661932456,-0.00037072,3.239233169731858,0.00017264,0,1.0
2434,0.9698147771459584,9.412028867320126,-0.00033195,1.0400317752440658,2.5682498578706694,-93.544575617308,-0.21789562370390278,-5.366624077668814,-0.04593960525765017,-58.7644809078171,0.14951036861664863,71.63120536887457,0.3196625855594684,90.89004791525343,-0.03635708494780777,-4.614404873395687,-0.00037072,0.2500632284679063,0.00017264,1,1.0
2435,3.733178510250354,12.74693766352243,-0.00033195,1.0400317752440658,2.5682498578706694,56.9712148713222,-0.21789562370390278,70.97262638551405,-0.04593960525765017,-94.24306852307217,0.14951036861664863,-34.29599032181342,0.3196625855594684,26.88287911086262,-0.03635708494780777,4.604021723209943,-0.00037072,7.711111654764222,0.00017264,0,1.0
2436,1.7462886343893782,1.0533537177458974,-0.00033195,1.0400317752440658,2.5682498578706694,21.393769679591102,-0.21789562370390278,38.00786390831712,-0.04593960525765017,-51.75985173189159,0.14951036861664863,-58.393375562470446,0.3196625855594684,27.986480203576328,-0.03635708494780777,0.2694568840855087,-0.00037072,4.045837096134796,0.00017264,0,1.0
2437,2.8401898958252567,10.95730706504544,-0.00033195,1.0400317752440658,2.5682498578706694,0.9756565228664011,-0.21789562370390278,26.88329671233225,-0.04593960525765017,-21.12375203902539,0.14951036861664863,28.362664776757672,0.3196625855594684,18.642390023782195,-0.03635708494780777,1.0628394072742724,-0.00037072,5.344430781004147,0.00017264,0,1.0
2438,0.7802976738299765,0.5644139896048692,-0.00033195,1.0400317752440658,2.5682498578706694,-16.084912749772876,-0.21789562370390278,9.98372411106931,-0.04593960525765017,-28.69153185858831,0.14951036861664863,-11.704502951967196,0.3196625855594684,32.80418197602963,-0.03635708494780777,-0.49743622450673397,-0.00037072,0.5132200748972423,0.00017264,1,1.0
2439,3.557075822419869,4.041203794404901,-0.00033195,1.0400317752440658,2.5682498578706694,-17.723822048203058,-0.21789562370390278,42.254666132173,-0.04593960525765017,-47.10512356294395,0.14951036861664863,-91.8178509698715,0.3196625855594684,73.95063499712168,-0.03635708494780777,0.26746052842073587,-0.00037072,3.160568293188311,0.00017264,0,1.0
2440,0.01144508046565118,0.6631610992541496,-0.00033195,1.0400317752440658,2.5682498578706694,76.73859051922167,-0.21789562370390278,26.68229534554935,-0.04593960525765017,-18.337940010064937,0.14951036861664863,-35.83040246699415,0.3196625855594684,-43.94222455895683,-0.03635708494780777,0.7385978675893821,-0.00037072,5.51908452647198,0.00017264,0,1.0
2441,1.7569695768011109,0.8842090153209895,-0.00033195,1.0400317752440658,2.5682498578706694,-8.905934619561876,-0.21789562370390278,34.491808584308664,-0.04593960525765017,-91.16343184098058,0.14951036861664863,-3.9622936536430484,0.3196625855594684,60.55610677289913,-0.03635708494780777,0.280539409825477,-0.00037072,2.997920910497732,0.00017264,0,1.0
2442,0.0022518831891282787,0.11955888750840336,-0.00033195,1.0400317752440658,2.5682498578706694,58.31038710725009,-0.21789562370390278,23.140467846963706,-0.04593960525765017,-2.5221896025757955,0.14951036861664863,-41.420027029744226,0.3196625855594684,-39.101128404705335,-0.03635708494780777,0.5771884031596612,-0.00037072,3.664024114616454,0.00017264,0,1.0
2443,-0.0008298273268461109,0.05745198399548611,-0.00033195,1.0400317752440658,2.5682498578706694,71.97961451292001,-0.21789562370390278,43.065176736826125,-0.04593960525765017,-52.27627341083542,0.14951036861664863,-35.27370932638234,0.3196625855594684,-30.54633370134925,-0.03635708494780777,0.3948039269191934,-0.00037072,5.605951563982176,0.00017264,0,1.0
2444,2.5022392641259157,10.964745664677604,-0.00033195,1.0400317752440658,2.5682498578706694,-70.63707914241223,-0.21789562370390278,10.508752257927025,-0.04593960525765017,-54.18434937616375,0.14951036861664863,31.38620359100823,0.3196625855594684,89.94351423872784,-0.03635708494780777,-2.135265918894653,-0.00037072,1.8234184975975465,0.00017264,1,1.0
2445,1.3045092862975114,0.7096679714149081,-0.00033195,1.0400317752440658,2.5682498578706694,70.99464053924625,-0.21789562370390278,67.32243390563384,-0.04593960525765017,-89.43818020877936,0.14951036861664863,-73.73574684952307,0.3196625855594684,1.2520613418934368,-0.03635708494780777,0.25992067590500634,-0.00037072,7.53188024179879,0.00017264,0,1.0
2446,2.552293819214664,9.45327172142591,-0.00033195,1.0400317752440658,2.5682498578706694,18.99917924821406,-0.21789562370390278,21.91357830072806,-0.04593960525765017,-92.03902531711446,0.14951036861664863,-2.033403785123626,0.3196625855594684,60.45939448639087,-0.03635708494780777,0.7668169137295666,-0.00037072,6.9391729450216175,0.00017264,0,1.0
2447,-0.3250570765836098,13.124615171931906,-0.00033195,1.0400317752440658,2.5682498578706694,97.06511008501936,-0.21789562370390278,72.93180079978839,-0.04593960525765017,-50.08680010232198,0.14951036861664863,49.25632510299941,0.3196625855594684,-91.49556210173331,-0.03635708494780777,1.8002338269060307,-0.00037072,7.465467559503834,0.00017264,0,1.0
2448,-0.0032515782483244493,5.133809242379747,-0.00033195,1.0400317752440658,2.5682498578706694,85.96898519953997,-0.21789562370390278,70.0800342727522,-0.04593960525765017,-69.2073505632312,0.14951036861664863,7.768802480188043,0.3196625855594684,-56.90233340089938,-0.03635708494780777,1.8627786787650913,-0.00037072,6.311134628260463,0.00017264,0,1.0
2449,0.31619997039197933,2.6237139946921606,-0.00033195,1.0400317752440658,2.5682498578706694,-47.3381072165345,-0.21789562370390278,-10.492806898187665,-0.04593960525765017,-56.944606300403116,0.14951036861664863,78.314204588716,0.3196625855594684,56.150518213048116,-0.03635708494780777,-1.3695996844599296,-0.00037072,0.20516382654905352,0.00017264,1,1.0
2450,-0.28255957590047825,1.3299238296792513,-0.00033195,1.0400317752440658,2.5682498578706694,-6.515914576060659,-0.21789562370390278,-5.8326725791657985,-0.04593960525765017,-16.18165146546727,0.14951036861664863,47.46748315908495,0.3196625855594684,3.337061121806128,-0.03635708494780777,-0.4843912148007322,-0.00037072,0.6719139672314899,0.00017264,1,1.0
2451,1.5101339039686055,0.7230645817274843,-0.00033195,1.0400317752440658,2.5682498578706694,27.237577391514304,-0.21789562370390278,51.97367617784139,-0.04593960525765017,-99.66842757274344,0.14951036861664863,-29.551197747992912,0.3196625855594684,35.96270134049268,-0.03635708494780777,0.2630827224972605,-0.00037072,5.188405309558762,0.00017264,0,1.0
2452,3.759410729545409,7.426841536944872,-0.00033195,1.0400317752440658,2.5682498578706694,-58.85620901501041,-0.21789562370390278,23.265867763115185,-0.04593960525765017,-17.17794873129649,0.14951036861664863,-85.66188938114603,0.3196625855594684,93.29703593208224,-0.03635708494780777,-1.3132098638166598,-0.00037072,1.3242538307379104,0.00017264,1,1.0
2453,0.8395396309471712,1.1183873305897372,-0.00033195,1.0400317752440658,2.5682498578706694,-27.613233842590372,-0.21789562370390278,-5.359655805785171,-0.04593960525765017,-23.76492754151075,0.14951036861664863,16.651696247793968,0.3196625855594684,40.49022040159025,-0.03635708494780777,-0.5028529499992439,-0.00037072,0.3501118697940643,0.00017264,1,1.0
2454,1.5158127167401585,4.876173892301867,-0.00033195,1.0400317752440658,2.5682498578706694,-62.87064330617205,-0.21789562370390278,19.758528527298918,-0.04593960525765017,-87.12766843085748,0.14951036861664863,-11.003061627558399,0.3196625855594684,99.90314424162426,-0.03635708494780777,-2.562286418886499,-0.00037072,0.2745389490538741,0.00017264,1,1.0
2455,0.000712639539098614,0.11252283678950968,-0.00033195,1.0400317752440658,2.5682498578706694,91.78943970073917,-0.21789562370390278,58.38641132739105,-0.04593960525765017,-79.11679606253304,0.14951036861664863,-34.99408617008858,0.3196625855594684,-35.77985803075413,-0.03635708494780777,0.6500588179721891,-0.00037072,7.342909315387402,0.00017264,0,1.0
2456,0.5661751052596469,0.1436142897754331,-0.00033195,1.0400317752440658,2.5682498578706694,-1.1933535672982813,-0.21789562370390278,12.330722804934027,-0.04593960525765017,-35.9758360843488,0.14951036861664863,7.14579859226573,0.3196625855594684,19.795665091449358,-0.03635708494780777,0.31902785033514497,-0.00037072,1.1534445215787203,0.00017264,0,1.0
2457,1.936896327631842,1.512111058837902,-0.00033195,1.0400317752440658,2.5682498578706694,75.83774059023926,-0.21789562370390278,72.81626267014894,-0.04593960525765017,-95.53569448103403,0.14951036861664863,-98.05379480628453,0.3196625855594684,11.375568764009232,-0.03635708494780777,0.2590825952384854,-0.00037072,8.701985889449128,0.00017264,0,1.0
2458,-1.5769565400388843,4.840110792001878,-0.00033195,1.0400317752440658,2.5682498578706694,28.89397064941347,-0.21789562370390278,5.562416205454657,-0.04593960525765017,-35.291417442118714,0.14951036861664863,51.30915271711155,0.3196625855594684,-28.615502515540285,-0.03635708494780777,-0.16504144476090166,-0.00037072,1.226259688827122,0.00017264,1,1.0
2459,-0.05995755727425567,3.3223564036277407,-0.00033195,1.0400317752440658,2.5682498578706694,20.5233629019342,-0.21789562370390278,25.90643827543397,-0.04593960525765017,-53.50170644194683,0.14951036861664863,-3.0629258919839994,0.3196625855594684,4.455634468205738,-0.03635708494780777,-0.42638467682404,-0.00037072,2.468752630574081,0.00017264,1,1.0
2460,0.00367921228241741,0.079271391076123,-0.00033195,1.0400317752440658,2.5682498578706694,18.16266687580131,-0.21789562370390278,17.535612301488175,-0.04593960525765017,-51.8703507529854,0.14951036861664863,34.36660816708717,0.3196625855594684,1.8137477661990613,-0.03635708494780777,0.8812150190600431,-0.00037072,2.0234742344173635,0.00017264,0,1.0
2461,3.052873804935838,2.7838133573534227,-0.00033195,1.0400317752440658,2.5682498578706694,-12.794169657052047,-0.21789562370390278,36.39856684580072,-0.04593960525765017,-50.090517012600834,0.14951036861664863,-76.70920183287632,0.3196625855594684,67.53101408033987,-0.03635708494780777,0.2720437117522647,-0.00037072,3.057763848097822,0.00017264,0,1.0
2462,2.3017331418870586,2.1621360493956354,-0.00033195,1.0400317752440658,2.5682498578706694,-28.281868544261478,-0.21789562370390278,13.690167083348337,-0.04593960525765017,-51.43022628672191,0.14951036861664863,-20.548317904253203,0.3196625855594684,70.87642205434462,-0.03635708494780777,0.2913313078744638,-0.00037072,1.674437490939026,0.00017264,0,1.0
2463,3.2918107738803917,3.2391694383811798,-0.00033195,1.0400317752440658,2.5682498578706694,-34.895260572354175,-0.21789562370390278,25.227608946714625,-0.04593960525765017,-50.82172424181398,0.14951036861664863,-60.65551155683641,0.3196625855594684,87.510577648865,-0.03635708494780777,0.2817275209347223,-0.00037072,1.9827182147761413,0.00017264,0,1.0
2464,1.9399861237899074,1.177159134102584,-0.00033195,1.0400317752440658,2.5682498578706694,3.920799387215153,-0.21789562370390278,34.7702410599265,-0.04593960525765017,-58.312548715991866,0.14951036861664863,-44.54916877335987,0.3196625855594684,43.648032051877856,-0.03635708494780777,0.27073604076144187,-0.00037072,3.2406411942878437,0.00017264,0,1.0
2465,1.3013104928472745,0.7448939899845982,-0.00033195,1.0400317752440658,2.5682498578706694,61.75318071283533,-0.21789562370390278,53.817814913323524,-0.04593960525765017,-52.73028198713225,0.14951036861664863,-83.72193672693005,0.3196625855594684,-5.075152436829603,-0.03635708494780777,0.2654317820048644,-0.00037072,6.154502219357774,0.00017264,0,1.0
2466,0.5744917675912351,7.771485302185024,-0.00033195,1.0400317752440658,2.5682498578706694,20.805708751446044,-0.21789562370390278,-14.22799431832814,-0.04593960525765017,-49.445894667232984,0.14951036861664863,96.39120344090144,0.3196625855594684,10.460894312359713,-0.03635708494780777,0.28657362995426716,-0.00037072,5.824073424543915,0.00017264,0,1.0
2467,0.16117750791126284,0.15159083195371514,-0.00033195,1.0400317752440658,2.5682498578706694,-13.4045262482971,-0.21789562370390278,0.3550497110783621,-0.04593960525765017,-24.155243964580198,0.14951036861664863,27.98541906492717,0.3196625855594684,18.141555086756977,-0.03635708494780777,-0.25661393910010044,-0.00037072,0.2609052849864312,0.00017264,1,1.0
2468,1.742614733847518,0.8104712995709862,-0.00033195,1.0400317752440658,2.5682498578706694,-39.14469534758371,-0.21789562370390278,9.252061370203638,-0.04593960525765017,-43.05919451407726,0.14951036861664863,-11.143653185251551,0.3196625855594684,66.77577656018093,-0.03635708494780777,-0.30449046091912635,-0.00037072,0.29886820729675745,0.00017264,1,1.0
2469,1.9414077719576939,2.3110596492778255,-0.00033195,1.0400317752440658,2.5682498578706694,-25.512870793483632,-0.21789562370390278,8.970768648453994,-0.04593960525765017,-31.349018118158735,0.14951036861664863,11.252963272386221,0.3196625855594684,47.76267404960843,-0.03635708494780777,0.3717828279832326,-0.00037072,1.685400071619536,0.00017264,0,1.0
2470,0.5654840393885978,4.204361243840599,-0.00033195,1.0400317752440658,2.5682498578706694,-45.848040278504946,-0.21789562370390278,-20.781182039949826,-0.04593960525765017,-9.738165359930015,0.14951036861664863,40.49861381739662,0.3196625855594684,44.0648493756217,-0.03635708494780777,-2.058709834304727,-0.00037072,0.2249972667878284,0.00017264,1,1.0
2471,1.8180234107892774,1.0388442741462878,-0.00033195,1.0400317752440658,2.5682498578706694,13.776313740502292,-0.21789562370390278,42.82856887772788,-0.04593960525765017,-74.51461843290876,0.14951036861664863,-41.62189358449045,0.3196625855594684,40.55476976547855,-0.03635708494780777,0.2674056881701079,-0.00037072,4.080443232087898,0.00017264,0,1.0
2472,1.2118954946078877,0.49709733942429385,-0.00033195,1.0400317752440658,2.5682498578706694,8.705414793674237,-0.21789562370390278,34.982928096383965,-0.04593960525765017,-73.2015328534743,0.14951036861664863,-11.301167879996678,0.3196625855594684,33.96751843741745,-0.03635708494780777,0.28510482360846257,-0.00037072,3.1505068754284116,0.00017264,0,1.0
2473,0.1554719043531727,1.1317135040318762,-0.00033195,1.0400317752440658,2.5682498578706694,67.3070174367467,-0.21789562370390278,58.89123050031842,-0.04593960525765017,-65.81897854162807,0.14951036861664863,-38.31914510743917,0.3196625855594684,-27.103997182546916,-0.03635708494780777,0.2757756145538308,-0.00037072,5.498126690271459,0.00017264,0,1.0
2474,1.5341269205343488,1.0734552014773215,-0.00033195,1.0400317752440658,2.5682498578706694,18.705632118093487,-0.21789562370390278,29.04585791809979,-0.04593960525765017,-46.93121510589888,0.14951036861664863,-44.88882712393457,0.3196625855594684,26.856636067139046,-0.03635708494780777,0.2750640571791041,-0.00037072,3.7275789576806404,0.00017264,0,1.0
2475,1.1203936114215738,0.48178989906104575,-0.00033195,1.0400317752440658,2.5682498578706694,6.306085327026118,-0.21789562370390278,18.436499063690643,-0.04593960525765017,-21.862572865604477,0.14951036861664863,-32.96296634974531,0.3196625855594684,18.097431152527864,-0.03635708494780777,0.28764505247243355,-0.00037072,1.8304080310482842,0.00017264,0,1.0
2476,2.0990389860572116,4.702039134088466,-0.00033195,1.0400317752440658,2.5682498578706694,-40.15718600742759,-0.21789562370390278,-3.600842685229568,-0.04593960525765017,-47.57056995603382,0.14951036861664863,37.493821252167564,0.3196625855594684,70.56349850248809,-0.03635708494780777,-0.016934074559121104,-0.00037072,1.9799285612965178,0.00017264,1,1.0
2477,-0.19533621518960742,1.1989847201642412,-0.00033195,1.0400317752440658,2.5682498578706694,52.58105142666053,-0.21789562370390278,17.92511760992188,-0.04593960525765017,-45.22696875496892,0.14951036861664863,50.09777568711921,0.3196625855594684,-29.77441906159195,-0.03635708494780777,1.983569367730655,-0.00037072,4.021838403605538,0.00017264,0,1.0
2478,2.465212095382434,1.9586786781898382,-0.00033195,1.0400317752440658,2.5682498578706694,13.420154391077174,-0.21789562370390278,41.16375048442481,-0.04593960525765017,-44.443995333728445,0.14951036861664863,-84.421061352593,0.3196625855594684,40.32017390746276,-0.03635708494780777,0.2740037117853198,-0.00037072,4.016368766084598,0.00017264,0,1.0
2479,3.0680301348424477,2.9883832846386857,-0.00033195,1.0400317752440658,2.5682498578706694,3.7148408315806702,-0.21789562370390278,56.75969959393012,-0.04593960525765017,-82.56949998478404,0.14951036861664863,-77.90531844219657,0.3196625855594684,65.08208312980766,-0.03635708494780777,0.2667014283634921,-0.00037072,4.744357346781731,0.00017264,0,1.0
2480,-0.600949836903099,2.0773751470192017,-0.00033195,1.0400317752440658,2.5682498578706694,79.0938574886722,-0.21789562370390278,16.43412746835618,-0.04593960525765017,-3.581479407851626,0.14951036861664863,36.05041512888474,0.3196625855594684,-72.40343647879592,-0.03635708494780777,2.6380184314372093,-0.00037072,4.226882975762677,0.00017264,0,1.0
2481,-0.020731750007089822,0.835132257509074,-0.00033195,1.0400317752440658,2.5682498578706694,74.5089012483715,-0.21789562370390278,23.657279249095403,-0.04593960525765017,-17.325933774068904,0.14951036861664863,-19.86613194192937,0.3196625855594684,-45.522384146362576,-0.03635708494780777,1.141202124093069,-0.00037072,5.239582538975509,0.00017264,0,1.0
2482,3.9534346566654515,4.47845403517838,-0.00033195,1.0400317752440658,2.5682498578706694,-26.40658443729975,-0.21789562370390278,43.922355139551776,-0.04593960525765017,-72.00885370364533,0.14951036861664863,-86.61914653924816,0.3196625855594684,96.99199513763618,-0.03635708494780777,0.2658537169351025,-0.00037072,3.5458227986691204,0.00017264,0,1.0
2483,-0.6081139977818149,2.6224577423815947,-0.00033195,1.0400317752440658,2.5682498578706694,55.0918692685767,-0.21789562370390278,29.01037533760025,-0.04593960525765017,-33.35064440869079,0.14951036861664863,51.34414782481334,0.3196625855594684,-50.963544018554714,-0.03635708494780777,1.8743420677174771,-0.00037072,3.2839604726210476,0.00017264,0,1.0
2484,1.2276695141173697,15.098564457704361,-0.00033195,1.0400317752440658,2.5682498578706694,42.50354931107808,-0.21789562370390278,70.74564285437152,-0.04593960525765017,-84.39738140779656,0.14951036861664863,74.39857138694857,0.3196625855594684,-24.321669049232177,-0.03635708494780777,0.6952431400537811,-0.00037072,7.620385214537885,0.00017264,0,1.0
2485,1.8333169647107788,2.6601087516952804,-0.00033195,1.0400317752440658,2.5682498578706694,72.72833516731045,-0.21789562370390278,52.29976145337989,-0.04593960525765017,-29.58806581430815,0.14951036861664863,-92.77052526529856,0.3196625855594684,-17.535575309998123,-0.03635708494780777,1.5360638650513163,-0.00037072,6.51940368511225,0.00017264,0,1.0
2486,-0.003008010306757569,5.089540700125468,-0.00033195,1.0400317752440658,2.5682498578706694,61.659383937772695,-0.21789562370390278,19.088239290720697,-0.04593960525765017,-99.53991739185093,0.14951036861664863,56.224878108301816,0.3196625855594684,-0.9811211211147113,-0.03635708494780777,0.48922171806890047,-0.00037072,7.5255900113431835,0.00017264,0,1.0
2487,0.9018272368051594,0.262694212004636,-0.00033195,1.0400317752440658,2.5682498578706694,-15.734669001200038,-0.21789562370390278,5.430172528314528,-0.04593960525765017,-13.447709676427134,0.14951036861664863,-18.956271247556344,0.3196625855594684,29.009920363569535,-0.03635708494780777,-0.24417691583201429,-0.00037072,0.24502958822334764,0.00017264,1,1.0
2488,0.20420489180791956,4.062826380787908,-0.00033195,1.0400317752440658,2.5682498578706694,78.70065335693059,-0.21789562370390278,28.297271205871496,-0.04593960525765017,-78.74732475994907,0.14951036861664863,3.043750355200484,0.3196625855594684,-15.323648461291668,-0.03635708494780777,0.32716403545019723,-0.00037072,8.103542238057344,0.00017264,0,1.0
2489,2.3743213470107682,4.45407069617867,-0.00033195,1.0400317752440658,2.5682498578706694,-11.127339230660256,-0.21789562370390278,35.367551214583074,-0.04593960525765017,-42.68447029579688,0.14951036861664863,-15.968408690792458,0.3196625855594684,40.11541579663341,-0.03635708494780777,0.28531057786682457,-0.00037072,3.1680010024451324,0.00017264,0,1.0
2490,0.002215153130220582,0.10628000191209781,-0.00033195,1.0400317752440658,2.5682498578706694,83.32945726916093,-0.21789562370390278,52.4656667969806,-0.04593960525765017,-71.86244832385931,0.14951036861664863,-29.661950916072186,0.3196625855594684,-32.606290549735846,-0.03635708494780777,0.6544948167480533,-0.00037072,6.661059945736882,0.00017264,0,1.0
2491,0.6719645617392613,0.16318853140012432,-0.00033195,1.0400317752440658,2.5682498578706694,5.672439303814698,-0.21789562370390278,23.732616698544287,-0.04593960525765017,-62.927160204851766,0.14951036861664863,9.083583968284984,0.3196625855594684,25.85957788007607,-0.03635708494780777,0.2820259032256909,-0.00037072,2.2703570643037105,0.00017264,0,1.0
2492,0.8261787027219263,1.9684088789285905,-0.00033195,1.0400317752440658,2.5682498578706694,-54.84096595908342,-0.21789562370390278,-4.727122454611056,-0.04593960525765017,-80.96393698580732,0.14951036861664863,83.89778347261306,0.3196625855594684,76.32437895673905,-0.03635708494780777,-0.8631283666291583,-0.00037072,0.37023717326523725,0.00017264,1,1.0
2493,0.022477217205874922,1.8760444213273701,-0.00033195,1.0400317752440658,2.5682498578706694,25.795041024069118,-0.21789562370390278,14.429006979180809,-0.04593960525765017,-90.10041429179248,0.14951036861664863,58.188684714131504,0.3196625855594684,17.82798176576718,-0.03635708494780777,0.2811170597949695,-0.00037072,4.4209706495365335,0.00017264,0,1.0
2494,1.7719912992306077,1.328107088761984,-0.00033195,1.0400317752440658,2.5682498578706694,-22.67964514244128,-0.21789562370390278,11.245599118508931,-0.04593960525765017,-9.50477211017408,0.14951036861664863,-60.65608397990065,0.3196625855594684,46.61405380245485,-0.03635708494780777,-0.6291508199452263,-0.00037072,0.6493755422376977,0.00017264,1,1.0
2495,0.0004903441156995925,0.17886128187382333,-0.00033195,1.0400317752440658,2.5682498578706694,53.76886526849971,-0.21789562370390278,30.07253730874881,-0.04593960525765017,-41.06077468852466,0.14951036861664863,-4.446998809276041,0.3196625855594684,-25.565892062578534,-0.03635708494780777,1.0254248434390336,-0.00037072,4.018628720349485,0.00017264,0,1.0
2496,-0.1403674630410494,3.389621949673887,-0.00033195,1.0400317752440658,2.5682498578706694,66.73408026266655,-0.21789562370390278,55.11260852999363,-0.04593960525765017,-87.62310243703024,0.14951036861664863,64.9749286944273,0.3196625855594684,-39.16067705427253,-0.03635708494780777,2.545358487192872,-0.00037072,5.2854460610092335,0.00017264,0,1.0
2497,1.7599641728403008,2.408933397662822,-0.00033195,1.0400317752440658,2.5682498578706694,-2.4220337678118793,-0.21789562370390278,23.499600749937727,-0.04593960525765017,-89.41149443406654,0.14951036861664863,4.120424335296042,0.3196625855594684,60.77853910669172,-0.03635708494780777,0.3153754314512882,-0.00037072,3.8784845330358273,0.00017264,0,1.0
2498,0.963215460010423,1.6135446602719763,-0.00033195,1.0400317752440658,2.5682498578706694,-27.378565747553033,-0.21789562370390278,1.2929202342858044,-0.04593960525765017,-79.52262919253133,0.14951036861664863,74.71759312839843,0.3196625855594684,58.371441250959734,-0.03635708494780777,0.31027067456049917,-0.00037072,1.7382195346202667,0.00017264,0,1.0
2499,-0.01635476302634009,0.5533691513082013,-0.00033195,1.0400317752440658,2.5682498578706694,32.2749414477714,-0.21789562370390278,30.31834292126868,-0.04593960525765017,-99.57368914668967,0.14951036861664863,86.43828931816721,0.3196625855594684,1.9571051033667672,-0.03635708494780777,2.28834797065846,-0.00037072,3.515300982458699,0.00017264,0,1.0
2500,0.48893736279966005,0.11238120257327881,-0.00033195,1.0352253157245797,4.45778214968442,68.5350623649551,-0.21789562370390278,62.48367302207044,-0.04593960525765017,-87.48901538327894,0.14951036861664863,6.824397373569525,0.3196625855594684,-0.7794505391505892,-0.03635708494780777,0.30516253045470554,-0.00037072,1.3819602612787203,0.00017264,0,1.0
2501,0.33707243782743757,0.08422671535010398,-0.00033195,1.0352253157245797,4.45778214968442,-51.5169261379124,-0.21789562370390278,-5.784319755627523,-0.04593960525765017,-55.9327078827534,0.14951036861664863,35.73432201015594,0.3196625855594684,64.34725740984334,-0.03635708494780777,-0.08730383368758678,-0.00037072,0.08726644677644872,0.00017264,1,1.0
2502,0.018604494797042972,0.0018574541308344532,-0.00033195,1.0352253157245797,4.45778214968442,-12.236392913591805,-0.21789562370390278,4.903002172035989,-0.04593960525765017,-32.67510150182184,0.14951036861664863,31.328108254042434,0.3196625855594684,16.403796514159428,-0.03635708494780777,-0.0279523475935834,-0.00037072,0.028185381108516053,0.00017264,1,1.0
2503,0.37872028112870393,0.16823881295931314,-0.00033195,1.0352253157245797,4.45778214968442,-36.41927669732636,-0.21789562370390278,22.928348185509456,-0.04593960525765017,-68.61161804501943,0.14951036861664863,89.19860935339635,0.3196625855594684,45.10338727011656,-0.03635708494780777,-0.09140976288658288,-0.00037072,0.2365163779385422,0.00017264,1,1.0
2504,0.44724005125990185,0.25744222063530775,-0.00033195,1.0352253157245797,4.45778214968442,30.643410702325717,-0.21789562370390278,44.64231602159489,-0.04593960525765017,-62.09514336032948,0.14951036861664863,-18.723211269729124,0.3196625855594684,14.504318194967842,-0.03635708494780777,0.19407957060584918,-0.00037072,0.862718175027567,0.00017264,0,1.0
2505,0.38475714341966644,0.07374849346973167,-0.00033195,1.0352253157245797,4.45778214968442,-58.86922572841249,-0.21789562370390278,-2.9948433294136434,-0.04593960525765017,-68.6139697020874,0.14951036861664863,54.41155695872086,0.3196625855594684,72.5058256354537,-0.03635708494780777,-0.06587556572073722,-0.00037072,0.06654599297333741,0.00017264,1,1.0
2506,0.22796437508339099,0.19739514552906504,-0.00033195,1.0352253157245797,4.45778214968442,-19.521114105752773,-0.21789562370390278,18.216450544730147,-0.04593960525765017,-96.59547150986059,0.14951036861664863,85.64696311835998,0.3196625855594684,47.02168459283949,-0.03635708494780777,0.04341679587185379,-0.00037072,0.37501177899823124,0.00017264,0,1.0
2507,0.8097243266548344,0.2140968027018933,-0.00033195,1.0352253157245797,4.45778214968442,24.298231178973666,-0.21789562370390278,47.937882204349854,-0.04593960525765017,-50.109618889166455,0.14951036861664863,-53.588172877464125,0.3196625855594684,29.281163354217153,-0.03635708494780777,0.32209754146995706,-0.00037072,0.9745585191401948,0.00017264,0,1.0
2508,0.22218303688236862,0.110643746455375,-0.00033195,1.0352253157245797,4.45778214968442,78.88295187026915,-0.21789562370390278,47.23063902668616,-0.04593960525765017,-32.56082060744074,0.14951036861664863,54.484447175704936,0.3196625855594684,-40.996666578096104,-0.03635708494780777,0.3407535093796069,-0.00037072,0.9392242282453888,0.00017264,0,1.0
2509,0.19961172031802285,0.004947816616395845,-0.00033195,1.0352253157245797,4.45778214968442,-29.009040376585265,-0.21789562370390278,5.15728409614006,-0.04593960525765017,-37.78859879844712,0.14951036861664863,9.85217534431336,0.3196625855594684,36.59748361798171,-0.03635708494780777,-0.01586070287511528,-0.00037072,0.015861389272446697,0.00017264,1,1.0
2510,0.5444086857047507,0.031170051187746014,-0.00033195,1.0352253157245797,4.45778214968442,-68.15497792016811,-0.21789562370390278,16.538150209574365,-0.04593960525765017,-77.10298006514746,0.14951036861664863,-16.697795095759624,0.3196625855594684,85.6771955743092,-0.03635708494780777,-0.06680164033738839,-0.00037072,0.06788537436416012,0.00017264,1,1.0
2511,0.3285156917487395,0.08603996477398759,-0.00033195,1.0352253157245797,4.45778214968442,75.52315630956508,-0.21789562370390278,53.30601808841713,-0.04593960525765017,-74.16369179760272,0.14951036861664863,47.82045465833706,0.3196625855594684,-17.155438342537813,-0.03635708494780777,0.31236567982661007,-0.00037072,1.2561630383073306,0.00017264,0,1.0
2512,0.24799697533623744,0.11934981942834885,-0.00033195,1.0352253157245797,4.45778214968442,-32.19547209033187,-0.21789562370390278,-12.459987919750516,-0.04593960525765017,-16.522526553531623,0.14951036861664863,-22.8354702692289,0.3196625855594684,42.22062899590304,-0.03635708494780777,-0.13825291247310492,-0.00037072,0.13994414147159703,0.00017264,1,1.0
2513,0.5378289421654767,0.20265071172949212,-0.00033195,1.0352253157245797,4.45778214968442,-29.168461322791234,-0.21789562370390278,30.014246636360163,-0.04593960525765017,-54.60249568873615,0.14951036861664863,-15.78684142869513,0.3196625855594684,49.58355254316524,-0.03635708494780777,0.03872866182071666,-0.00037072,0.29926660033143193,0.00017264,0,1.0
2514,0.0006272172144034527,0.0462370997263361,-0.00033195,1.0352253157245797,4.45778214968442,-2.7535633568500675,-0.21789562370390278,11.336844630801682,-0.04593960525765017,-26.70388138274874,0.14951036861664863,-14.502600550538913,0.3196625855594684,10.089298283689034,-0.03635708494780777,-0.06310754048989657,-0.00037072,0.11941279011810259,0.00017264,1,1.0
2515,0.7240189708361313,0.08733827155396448,-0.00033195,1.0352253157245797,4.45778214968442,-77.06712056479509,-0.21789562370390278,10.923543935495326,-0.04593960525765017,-59.357063014609594,0.14951036861664863,-8.120326078244279,0.3196625855594684,90.81515106580154,-0.03635708494780777,-0.09549215598659529,-0.00037072,0.09696348608330364,0.00017264,1,1.0
2516,0.2876159897788138,0.0850346458687892,-0.00033195,1.0352253157245797,4.45778214968442,98.3696973299363,-0.21789562370390278,48.86327561857671,-0.04593960525765017,-27.872928073731938,0.14951036861664863,-22.174043833272144,0.3196625855594684,-42.06110526855239,-0.03635708494780777,0.30872461609545465,-0.00037072,1.315801899340044,0.00017264,0,1.0
2517,0.8069186616950547,0.31434453547987856,-0.00033195,1.0352253157245797,4.45778214968442,74.95875474256569,-0.21789562370390278,55.94704271563954,-0.04593960525765017,-41.48017942314393,0.14951036861664863,-11.40046997562259,0.3196625855594684,-7.136018803442497,-0.03635708494780777,0.49889187358356285,-0.00037072,1.4125394001913758,0.00017264,0,1.0
2518,0.29857222589566973,0.12340056319933677,-0.00033195,1.0352253157245797,4.45778214968442,60.292358841641075,-0.21789562370390278,43.93111945454221,-0.04593960525765017,-45.0152823833987,0.14951036861664863,87.57127821282988,0.3196625855594684,-25.010634436656613,-0.03635708494780777,0.35621409980006324,-0.00037072,0.8261266360034379,0.00017264,0,1.0
2519,0.7461599757987472,0.17590924037765399,-0.00033195,1.0352253157245797,4.45778214968442,27.975748103378898,-0.21789562370390278,54.753492592059,-0.04593960525765017,-78.48854204955254,0.14951036861664863,-7.431638880651464,0.3196625855594684,30.14179056064301,-0.03635708494780777,0.3265835744013926,-0.00037072,1.0643932289147744,0.00017264,0,1.0
2520,0.15413217343098007,0.07548846140489214,-0.00033195,1.0352253157245797,4.45778214968442,94.33222276279633,-0.21789562370390278,53.23301663863134,-0.04593960525765017,-51.88338098619881,0.14951036861664863,51.905238809731095,0.3196625855594684,-44.497430791621895,-0.03635708494780777,0.31609633846223517,-0.00037072,1.1905754668307607,0.00017264,0,1.0
2521,0.47605868510963456,0.1651185288821289,-0.00033195,1.0352253157245797,4.45778214968442,69.70475925757857,-0.21789562370390278,49.24231700300225,-0.04593960525765017,-96.10568370277818,0.14951036861664863,48.386155314685745,0.3196625855594684,4.391491751172166,-0.03635708494780777,0.3015843375112034,-0.00037072,1.5088963116078045,0.00017264,0,1.0
2522,0.3325864821286074,0.09710049585096525,-0.00033195,1.0352253157245797,4.45778214968442,86.24193397633655,-0.21789562370390278,41.77048024823787,-0.04593960525765017,-12.223747999493826,0.14951036861664863,-23.091537667673148,0.3196625855594684,-38.39959450916034,-0.03635708494780777,0.3212581819457393,-0.00037072,1.1286846631671361,0.00017264,0,1.0
2523,0.4974576551146538,0.33301304063375947,-0.00033195,1.0352253157245797,4.45778214968442,79.69833081603315,-0.21789562370390278,31.29962029380825,-0.04593960525765017,-49.876441369047534,0.14951036861664863,8.814846721020338,0.3196625855594684,-8.39600511991084,-0.03635708494780777,0.2792870465098264,-0.00037072,1.5465017236098713,0.00017264,0,1.0
2524,0.003733607164555175,0.24503388521596453,-0.00033195,1.0352253157245797,4.45778214968442,27.7345986616692,-0.21789562370390278,28.837594089685602,-0.04593960525765017,-17.26343430323296,0.14951036861664863,-76.26629670521069,0.3196625855594684,-10.57365553436164,-0.03635708494780777,-0.053050645444245065,-0.00037072,0.4091265441564881,0.00017264,1,1.0
2525,0.0382637921943412,0.09371249306821045,-0.00033195,1.0352253157245797,4.45778214968442,-26.12439065765159,-0.21789562370390278,24.144167777642426,-0.04593960525765017,-78.68645977552634,0.14951036861664863,-31.341026059451302,0.3196625855594684,43.05665486201623,-0.03635708494780777,-0.19824536589118397,-0.00037072,0.19866413917066367,0.00017264,1,1.0
2526,0.37782989184800936,0.10794767776289646,-0.00033195,1.0352253157245797,4.45778214968442,71.75456775784232,-0.21789562370390278,38.785458741081996,-0.04593960525765017,-16.017652991457336,0.14951036861664863,-2.0246723186226383,0.3196625855594684,-28.684237242695836,-0.03635708494780777,0.3344285176285902,-0.00037072,0.9915412178849639,0.00017264,0,1.0
2527,0.20623889477919688,0.4053911989233534,-0.00033195,1.0352253157245797,4.45778214968442,99.77325754308379,-0.21789562370390278,73.42286051818068,-0.04593960525765017,-32.73451264299354,0.14951036861664863,72.87229669291116,0.3196625855594684,-66.37258379338314,-0.03635708494780777,0.3321619878669082,-0.00037072,1.0632698066884207,0.00017264,0,1.0
2528,0.6012571004558055,0.14587397683617528,-0.00033195,1.0352253157245797,4.45778214968442,-60.695995225542575,-0.21789562370390278,16.646116649329443,-0.04593960525765017,-87.1934206421549,0.14951036861664863,62.28285142846665,0.3196625855594684,80.90246611889192,-0.03635708494780777,0.05864555105979696,-0.00037072,0.149095255597395,0.00017264,0,1.0
2529,0.002499634393533068,0.1301898934472857,-0.00033195,1.0352253157245797,4.45778214968442,11.329887135658574,-0.21789562370390278,19.062509255646084,-0.04593960525765017,-30.763022390810082,0.14951036861664863,9.406694053702017,0.3196625855594684,-0.869389983382923,-0.03635708494780777,-0.007477606210014462,-0.00037072,0.23822076274926235,0.00017264,1,1.0
2530,0.1371354506166037,0.24785324345630783,-0.00033195,1.0352253157245797,4.45778214968442,9.465491547356422,-0.21789562370390278,36.28301446862546,-0.04593960525765017,-86.01451882718729,0.14951036861664863,55.07145253344926,0.3196625855594684,18.844289411022743,-0.03635708494780777,0.04925726787359591,-0.00037072,0.5190554380121446,0.00017264,0,1.0
2531,0.757111110030871,0.26506383074523543,-0.00033195,1.0352253157245797,4.45778214968442,13.52593229743042,-0.21789562370390278,45.36701106073755,-0.04593960525765017,-52.02199645555298,0.14951036861664863,-65.05754354564549,0.3196625855594684,35.49371150144905,-0.03635708494780777,0.2539695817531584,-0.00037072,0.8580490048402922,0.00017264,0,1.0
2532,0.4165823377879707,0.018233704822065627,-0.00033195,1.0352253157245797,4.45778214968442,-42.41587120867443,-0.21789562370390278,11.967393726501415,-0.04593960525765017,-30.459421770336693,0.14951036861664863,-90.96975454867783,0.3196625855594684,56.07048822792141,-0.03635708494780777,-0.06647011760403707,-0.00037072,0.06650581547266612,0.00017264,1,1.0
2533,0.10882855981804057,0.060394786741822484,-0.00033195,1.0352253157245797,4.45778214968442,100.0,-0.21789562370390278,38.73552934231432,-0.04593960525765017,-22.761574019742465,0.14951036861664863,47.22446049780076,0.3196625855594684,-55.36513457912637,-0.03635708494780777,0.32100516190094397,-0.00037072,1.1323517708643989,0.00017264,0,1.0
2534,0.696357497677946,0.22102861379971298,-0.00033195,1.0352253157245797,4.45778214968442,30.926748338657024,-0.21789562370390278,59.58881853070651,-0.04593960525765017,-66.7265844084525,0.14951036861664863,19.34481504871598,0.3196625855594684,15.667122143869916,-0.03635708494780777,0.34688679756158064,-0.00037072,0.9195287124036242,0.00017264,0,1.0
2535,0.7956427254778845,0.26494710612377376,-0.00033195,1.0352253157245797,4.45778214968442,81.24434807861515,-0.21789562370390278,73.70324456245481,-0.04593960525765017,-52.840564128487586,0.14951036861664863,-74.69583504365532,0.3196625855594684,-7.084466914667647,-0.03635708494780777,0.43069858812371487,-0.00037072,1.5379561332093166,0.00017264,0,1.0
2536,0.1295365618905953,0.012177913955609264,-0.00033195,1.0352253157245797,4.45778214968442,-16.29001390515523,-0.21789562370390278,7.962300455943084,-0.04593960525765017,-23.919919993611497,0.14951036861664863,16.510828255538016,0.3196625855594684,18.88278900126463,-0.03635708494780777,-0.060047307524799434,-0.00037072,0.06081344257978148,0.00017264,1,1.0
2537,0.5774773456253119,0.10861081093493867,-0.00033195,1.0352253157245797,4.45778214968442,-72.2832023181017,-0.21789562370390278,36.328225333545696,-0.04593960525765017,-99.91290920311587,0.14951036861664863,-54.94941752140404,0.3196625855594684,94.2650238249154,-0.03635708494780777,-0.2002609423361892,-0.00037072,0.20619189022633158,0.00017264,1,1.0
2538,0.7094307126973651,0.3640898152926446,-0.00033195,1.0352253157245797,4.45778214968442,50.01747254154544,-0.21789562370390278,57.101453730960124,-0.04593960525765017,-42.165406828126656,0.14951036861664863,87.0968164233951,0.3196625855594684,-10.58099266309612,-0.03635708494780777,0.4962025653383756,-0.00037072,0.905936413847762,0.00017264,0,1.0
2539,0.8029315254830116,0.2175805785227037,-0.00033195,1.0352253157245797,4.45778214968442,27.09286065412887,-0.21789562370390278,36.56220572582456,-0.04593960525765017,-15.093116962959565,0.14951036861664863,-60.19199559599349,0.3196625855594684,17.204732456389085,-0.03635708494780777,0.35643412271444097,-0.00037072,0.8345482755948705,0.00017264,0,1.0
2540,0.7482797397249537,0.4180981463074541,-0.00033195,1.0352253157245797,4.45778214968442,39.67035421622907,-0.21789562370390278,71.22935558134854,-0.04593960525765017,-52.79420029720779,0.14951036861664863,29.724827609341663,0.3196625855594684,0.1701069762519303,-0.03635708494780777,0.3392295717053799,-0.00037072,0.9523748494247106,0.00017264,0,1.0
2541,0.391036739453286,0.1887499094289427,-0.00033195,1.0352253157245797,4.45778214968442,-8.276993437469013,-0.21789562370390278,11.373314654916467,-0.04593960525765017,-30.40548648850688,0.14951036861664863,7.4318899879045315,0.3196625855594684,28.721034262099206,-0.03635708494780777,0.1258551719884806,-0.00037072,0.31022724304050064,0.00017264,0,1.0
2542,0.07939842598605501,0.2590351744751508,-0.00033195,1.0352253157245797,4.45778214968442,-11.590079395704151,-0.21789562370390278,-23.700917852308457,-0.04593960525765017,-6.145049664419218,0.14951036861664863,48.889770898962624,0.3196625855594684,18.284638676456858,-0.03635708494780777,-0.16886372082452558,-0.00037072,0.260492837992193,0.00017264,1,1.0
2543,0.4509834576928198,0.3244511042936149,-0.00033195,1.0352253157245797,4.45778214968442,94.68481419387975,-0.21789562370390278,82.671934345328,-0.04593960525765017,-33.23368241883553,0.14951036861664863,-64.00564984882419,0.3196625855594684,-43.13265655317606,-0.03635708494780777,0.313673585666559,-0.00037072,1.2784098259494074,0.00017264,0,1.0
2544,0.14954272835031923,0.11205943549377403,-0.00033195,1.0352253157245797,4.45778214968442,85.76509799682574,-0.21789562370390278,52.3698212993859,-0.04593960525765017,-50.07964494821269,0.14951036861664863,88.770206152691,0.3196625855594684,-45.12914226896219,-0.03635708494780777,0.34490381940089415,-0.00037072,1.0143008470706163,0.00017264,0,1.0
2545,0.4120888380160781,0.04346824413897154,-0.00033195,1.0352253157245797,4.45778214968442,-60.647099491144296,-0.21789562370390278,6.886059335758192,-0.04593960525765017,-80.35177931060025,0.14951036861664863,98.24608154511348,0.3196625855594684,70.4886482183915,-0.03635708494780777,-0.0860244557068322,-0.00037072,0.08636696388366336,0.00017264,1,1.0
2546,0.7884355350687176,0.18721096750791832,-0.00033195,1.0352253157245797,4.45778214968442,44.62625820371818,-0.21789562370390278,58.08597110837086,-0.04593960525765017,-50.7626385318777,0.14951036861664863,-89.58328120992665,0.3196625855594684,18.052838915140672,-0.03635708494780777,0.3154998569286886,-0.00037072,1.20422776528887,0.00017264,0,1.0
2547,0.6163470756510483,0.39204875270425626,-0.00033195,1.0352253157245797,4.45778214968442,57.12681803097475,-0.21789562370390278,12.265593684244191,-0.04593960525765017,-18.871596239734604,0.14951036861664863,43.09143313195505,0.3196625855594684,-1.9646898373272164,-0.03635708494780777,0.3139164765487241,-0.00037072,1.2400688705495189,0.00017264,0,1.0
2548,1.1539163741287835,0.5461623920124485,-0.00033195,1.0352253157245797,4.45778214968442,-12.39158419282888,-0.21789562370390278,46.25994347768742,-0.04593960525765017,-21.308385487366387,0.14951036861664863,-1.2153862522375158,0.3196625855594684,42.349634358910016,-0.03635708494780777,0.3111502622012867,-0.00037072,0.6642736491624152,0.00017264,0,1.0
2549,0.37168603365909947,0.08479410933227664,-0.00033195,1.0352253157245797,4.45778214968442,-32.8756196400614,-0.21789562370390278,23.886739715197045,-0.04593960525765017,-42.074972889222934,0.14951036861664863,-68.92330024968201,0.3196625855594684,46.98086664159755,-0.03635708494780777,-0.0949254280780199,-0.00037072,0.17028284952702938,0.00017264,1,1.0
2550,0.1139841324161864,0.0025056790146262345,-0.00033195,1.0352253157245797,4.45778214968442,-20.163269532060532,-0.21789562370390278,4.296491127345787,-0.04593960525765017,-33.27381984343131,0.14951036861664863,35.193139355124536,0.3196625855594684,24.338709054661113,-0.03635708494780777,-0.02394805392803534,-0.00037072,0.024087320642139566,0.00017264,1,1.0
2551,0.0018454857155566946,0.08108359902860689,-0.00033195,1.0352253157245797,4.45778214968442,4.931613865276849,-0.21789562370390278,-2.2564656407376247,-0.04593960525765017,-12.487759966155842,0.14951036861664863,38.45688415551197,0.3196625855594684,0.7693429162264189,-0.03635708494780777,0.006791496903679056,-0.00037072,0.1435530567680797,0.00017264,0,1.0
2552,0.4670618153266623,0.11381619973222164,-0.00033195,1.0352253157245797,4.45778214968442,91.15712078197846,-0.21789562370390278,63.07369426947003,-0.04593960525765017,-47.59108621054015,0.14951036861664863,-69.2071729822804,0.3196625855594684,-23.54588479694744,-0.03635708494780777,0.30143190687476795,-0.00037072,1.4693280623824705,0.00017264,0,1.0
2553,0.6232738997388615,0.07533585080871577,-0.00033195,1.0352253157245797,4.45778214968442,-66.82106249454247,-0.21789562370390278,23.675303818191914,-0.04593960525765017,-65.02076137186226,0.14951036861664863,-38.510781474807516,0.3196625855594684,81.39798311540879,-0.03635708494780777,-0.13945868664896938,-0.00037072,0.13931667048932178,0.00017264,1,1.0
2554,0.23984999324362105,0.1413676795114761,-0.00033195,1.0352253157245797,4.45778214968442,-43.39999600319137,-0.21789562370390278,36.586987127846186,-0.04593960525765017,-93.90362326464988,0.14951036861664863,-56.017777170206024,0.3196625855594684,63.49737899621881,-0.03635708494780777,-0.23956011296840982,-0.00037072,0.24177852501108746,0.00017264,1,1.0
2555,0.022778643406964116,0.060979085597197016,-0.00033195,1.0352253157245797,4.45778214968442,100.0,-0.21789562370390278,49.980374895398796,-0.04593960525765017,-55.33285201365951,0.14951036861664863,96.63511461539179,0.3196625855594684,-54.29361380517771,-0.03635708494780777,0.31999594318958885,-0.00037072,1.145231995284331,0.00017264,0,1.0
2556,0.09128811113045993,0.2756911130316714,-0.00033195,1.0352253157245797,4.45778214968442,39.709162547806564,-0.21789562370390278,32.47881682787884,-0.04593960525765017,-40.004487323766156,0.14951036861664863,-17.026200424032005,0.3196625855594684,-9.671889541624068,-0.03635708494780777,0.07359254248525765,-0.00037072,0.6507620673871679,0.00017264,0,1.0
2557,0.8315409560237198,0.4799859304820384,-0.00033195,1.0352253157245797,4.45778214968442,-49.8731109885107,-0.21789562370390278,-10.143417023395935,-0.04593960525765017,-16.35336540235204,0.14951036861664863,75.79595037574968,0.3196625855594684,63.46087280881503,-0.03635708494780777,-0.019343286454466452,-0.00037072,0.3810592851943738,0.00017264,1,1.0
2558,0.14465305897060915,0.02139495601259878,-0.00033195,1.0352253157245797,4.45778214968442,-14.56637405660041,-0.21789562370390278,8.570734871985534,-0.04593960525765017,-11.477923030341632,0.14951036861664863,-92.05780201564363,0.3196625855594684,24.16302069103302,-0.03635708494780777,-0.10020522625790107,-0.00037072,0.10082616925446175,0.00017264,1,1.0
2559,0.25319418289252527,0.08080410533973884,-0.00033195,1.0352253157245797,4.45778214968442,82.68828676073362,-0.21789562370390278,41.523585339327234,-0.04593960525765017,-43.51217925921045,0.14951036861664863,46.506827064648306,0.3196625855594684,-32.457239020140904,-0.03635708494780777,0.3196111663000705,-0.00037072,1.1556764631733725,0.00017264,0,1.0
2560,1.1928920830138592,0.3343031244102225,-0.00033195,1.0352253157245797,4.45778214968442,-17.4738866901951,-0.21789562370390278,51.16089285748763,-0.04593960525765017,-57.27295524855356,0.14951036861664863,-82.65756627379083,0.3196625855594684,70.0698687668839,-0.03635708494780777,0.3570500751501468,-0.00037072,0.8036921759592925,0.00017264,0,1.0
2561,0.37797152813929735,0.04050733813033036,-0.00033195,1.0352253157245797,4.45778214968442,-60.160958953340014,-0.21789562370390278,24.93495113563837,-0.04593960525765017,-100.0,0.14951036861664863,20.25851797573307,0.3196625855594684,77.7009727930442,-0.03635708494780777,-0.1319807309034316,-0.00037072,0.13271249028469367,0.00017264,1,1.0
2562,0.29969120143224703,0.00871190482831145,-0.00033195,1.0352253157245797,4.45778214968442,-30.51788335264124,-0.21789562370390278,7.092000299139583,-0.04593960525765017,-20.938370044955438,0.14951036861664863,-55.07151419815393,0.3196625855594684,39.505273377578675,-0.03635708494780777,-0.032939906827449184,-0.00037072,0.033011405029682306,0.00017264,1,1.0
2563,0.6935956978594751,0.1761336188459764,-0.00033195,1.0352253157245797,4.45778214968442,9.297376747643845,-0.21789562370390278,41.74799557606321,-0.04593960525765017,-89.50904517962634,0.14951036861664863,86.54136075145365,0.3196625855594684,38.232864353668134,-0.03635708494780777,0.3604273856331842,-0.00037072,0.8161462756880292,0.00017264,0,1.0
2564,0.6363782712451362,0.19279398162911004,-0.00033195,1.0352253157245797,4.45778214968442,24.03018814703092,-0.21789562370390278,27.141617106151475,-0.04593960525765017,-30.306604344776495,0.14951036861664863,57.80167227003395,0.3196625855594684,10.796044708224754,-0.03635708494780777,0.3978794063444652,-0.00037072,0.6699827887727499,0.00017264,0,1.0
2565,0.16770798031688577,0.002967944086905471,-0.00033195,1.0352253157245797,4.45778214968442,-17.518225792615947,-0.21789562370390278,4.762170519991084,-0.04593960525765017,-13.401455798302596,0.14951036861664863,-34.18916391243735,0.3196625855594684,23.092468246178132,-0.03635708494780777,-0.026032783854522703,-0.00037072,0.02605194349282251,0.00017264,1,1.0
2566,0.28688657858538436,0.021213520816390784,-0.00033195,1.0352253157245797,4.45778214968442,-47.997466593354574,-0.21789562370390278,3.692490143149652,-0.04593960525765017,-69.43405505893513,0.14951036861664863,83.30747088248911,0.3196625855594684,57.20230121333369,-0.03635708494780777,-0.03936513918036667,-0.00037072,0.03938467862639025,0.00017264,1,1.0
2567,0.20741892935418732,0.0672312739561384,-0.00033195,1.0352253157245797,4.45778214968442,-37.25393079152117,-0.21789562370390278,8.721939371828507,-0.04593960525765017,-55.89557683745778,0.14951036861664863,-61.85992610131457,0.3196625855594684,55.46856291676194,-0.03635708494780777,-0.15186044689372818,-0.00037072,0.15275022057229348,0.00017264,1,1.0
2568,0.32005553213188886,0.5368970377430209,-0.00033195,1.0352253157245797,4.45778214968442,74.74614444553984,-0.21789562370390278,42.45035703931778,-0.04593960525765017,-76.46032142523069,0.14951036861664863,-34.39387831978745,0.3196625855594684,-1.744864576914487,-0.03635708494780777,0.13647774030886217,-0.00037072,1.520910077104738,0.00017264,0,1.0
2569,0.11315527145400084,0.034084889970856576,-0.00033195,1.0352253157245797,4.45778214968442,-27.28816999682678,-0.21789562370390278,17.50063542565365,-0.04593960525765017,-61.22817721402207,0.14951036861664863,-17.31149593498469,0.3196625855594684,40.179924429969425,-0.03635708494780777,-0.12555207907800753,-0.00037072,0.12567618234131583,0.00017264,1,1.0
2570,1.313212181199487,0.5234058031514395,-0.00033195,1.0352253157245797,4.45778214968442,29.441257595587057,-0.21789562370390278,76.02069198549138,-0.04593960525765017,-91.38580167456337,0.14951036861664863,-40.70656225891505,0.3196625855594684,52.86903540538436,-0.03635708494780777,0.5477474509050446,-0.00037072,1.467067420149783,0.00017264,0,1.0
2571,0.5025411328202061,0.1374260746937619,-0.00033195,1.0352253157245797,4.45778214968442,59.3238046003967,-0.21789562370390278,36.51177983432549,-0.04593960525765017,-7.457254279751314,0.14951036861664863,-26.075655974325088,0.3196625855594684,-17.964880312251385,-0.03635708494780777,0.3442163373505425,-0.00037072,0.9142370568776446,0.00017264,0,1.0
2572,0.5519504300434995,0.13645140481702417,-0.00033195,1.0352253157245797,4.45778214968442,76.33947300691158,-0.21789562370390278,52.54609032922809,-0.04593960525765017,-21.03561840957246,0.14951036861664863,-89.16040143438673,0.3196625855594684,-18.412545573913313,-0.03635708494780777,0.31227863750206497,-0.00037072,1.2523467399964607,0.00017264,0,1.0
2573,0.7085424991479338,0.31262715088599435,-0.00033195,1.0352253157245797,4.45778214968442,-12.256583129461838,-0.21789562370390278,36.20412839630822,-0.04593960525765017,-51.52883362625996,0.14951036861664863,47.215362088586936,0.3196625855594684,37.618640849716755,-0.03635708494780777,0.22508250676290625,-0.00037072,0.4740814382731012,0.00017264,0,1.0
2574,0.08330519178630336,0.034765899590280924,-0.00033195,1.0352253157245797,4.45778214968442,-9.373885149635862,-0.21789562370390278,12.430027359253915,-0.04593960525765017,-14.290948932110998,0.14951036861664863,-94.95586310038175,0.3196625855594684,18.870608486874662,-0.03635708494780777,-0.1257251368592232,-0.00037072,0.12552755822279837,0.00017264,1,1.0
2575,0.6194209486638307,0.03726778139427811,-0.00033195,1.0352253157245797,4.45778214968442,-66.66679985536324,-0.21789562370390278,14.286872780595427,-0.04593960525765017,-53.321542274090106,0.14951036861664863,-81.60776604658733,0.3196625855594684,84.86642210380694,-0.03635708494780777,-0.054656556746070666,-0.00037072,0.054963173583129125,0.00017264,1,1.0
2576,0.4811026205484624,0.10965546078733543,-0.00033195,1.0352253157245797,4.45778214968442,81.36204036988931,-0.21789562370390278,69.59347217371305,-0.04593960525765017,-91.4156870052169,0.14951036861664863,-16.0246271415364,0.3196625855594684,-6.269498952055572,-0.03635708494780777,0.29815170020860093,-0.00037072,1.5530086424458833,0.00017264,0,1.0
2577,0.5892492881958675,0.16598843680348177,-0.00033195,1.0352253157245797,4.45778214968442,43.74841359990004,-0.21789562370390278,31.450268644600733,-0.04593960525765017,-8.925854938505358,0.14951036861664863,-10.844156684507526,0.3196625855594684,-5.426793570494432,-0.03635708494780777,0.36248595655485355,-0.00037072,0.8044037340624199,0.00017264,0,1.0
2578,0.2446685826981172,0.15302692023296727,-0.00033195,1.0352253157245797,4.45778214968442,95.89423624374376,-0.21789562370390278,66.33441072266311,-0.04593960525765017,-70.29120767502505,0.14951036861664863,83.86009298606152,0.3196625855594684,-42.47930632188249,-0.03635708494780777,0.3858848659801375,-0.00037072,1.2651764255802342,0.00017264,0,1.0
2579,0.7873960643620738,0.1864205308295162,-0.00033195,1.0352253157245797,4.45778214968442,38.978354265543864,-0.21789562370390278,57.26028031508418,-0.04593960525765017,-58.911225431744626,0.14951036861664863,-68.62474483729738,0.3196625855594684,22.71062866839627,-0.03635708494780777,0.3182640451363228,-0.00037072,1.1657802114498184,0.00017264,0,1.0
2580,0.5916591075676657,0.16791256065586824,-0.00033195,1.0352253157245797,4.45778214968442,63.47328167478811,-0.21789562370390278,41.836964924241975,-0.04593960525765017,-32.27904664260351,0.14951036861664863,-47.38532291285258,0.3196625855594684,-4.483443011134984,-0.03635708494780777,0.3142649521674546,-0.00037072,1.2300831305318396,0.00017264,0,1.0
2581,0.6262136705956931,0.15455765802440816,-0.00033195,1.0352253157245797,4.45778214968442,26.005052244757266,-0.21789562370390278,44.32189555245171,-0.04593960525765017,-82.33582740526117,0.14951036861664863,58.421733549940186,0.3196625855594684,25.877903685243663,-0.03635708494780777,0.33834123242169656,-0.00037072,0.9536702197198248,0.00017264,0,1.0
2582,0.2195848913200017,0.04441023046818735,-0.00033195,1.0352253157245797,4.45778214968442,-22.69211260402536,-0.21789562370390278,8.477953591698281,-0.04593960525765017,-24.17703185092843,0.14951036861664863,39.46894928936387,0.3196625855594684,23.091855461663243,-0.03635708494780777,-0.11442245283042725,-0.00037072,0.11556383470280114,0.00017264,1,1.0
2583,0.26115651552535346,0.041237244041195026,-0.00033195,1.0352253157245797,4.45778214968442,-29.7247926209039,-0.21789562370390278,-4.52326421639491,-0.04593960525765017,-20.35664572935648,0.14951036861664863,51.502827112943535,0.3196625855594684,31.484287845629723,-0.03635708494780777,-0.09178615694852527,-0.00037072,0.09261335361128065,0.00017264,1,1.0
2584,0.8167675696063896,0.3749599984408099,-0.00033195,1.0352253157245797,4.45778214968442,54.969011512195536,-0.21789562370390278,33.19644497390134,-0.04593960525765017,-24.513160822432155,0.14951036861664863,50.67472454813784,0.3196625855594684,-0.9475096374675653,-0.03635708494780777,0.5189298989775739,-0.00037072,1.1326809346407507,0.00017264,0,1.0
2585,0.006637072718614828,0.004273885717411498,-0.00033195,1.0352253157245797,4.45778214968442,0.5021172766492754,-0.21789562370390278,4.2171045541041785,-0.04593960525765017,-0.33390622387811986,0.14951036861664863,-26.839748045570143,0.3196625855594684,1.0081546138845912,-0.03635708494780777,-0.03510074645209466,-0.00037072,0.03462936587545191,0.00017264,1,1.0
2586,0.020401099668965583,0.04634472571800699,-0.00033195,1.0352253157245797,4.45778214968442,2.155874889930837,-0.21789562370390278,15.530063158885888,-0.04593960525765017,-2.5709474371556063,0.14951036861664863,-81.06299454175304,0.3196625855594684,2.1218754236746324,-0.03635708494780777,-0.11878328769173066,-0.00037072,0.1189897635185613,0.00017264,1,1.0
2587,0.34678214378478117,0.09095569701132367,-0.00033195,1.0352253157245797,4.45778214968442,92.11784369579209,-0.21789562370390278,59.1435568093781,-0.04593960525765017,-56.303532557861686,0.14951036861664863,-14.926492177481713,0.3196625855594684,-28.836439522959182,-0.03635708494780777,0.3042802319636031,-0.00037072,1.4022724269770104,0.00017264,0,1.0
2588,0.7600024746537312,0.27735370974134205,-0.00033195,1.0352253157245797,4.45778214968442,26.867795642235173,-0.21789562370390278,46.581973311763235,-0.04593960525765017,-57.757305926045646,0.14951036861664863,87.58277941887914,0.3196625855594684,15.063259155967875,-0.03635708494780777,0.4760317035194811,-0.00037072,0.8081974915878948,0.00017264,0,1.0
2589,0.7609331968913428,0.1890314618624949,-0.00033195,1.0352253157245797,4.45778214968442,27.425144758118538,-0.21789562370390278,64.36455345803941,-0.04593960525765017,-91.1401366162024,0.14951036861664863,-1.9349653985758122,0.3196625855594684,31.73662949753288,-0.03635708494780777,0.32442426080293524,-0.00037072,1.0899076979865554,0.00017264,0,1.0
2590,0.8009165012750321,0.21038482856965998,-0.00033195,1.0352253157245797,4.45778214968442,11.741154762126536,-0.21789562370390278,40.85075277757561,-0.04593960525765017,-55.773158469582484,0.14951036861664863,10.373768549057823,0.3196625855594684,34.10090006957497,-0.03635708494780777,0.36331378069406484,-0.00037072,0.7982401463670777,0.00017264,0,1.0
2591,0.0024028310347471993,0.09951334670301484,-0.00033195,1.0352253157245797,4.45778214968442,-4.85467200704486,-0.21789562370390278,22.686912997363596,-0.04593960525765017,-29.141298939968504,0.14951036861664863,-98.24072355479264,0.3196625855594684,15.707857213703218,-0.03635708494780777,-0.19162295417677278,-0.00037072,0.19145677760619007,0.00017264,1,1.0
2592,0.20382710131509743,0.008518124456873796,-0.00033195,1.0352253157245797,4.45778214968442,-38.178571339271485,-0.21789562370390278,5.207474479265252,-0.04593960525765017,-62.537905895451246,0.14951036861664863,72.03658396319439,0.3196625855594684,46.225223062068366,-0.03635708494780777,-0.02549561351119382,-0.00037072,0.02578427491326084,0.00017264,1,1.0
2593,0.7242762489831531,0.20473630057621633,-0.00033195,1.0352253157245797,4.45778214968442,41.75059056117747,-0.21789562370390278,39.544457589345335,-0.04593960525765017,-37.91929894565686,0.14951036861664863,-45.52304715650362,0.3196625855594684,14.950228338760414,-0.03635708494780777,0.3230907728339247,-0.00037072,1.1053142428901397,0.00017264,0,1.0
2594,0.4368184124758381,0.018377644842871917,-0.00033195,1.0352253157245797,4.45778214968442,-45.287439482551385,-0.21789562370390278,10.149993581577274,-0.04593960525765017,-32.88713719400912,0.14951036861664863,-69.79184469329908,0.3196625855594684,58.05824260986558,-0.03635708494780777,-0.042058853508625774,-0.00037072,0.04243909974260533,0.00017264,1,1.0
2595,0.8202439900436713,0.21111094421200188,-0.00033195,1.0352253157245797,4.45778214968442,14.229227736259793,-0.21789562370390278,43.342158896623175,-0.04593960525765017,-66.57254891821498,0.14951036861664863,-2.6348809108648754,0.3196625855594684,39.1353758279768,-0.03635708494780777,0.3420272307827808,-0.00037072,0.9318145443939094,0.00017264,0,1.0
2596,0.2782352086502077,0.2400882507741781,-0.00033195,1.0352253157245797,4.45778214968442,92.69085852990455,-0.21789562370390278,78.67738861287107,-0.04593960525765017,-69.75996245880614,0.14951036861664863,37.05788084349288,0.3196625855594684,-40.909352262657535,-0.03635708494780777,0.3178736777555561,-0.00037072,1.2602769713166802,0.00017264,0,1.0
2597,0.14244374859250777,0.0038494360524681834,-0.00033195,1.0352253157245797,4.45778214968442,-16.535709002479962,-0.21789562370390278,5.419099048815031,-0.04593960525765017,-16.50947913989254,0.14951036861664863,-34.246126270847604,0.3196625855594684,22.732793775176404,-0.03635708494780777,-0.0386626559233416,-0.00037072,0.03884342615057064,0.00017264,1,1.0
2598,0.5969106163929934,0.2755705487516371,-0.00033195,1.0352253157245797,4.45778214968442,89.6078619712792,-0.21789562370390278,82.28532147906095,-0.04593960525765017,-87.16317210277464,0.14951036861664863,44.74422103770849,0.3196625855594684,-20.114520138973848,-0.03635708494780777,0.4696444173591702,-0.00037072,1.5072769506588433,0.00017264,0,1.0
2599,0.30859741200564295,0.014747641955766208,-0.00033195,1.0352253157245797,4.45778214968442,-57.4554129752058,-0.21789562370390278,15.676486116674392,-0.04593960525765017,-100.0,0.14951036861664863,76.07739665735046,0.3196625855594684,72.06465023795936,-0.03635708494780777,-0.07019372248486859,-0.00037072,0.07019046321984644,0.00017264,1,1.0
2600,0.09497745660487888,0.5369316171497494,-0.00033195,2.301058337073141,3.47893708472098,-17.35267012635178,-0.21789562370390278,20.07991812400652,-0.04593960525765017,-56.52516863079792,0.14951036861664863,7.803614918410331,0.3196625855594684,15.95433558101214,-0.03635708494780777,-0.40431293353101194,-0.00037072,0.40692939863113964,0.00017264,1,1.0
2601,0.011644597351858632,0.14398083400370956,-0.00033195,2.301058337073141,3.47893708472098,97.47105243927957,-0.21789562370390278,13.2973235940482,-0.04593960525765017,-15.048401905830712,0.14951036861664863,-83.41212729220722,0.3196625855594684,-27.197830105543947,-0.03635708494780777,-0.15245946501385615,-0.00037072,0.26838819000598496,0.00017264,1,1.0
2602,0.037210575838919846,0.38330166739620697,-0.00033195,2.301058337073141,3.47893708472098,33.31688485000566,-0.21789562370390278,16.497605290118354,-0.04593960525765017,-2.2634952634816283,0.14951036861664863,-57.86474152879105,0.3196625855594684,-26.00688560992898,-0.03635708494780777,-0.32727023082928614,-0.00037072,0.32930470310485266,0.00017264,1,1.0
2603,0.6069833826836588,0.25980987953535306,-0.00033195,2.301058337073141,3.47893708472098,53.23412532794244,-0.21789562370390278,19.07532846854948,-0.04593960525765017,-66.57100577666041,0.14951036861664863,-92.91856392932155,0.3196625855594684,42.13544603050433,-0.03635708494780777,-0.14798687673621203,-0.00037072,0.38193089042856876,0.00017264,1,1.0
2604,0.7512312463538873,0.22976123337398158,-0.00033195,2.301058337073141,3.47893708472098,-4.47245661122468,-0.21789562370390278,21.74608828637525,-0.04593960525765017,-70.56187444232951,0.14951036861664863,-94.98865121778566,0.3196625855594684,66.20225393118007,-0.03635708494780777,-0.253619322442834,-0.00037072,0.3070943460757596,0.00017264,1,1.0
2605,0.6750906092195371,0.1650254641595072,-0.00033195,2.301058337073141,3.47893708472098,-86.9931826011476,-0.21789562370390278,5.927839625384696,-0.04593960525765017,-18.71413998242277,0.14951036861664863,-21.246698435546378,0.3196625855594684,62.95760218378967,-0.03635708494780777,-0.18777561655017022,-0.00037072,0.1888213979591768,0.00017264,1,1.0
2606,0.27193570530520744,0.07292379559848317,-0.00033195,2.301058337073141,3.47893708472098,-54.761835162903104,-0.21789562370390278,4.499224326841396,-0.04593960525765017,-92.5686471192605,0.14951036861664863,57.89148871126557,0.3196625855594684,81.99794567722347,-0.03635708494780777,-0.13119373684344704,-0.00037072,0.1447285118311279,0.00017264,1,1.0
2607,0.5441428328802906,0.07104394405493743,-0.00033195,2.301058337073141,3.47893708472098,-7.92520839195573,-0.21789562370390278,10.132359809895286,-0.04593960525765017,-33.38071686160683,0.14951036861664863,-74.1385725157484,0.3196625855594684,46.95222520477473,-0.03635708494780777,-0.16498303634297107,-0.00037072,0.16508220772935656,0.00017264,1,1.0
2608,0.14883388666182196,0.19952294280984967,-0.00033195,2.301058337073141,3.47893708472098,-7.511042721547487,-0.21789562370390278,14.57425777674481,-0.04593960525765017,-42.347092782751325,0.14951036861664863,-11.480658718545897,0.3196625855594684,17.600885222280688,-0.03635708494780777,-0.25033877682067923,-0.00037072,0.25160192925071506,0.00017264,1,1.0
2609,0.03985179130038097,0.46370201515198906,-0.00033195,2.301058337073141,3.47893708472098,-32.78481176466689,-0.21789562370390278,11.707224950010342,-0.04593960525765017,-19.22832112191993,0.14951036861664863,21.23485271744322,0.3196625855594684,1.7169765421500969,-0.03635708494780777,-0.37811790407959983,-0.00037072,0.3792749960005965,0.00017264,1,1.0
2610,0.2940049378866872,0.02134331940023912,-0.00033195,2.301058337073141,3.47893708472098,-76.2135932072548,-0.21789562370390278,6.285668998316412,-0.04593960525765017,-76.99510201196318,0.14951036861664863,61.7456954911009,0.3196625855594684,73.42569912911091,-0.03635708494780777,-0.0884493279278329,-0.00037072,0.08938822136101067,0.00017264,1,1.0
2611,0.5096778289513104,0.41978217723843936,-0.00033195,2.301058337073141,3.47893708472098,-22.466993442033697,-0.21789562370390278,2.3574946876286473,-0.04593960525765017,-95.58726079796155,0.14951036861664863,89.60866796964557,0.3196625855594684,77.77330649348734,-0.03635708494780777,0.04506543111545863,-0.00037072,0.4888674223017239,0.00017264,0,1.0
2612,0.5453764968671071,1.6170512259274352,-0.00033195,2.301058337073141,3.47893708472098,69.23596906532177,-0.21789562370390278,-13.961840160322453,-0.04593960525765017,-10.613450834630669,0.14951036861664863,79.469462436633,0.3196625855594684,10.38728555815574,-0.03635708494780777,-0.08659981806074957,-0.00037072,1.217370199810262,0.00017264,1,1.0
2613,0.07258711251685801,0.6276931774565353,-0.00033195,2.301058337073141,3.47893708472098,-36.213755016996,-0.21789562370390278,20.403386195366224,-0.04593960525765017,-97.13798350662478,0.14951036861664863,93.05272240461765,0.3196625855594684,34.349188492369,-0.03635708494780777,-0.30462160428899565,-0.00037072,0.5280295607240163,0.00017264,1,1.0
2614,0.09124314017851887,0.08961920772490456,-0.00033195,2.301058337073141,3.47893708472098,48.88665726040876,-0.21789562370390278,11.783011078797152,-0.04593960525765017,-31.264075537187317,0.14951036861664863,-57.594153378307155,0.3196625855594684,2.685724705830015,-0.03635708494780777,-0.19451812092086554,-0.00037072,0.20573274323168447,0.00017264,1,1.0
2615,-2.906789348022798e-05,0.10442582251622239,-0.00033195,2.301058337073141,3.47893708472098,29.30371900253681,-0.21789562370390278,10.891529963720021,-0.04593960525765017,-75.02034459948581,0.14951036861664863,45.87806186044893,0.3196625855594684,19.547048524729476,-0.03635708494780777,0.0507751278809775,-0.00037072,0.19803377585587212,0.00017264,0,1.0
2616,-0.0007766322025910821,0.2596936419634852,-0.00033195,2.301058337073141,3.47893708472098,51.624616645052704,-0.21789562370390278,2.2663614956351466,-0.04593960525765017,-11.463469452439615,0.14951036861664863,60.6978012186271,0.3196625855594684,-27.380439758020632,-0.03635708494780777,0.08599679663448459,-0.00037072,0.48984270092355475,0.00017264,0,1.0
2617,0.7850118393146273,0.7548460672525235,-0.00033195,2.301058337073141,3.47893708472098,-47.23137394809658,-0.21789562370390278,-7.575181510396105,-0.04593960525765017,-38.065928140990884,0.14951036861664863,11.682868022021015,0.3196625855594684,85.97842942658635,-0.03635708494780777,-0.20041021662684047,-0.00037072,0.5287507924637977,0.00017264,1,1.0
2618,1.0538708230982858,0.6290131197019377,-0.00033195,2.301058337073141,3.47893708472098,54.247043403669764,-0.21789562370390278,13.46384318543746,-0.04593960525765017,-86.60153872087987,0.14951036861664863,-25.775846641341403,0.3196625855594684,68.17618544367775,-0.03635708494780777,0.19377179469990313,-0.00037072,0.6936943770146413,0.00017264,0,1.0
2619,0.9443160506437485,0.7617378216413523,-0.00033195,2.301058337073141,3.47893708472098,35.12893666632462,-0.21789562370390278,7.534187323179336,-0.04593960525765017,-100.0,0.14951036861664863,66.68486062823573,0.3196625855594684,71.56039996750576,-0.03635708494780777,0.2234925812155285,-0.00037072,0.885500678284543,0.00017264,0,1.0
2620,0.24998574476570778,0.16790816534520053,-0.00033195,2.301058337073141,3.47893708472098,53.20399472945075,-0.21789562370390278,16.95690219505807,-0.04593960525765017,-71.339157447601,0.14951036861664863,-33.392073741298674,0.3196625855594684,23.847797204683463,-0.03635708494780777,-0.09251892926291352,-0.00037072,0.3087558193809318,0.00017264,1,1.0
2621,0.27817842784863805,0.2667654103602241,-0.00033195,2.301058337073141,3.47893708472098,40.40486611360244,-0.21789562370390278,6.14354255344154,-0.04593960525765017,-67.28595538738647,0.14951036861664863,39.485621066047095,0.3196625855594684,29.239892236512762,-0.03635708494780777,0.08559820736427956,-0.00037072,0.4175693001787193,0.00017264,0,1.0
2622,0.0010490494187195996,0.16932238264193833,-0.00033195,2.301058337073141,3.47893708472098,-18.094606031159454,-0.21789562370390278,-0.06093660635687895,-0.04593960525765017,-18.034198153466935,0.14951036861664863,71.27677241431677,0.3196625855594684,4.549574482734249,-0.03635708494780777,-0.05839383436215395,-0.00037072,0.2936646489884627,0.00017264,1,1.0
2623,0.11800822062860702,0.03970130549878927,-0.00033195,2.301058337073141,3.47893708472098,-19.748791903320907,-0.21789562370390278,5.133537570479291,-0.04593960525765017,-18.684915334100253,0.14951036861664863,3.867244041168538,0.3196625855594684,15.706092747932209,-0.03635708494780777,-0.11088812531381186,-0.00037072,0.11015506225941817,0.00017264,1,1.0
2624,0.00010622396919959809,0.025416922808176305,-0.00033195,2.301058337073141,3.47893708472098,-0.19178453969860842,-0.21789562370390278,3.3204890787299917,-0.04593960525765017,-32.793781579806,0.14951036861664863,22.68378123183871,0.3196625855594684,15.225138871504809,-0.03635708494780777,-0.016932412817387672,-0.00037072,0.062235865907054995,0.00017264,1,1.0
2625,-0.00079074128090173,0.25151258004452054,-0.00033195,2.301058337073141,3.47893708472098,94.19867921015211,-0.21789562370390278,9.2511233420508,-0.04593960525765017,-4.623939289002271,0.14951036861664863,17.463168167675242,0.3196625855594684,-50.95490999725548,-0.03635708494780777,0.1464984768750234,-0.00037072,0.48756214331507075,0.00017264,0,1.0
2626,0.0006222380957633389,0.14156850174138272,-0.00033195,2.301058337073141,3.47893708472098,81.3199339140768,-0.21789562370390278,14.6064359873883,-0.04593960525765017,-60.48936497555342,0.14951036861664863,1.1008323484859046,0.3196625855594684,-7.117309715445959,-0.03635708494780777,0.060117161944001046,-0.00037072,0.28887167475677544,0.00017264,0,1.0
2627,0.4785275745124223,0.03765651936967564,-0.00033195,2.301058337073141,3.47893708472098,-25.584257468181068,-0.21789562370390278,3.6691995583691064,-0.04593960525765017,-16.512818290298,0.14951036861664863,-47.61584201514923,0.3196625855594684,43.12326213112863,-0.03635708494780777,-0.08173381857869465,-0.00037072,0.08180009271080264,0.00017264,1,1.0
2628,0.0003826220625794269,0.16567603029749087,-0.00033195,2.301058337073141,3.47893708472098,1.604314208389453,-0.21789562370390278,1.602360037093061,-0.04593960525765017,-40.65444025451039,0.14951036861664863,84.79354173061938,0.3196625855594684,9.68846387629448,-0.03635708494780777,0.04515179597493771,-0.00037072,0.30820878373244487,0.00017264,0,1.0
2629,0.03884801237899311,0.0011267178901743175,-0.00033195,2.301058337073141,3.47893708472098,-31.84637238196063,-0.21789562370390278,0.6588035936010916,-0.04593960525765017,-30.519435296925625,0.14951036861664863,40.89451589398926,0.3196625855594684,26.613964520611244,-0.03635708494780777,-0.020750935054782788,-0.00037072,0.02103431935015524,0.00017264,1,1.0
2630,0.7430688153370429,0.11265261987067748,-0.00033195,2.301058337073141,3.47893708472098,-31.158660665901994,-0.21789562370390278,14.191914273788877,-0.04593960525765017,-57.88537758322471,0.14951036861664863,-75.14961910768777,0.3196625855594684,74.54420710711972,-0.03635708494780777,-0.20003964031201968,-0.00037072,0.1999962876133252,0.00017264,1,1.0
2631,0.6316399929538556,0.34462383781557626,-0.00033195,2.301058337073141,3.47893708472098,-56.50639860168854,-0.21789562370390278,-4.720764834640366,-0.04593960525765017,-35.62910991597757,0.14951036861664863,-11.344458196473138,0.3196625855594684,82.0641292233987,-0.03635708494780777,-0.24384093402298554,-0.00037072,0.2945497448485074,0.00017264,1,1.0
2632,0.9063472118176908,1.6345196470868952,-0.00033195,2.301058337073141,3.47893708472098,58.7737528087093,-0.21789562370390278,-8.109500638668049,-0.04593960525765017,-33.597309183302684,0.14951036861664863,81.63123663489733,0.3196625855594684,33.68084826013918,-0.03635708494780777,0.053342014483231615,-0.00037072,1.3179851917878187,0.00017264,0,1.0
2633,1.147514209910951,1.2603073100148663,-0.00033195,2.301058337073141,3.47893708472098,37.25691466615312,-0.21789562370390278,-2.0892889568176853,-0.04593960525765017,-25.085282050186116,0.14951036861664863,-28.773110464414994,0.3196625855594684,57.16475218511333,-0.03635708494780777,0.014355903106819834,-0.00037072,0.9269945080920476,0.00017264,0,1.0
2634,0.2814902288403586,0.31898656478624676,-0.00033195,2.301058337073141,3.47893708472098,-29.10251990323828,-0.21789562370390278,1.2403578546113536,-0.04593960525765017,-32.174934518830334,0.14951036861664863,81.01272510454437,0.3196625855594684,24.832658294876488,-0.03635708494780777,-0.01206449325098996,-0.00037072,0.45125307297022854,0.00017264,1,1.0
2635,0.2093298263972091,0.17152542152955402,-0.00033195,2.301058337073141,3.47893708472098,93.27453632523537,-0.21789562370390278,14.92235683479111,-0.04593960525765017,-40.92203135414125,0.14951036861664863,-51.16233363402064,0.3196625855594684,-8.48285168360271,-0.03635708494780777,0.04225245996930874,-0.00037072,0.32949960555200175,0.00017264,0,1.0
2636,-0.0002723821879178079,0.18329503281276088,-0.00033195,2.301058337073141,3.47893708472098,33.746718015585444,-0.21789562370390278,14.55683877374344,-0.04593960525765017,-79.24866975618934,0.14951036861664863,68.91947840229743,0.3196625855594684,9.161469605196835,-0.03635708494780777,0.07364957026326546,-0.00037072,0.33469362520693036,0.00017264,0,1.0
2637,0.28235075279771926,0.1992079938323736,-0.00033195,2.301058337073141,3.47893708472098,73.07474807898386,-0.21789562370390278,19.599439417235516,-0.04593960525765017,-69.23790620567097,0.14951036861664863,-49.48624145292123,0.3196625855594684,15.04122945940841,-0.03635708494780777,-0.06737590099158983,-0.00037072,0.35317709094686023,0.00017264,1,1.0
2638,0.21815570270415505,0.006986719177350697,-0.00033195,2.301058337073141,3.47893708472098,-37.67970640864652,-0.21789562370390278,4.353629910207253,-0.04593960525765017,-47.477935278380194,0.14951036861664863,22.42733010142099,0.3196625855594684,46.01046324648137,-0.03635708494780777,-0.05004152541899172,-0.00037072,0.050163770745943345,0.00017264,1,1.0
2639,0.3379751120096567,0.25258890823420765,-0.00033195,2.301058337073141,3.47893708472098,-81.80149785771259,-0.21789562370390278,-7.172396756965533,-0.04593960525765017,-62.63924538166723,0.14951036861664863,71.60873094241923,0.3196625855594684,88.11083637391052,-0.03635708494780777,-0.2291174186775997,-0.00037072,0.24196128069890835,0.00017264,1,1.0
2640,0.0010394045642588834,0.36964452826745753,-0.00033195,2.301058337073141,3.47893708472098,70.41083276577942,-0.21789562370390278,10.451788859165863,-0.04593960525765017,-6.816639504606656,0.14951036861664863,30.759713584389033,0.3196625855594684,-46.056739681091486,-0.03635708494780777,0.034631020215101394,-0.00037072,0.5503558706058209,0.00017264,0,1.0
2641,1.1010317871522846,0.4808541490570442,-0.00033195,2.301058337073141,3.47893708472098,44.14940571758465,-0.21789562370390278,19.951140215481587,-0.04593960525765017,-91.97024413353658,0.14951036861664863,-78.90605063258054,0.3196625855594684,78.00632623832908,-0.03635708494780777,0.0896148600806621,-0.00037072,0.5290747450557541,0.00017264,0,1.0
2642,0.08295679705324446,0.01292820101458216,-0.00033195,2.301058337073141,3.47893708472098,-52.898187608315915,-0.21789562370390278,-2.528167942003066,-0.04593960525765017,-23.234242256483395,0.14951036861664863,54.16894561324268,0.3196625855594684,32.50092801631112,-0.03635708494780777,-0.07193943809663,-0.00037072,0.07197104095458348,0.00017264,1,1.0
2643,0.6174741780535612,0.8075949416947206,-0.00033195,2.301058337073141,3.47893708472098,87.84331115542037,-0.21789562370390278,-0.6485331533742706,-0.04593960525765017,-21.0665543452863,0.14951036861664863,34.15706680677845,0.3196625855594684,0.45914080841994886,-0.03635708494780777,0.14137743343674997,-0.00037072,0.9657367667854815,0.00017264,0,1.0
2644,0.35371083576603707,0.24921878248649595,-0.00033195,2.301058337073141,3.47893708472098,26.87869741704416,-0.21789562370390278,4.585194861441905,-0.04593960525765017,-47.27563005698976,0.14951036861664863,-2.9376299191982547,0.3196625855594684,33.16674706029428,-0.03635708494780777,-0.021413057782984884,-0.00037072,0.3407551736337504,0.00017264,1,1.0
2645,0.722295246250967,0.5475928449572074,-0.00033195,2.301058337073141,3.47893708472098,60.410072951827004,-0.21789562370390278,9.5394003311422,-0.04593960525765017,-99.92794353227828,0.14951036861664863,84.0765541465963,0.3196625855594684,47.14541088120496,-0.03635708494780777,0.28501279976596644,-0.00037072,0.871352722763612,0.00017264,0,1.0
2646,1.8837304063157312e-05,0.10706206629039118,-0.00033195,2.301058337073141,3.47893708472098,71.18516420910633,-0.21789562370390278,11.140154215849895,-0.04593960525765017,-27.32803838640383,0.14951036861664863,-40.75053961284873,0.3196625855594684,-14.254898760208567,-0.03635708494780777,-0.07317052581197123,-0.00037072,0.21964504445076558,0.00017264,1,1.0
2647,0.17351091722352374,0.136277825099637,-0.00033195,2.301058337073141,3.47893708472098,17.826460700573715,-0.21789562370390278,15.225389387961132,-0.04593960525765017,-99.00073136582249,0.14951036861664863,20.699330431020115,0.3196625855594684,46.82466736265411,-0.03635708494780777,-0.10409198048758289,-0.00037072,0.26553076987567265,0.00017264,1,1.0
2648,0.002583702697355028,0.043555783700134486,-0.00033195,2.301058337073141,3.47893708472098,30.280591831651368,-0.21789562370390278,7.446901345377379,-0.04593960525765017,-29.545463033925586,0.14951036861664863,-20.34229727452952,0.3196625855594684,4.234225515156134,-0.03635708494780777,-0.12343371338970116,-0.00037072,0.1365648598569864,0.00017264,1,1.0
2649,0.4770241628576869,0.035206307572641614,-0.00033195,2.301058337073141,3.47893708472098,-40.087336139351414,-0.21789562370390278,7.445981741242618,-0.04593960525765017,-49.81977596154071,0.14951036861664863,-19.517129020400912,0.3196625855594684,61.64901501897698,-0.03635708494780777,-0.10201979718073702,-0.00037072,0.10220459856465498,0.00017264,1,1.0
2650,0.25981315150777395,0.33620130617314575,-0.00033195,2.301058337073141,3.47893708472098,-90.11170948583153,-0.21789562370390278,5.547861907178532,-0.04593960525765017,-27.096265538285493,0.14951036861664863,52.04340804682768,0.3196625855594684,40.23406702521443,-0.03635708494780777,-0.33624425310559614,-0.00037072,0.3283021947528958,0.00017264,1,1.0
2651,0.7145958865294741,0.31772413509509867,-0.00033195,2.301058337073141,3.47893708472098,-55.38819195117952,-0.21789562370390278,20.456661965652742,-0.04593960525765017,-68.5799080325651,0.14951036861664863,-48.37209565279291,0.3196625855594684,72.84672996937445,-0.03635708494780777,-0.31011367235020587,-0.00037072,0.31450006093200794,0.00017264,1,1.0
2652,0.474948734130227,0.20526181553866052,-0.00033195,2.301058337073141,3.47893708472098,-11.533439190650942,-0.21789562370390278,21.206557951312867,-0.04593960525765017,-83.5416341572853,0.14951036861664863,-45.17614534135833,0.3196625855594684,59.15800737942397,-0.03635708494780777,-0.28677707510760786,-0.00037072,0.2896693127310036,0.00017264,1,1.0
2653,0.0009680042006345868,0.13503821280150424,-0.00033195,2.301058337073141,3.47893708472098,82.78348242455192,-0.21789562370390278,12.780421261003536,-0.04593960525765017,-53.17997463916183,0.14951036861664863,10.248307865788012,0.3196625855594684,-12.288544419746586,-0.03635708494780777,0.1435219146249122,-0.00037072,0.27195365998209936,0.00017264,0,1.0
2654,0.30305314791186255,0.2806717706045164,-0.00033195,2.301058337073141,3.47893708472098,46.58932317000431,-0.21789562370390278,2.5404383853520534,-0.04593960525765017,-9.345697805919777,0.14951036861664863,11.453190122506133,0.3196625855594684,-5.919734041998424,-0.03635708494780777,0.12034913836843852,-0.00037072,0.43537336033322094,0.00017264,0,1.0
2655,0.13639111216032562,0.14719831970051359,-0.00033195,2.301058337073141,3.47893708472098,77.06504913152338,-0.21789562370390278,10.549941078425356,-0.04593960525765017,-33.203631019390386,0.14951036861664863,-34.085179045929884,0.3196625855594684,-7.338329652859213,-0.03635708494780777,0.029181805559604646,-0.00037072,0.2798768945788577,0.00017264,0,1.0
2656,0.75013908810171,0.30972412226871904,-0.00033195,2.301058337073141,3.47893708472098,56.94666430470158,-0.21789562370390278,20.435390049239725,-0.04593960525765017,-80.76703161994476,0.14951036861664863,-77.86834509323585,0.3196625855594684,51.20726652318138,-0.03635708494780777,-0.01195882438057394,-0.00037072,0.4366134444308991,0.00017264,1,1.0
2657,0.0005258031642701999,0.14589008899432335,-0.00033195,2.301058337073141,3.47893708472098,92.31249423476208,-0.21789562370390278,12.875399265346122,-0.04593960525765017,-67.60870929575195,0.14951036861664863,58.25107580673943,0.3196625855594684,-15.336469407002797,-0.03635708494780777,0.2905503686033414,-0.00037072,0.3895389917286489,0.00017264,0,1.0
2658,0.005974511190044884,0.6529362702901684,-0.00033195,2.301058337073141,3.47893708472098,96.46152660941779,-0.21789562370390278,32.79311469239311,-0.04593960525765017,-76.43632165500824,0.14951036861664863,-87.88431382279317,0.3196625855594684,-12.548649364274281,-0.03635708494780777,-0.45471137729283095,-0.00037072,0.48662302468809504,0.00017264,1,1.0
2659,0.3162169329450982,0.1062293961281284,-0.00033195,2.301058337073141,3.47893708472098,26.043648941067104,-0.21789562370390278,13.497093604347615,-0.04593960525765017,-47.16143725664327,0.14951036861664863,-66.73449510562877,0.3196625855594684,30.321269992048222,-0.03635708494780777,-0.2284549460090776,-0.00037072,0.23003105934156468,0.00017264,1,1.0
2660,0.18334455436002248,0.005729863346861904,-0.00033195,2.301058337073141,3.47893708472098,-45.648757876859975,-0.21789562370390278,0.1624448203575967,-0.04593960525765017,-27.512270906789258,0.14951036861664863,29.97091497572634,0.3196625855594684,37.47720010186137,-0.03635708494780777,-0.02463956461622175,-0.00037072,0.02483677297242396,0.00017264,1,1.0
2661,0.033510196967221795,0.16386745857876006,-0.00033195,2.301058337073141,3.47893708472098,33.414177622330484,-0.21789562370390278,16.95127474094944,-0.04593960525765017,-53.546610424013785,0.14951036861664863,-29.482765551019305,0.3196625855594684,8.055652976600202,-0.03635708494780777,-0.24360704311887416,-0.00037072,0.24421291480890506,0.00017264,1,1.0
2662,1.1518741264349033,0.6981047044198209,-0.00033195,2.301058337073141,3.47893708472098,3.6338071432576156,-0.21789562370390278,28.06303823834786,-0.04593960525765017,-98.84140254493822,0.14951036861664863,-17.196427826186945,0.3196625855594684,70.04858652408183,-0.03635708494780777,0.1461690397423489,-0.00037072,0.6729224893151404,0.00017264,0,1.0
2663,0.17477609819380546,0.025830713051912837,-0.00033195,2.301058337073141,3.47893708472098,20.277343873488043,-0.21789562370390278,6.662993581335895,-0.04593960525765017,-10.593912157515483,0.14951036861664863,-50.169913046785574,0.3196625855594684,6.693211810191285,-0.03635708494780777,-0.10909160089704133,-0.00037072,0.11024490256694496,0.00017264,1,1.0
2664,0.00019172560602687128,0.058894287173054255,-0.00033195,2.301058337073141,3.47893708472098,49.80655093551355,-0.21789562370390278,8.17421088885201,-0.04593960525765017,-17.526132290302204,0.14951036861664863,-46.396351927654905,0.3196625855594684,-7.794349065792096,-0.03635708494780777,-0.14839134827626568,-0.00037072,0.16227648851244794,0.00017264,1,1.0
2665,1.0474128771893652,0.6763520625771389,-0.00033195,2.301058337073141,3.47893708472098,-9.769554300870244,-0.21789562370390278,5.020892705204077,-0.04593960525765017,-68.93852694677796,0.14951036861664863,-13.172284644091771,0.3196625855594684,89.06975693083855,-0.03635708494780777,0.038778161928610166,-0.00037072,0.5721671504702641,0.00017264,0,1.0
2666,0.585480364656114,0.22531856213372,-0.00033195,2.301058337073141,3.47893708472098,59.984068359977385,-0.21789562370390278,17.58576051000338,-0.04593960525765017,-47.01709776971344,0.14951036861664863,-94.91650844904223,0.3196625855594684,26.36525351915288,-0.03635708494780777,-0.054712703227447285,-0.00037072,0.34306909986970757,0.00017264,1,1.0
2667,-0.00047101457363699084,0.11898825963484844,-0.00033195,2.301058337073141,3.47893708472098,-15.605233373917299,-0.21789562370390278,1.6510319657440102,-0.04593960525765017,-55.169218026010086,0.14951036861664863,91.66644104040446,0.3196625855594684,25.848544001714124,-0.03635708494780777,0.04273565945604958,-0.00037072,0.21382171592514365,0.00017264,0,1.0
2668,0.000671106816143241,0.26322760419711666,-0.00033195,2.301058337073141,3.47893708472098,86.63571864293051,-0.21789562370390278,11.899598343509021,-0.04593960525765017,-30.069255530662787,0.14951036861664863,45.50894903467091,0.3196625855594684,-39.05034181911038,-0.03635708494780777,0.15518963855630116,-0.00037072,0.533280584750415,0.00017264,0,1.0
2669,0.9916965967179927,0.8661955894814728,-0.00033195,2.301058337073141,3.47893708472098,-22.690780380845172,-0.21789562370390278,-5.440586387275279,-0.04593960525765017,-17.498763108799512,0.14951036861664863,-47.11305811187936,0.3196625855594684,77.4058130804323,-0.03635708494780777,-0.18045918032656144,-0.00037072,0.5758504584390292,0.00017264,1,1.0
2670,0.7209951941029797,0.06429689231837704,-0.00033195,2.301058337073141,3.47893708472098,-57.616242039925716,-0.21789562370390278,5.522113954293194,-0.04593960525765017,-23.570309966039108,0.14951036861664863,-54.02896659232403,0.3196625855594684,66.51893426615517,-0.03635708494780777,-0.06018147088796409,-0.00037072,0.060146374525894816,0.00017264,1,1.0
2671,0.2963479387438175,0.24041848222589685,-0.00033195,2.301058337073141,3.47893708472098,-55.3737314741927,-0.21789562370390278,-6.053460625851538,-0.04593960525765017,-42.08888565883575,0.14951036861664863,71.77997678086882,0.3196625855594684,58.49756947527816,-0.03635708494780777,-0.09608229672154853,-0.00037072,0.2811819611438382,0.00017264,1,1.0
2672,0.12032770536359305,0.14809018962362674,-0.00033195,2.301058337073141,3.47893708472098,74.92425226880295,-0.21789562370390278,15.62410265586598,-0.04593960525765017,-39.01729655970987,0.14951036861664863,-54.39015930256393,0.3196625855594684,-7.152686233603161,-0.03635708494780777,-0.081502548328755,-0.00037072,0.2739757915556281,0.00017264,1,1.0
2673,0.8186820653327282,0.172151935038592,-0.00033195,2.301058337073141,3.47893708472098,-47.55281190223725,-0.21789562370390278,13.747106475437512,-0.04593960525765017,-28.928288327033457,0.14951036861664863,-87.76136769730684,0.3196625855594684,63.158248150041366,-0.03635708494780777,-0.195604063808714,-0.00037072,0.1918947524029683,0.00017264,1,1.0
2674,0.10923284732463734,0.11360826517515578,-0.00033195,2.301058337073141,3.47893708472098,39.48590783622259,-0.21789562370390278,13.015560585340003,-0.04593960525765017,-54.86415877496446,0.14951036861664863,-37.728776901813696,0.3196625855594684,18.86724691070642,-0.03635708494780777,-0.2116385704714716,-0.00037072,0.23372445806598463,0.00017264,1,1.0
2675,0.35294234931364993,0.09927897488520256,-0.00033195,2.301058337073141,3.47893708472098,-13.888303076629747,-0.21789562370390278,13.254065286661577,-0.04593960525765017,-88.12770924066713,0.14951036861664863,-8.815819200597533,0.3196625855594684,65.92441860595235,-0.03635708494780777,-0.20821438496965028,-0.00037072,0.21996004030078298,0.00017264,1,1.0
2676,0.1036586655439301,0.07391038412573703,-0.00033195,2.301058337073141,3.47893708472098,-33.6944873939954,-0.21789562370390278,6.549189041121289,-0.04593960525765017,-99.75234191985177,0.14951036861664863,76.96926092050384,0.3196625855594684,66.33570727068933,-0.03635708494780777,-0.07667137479112018,-0.00037072,0.1496140178493069,0.00017264,1,1.0
2677,0.4729520805955463,0.5354716046156659,-0.00033195,2.301058337073141,3.47893708472098,89.95191305275563,-0.21789562370390278,3.4203089188454228,-0.04593960525765017,-36.4491030445415,0.14951036861664863,20.050899270924006,0.3196625855594684,2.9584268503436677,-0.03635708494780777,0.14558547975230285,-0.00037072,0.7535435383269783,0.00017264,0,1.0
2678,0.5013081590628837,0.13629606288616747,-0.00033195,2.301058337073141,3.47893708472098,-21.725371332166613,-0.21789562370390278,18.31235486765893,-0.04593960525765017,-87.44340832383341,0.14951036861664863,-34.170606139519855,0.3196625855594684,69.67953724721934,-0.03635708494780777,-0.24781864946327437,-0.00037072,0.24778851127502266,0.00017264,1,1.0
2679,0.0005548568925850539,0.3175287163012105,-0.00033195,2.301058337073141,3.47893708472098,80.23669880029483,-0.21789562370390278,6.641734792351768,-0.04593960525765017,-30.356949561703654,0.14951036861664863,89.82748069992768,0.3196625855594684,-37.07955769080843,-0.03635708494780777,0.1593815936400811,-0.00037072,0.6967082478752455,0.00017264,0,1.0
2680,2.3985578395113727e-06,0.07796121747285702,-0.00033195,2.301058337073141,3.47893708472098,19.026276085195732,-0.21789562370390278,7.451127288794399,-0.04593960525765017,-53.07913680007358,0.14951036861664863,35.13493619464388,0.3196625855594684,14.286041389195303,-0.03635708494780777,0.04435730367549711,-0.00037072,0.13543109304303652,0.00017264,0,1.0
2681,0.0011353986610078727,0.16111804607040325,-0.00033195,2.301058337073141,3.47893708472098,-8.149207676693113,-0.21789562370390278,-0.16017283288016373,-0.04593960525765017,-42.803795901568726,0.14951036861664863,91.41432402599916,0.3196625855594684,16.66019088347729,-0.03635708494780777,0.028202210097283686,-0.00037072,0.2919235005867886,0.00017264,0,1.0
2682,0.19611240594696738,0.04883294989221112,-0.00033195,2.301058337073141,3.47893708472098,7.886739883502853,-0.21789562370390278,9.584884820161406,-0.04593960525765017,-46.21714337342944,0.14951036861664863,-25.601006720199567,0.3196625855594684,29.563254308960317,-0.03635708494780777,-0.1560129177104666,-0.00037072,0.15614100671736214,0.00017264,1,1.0
2683,0.3909867219651222,0.24274110442952346,-0.00033195,2.301058337073141,3.47893708472098,18.218631146817547,-0.21789562370390278,0.5304506485942658,-0.04593960525765017,-15.94443215146745,0.14951036861664863,-31.986160179535684,0.3196625855594684,26.40177291323272,-0.03635708494780777,-0.08558815366310649,-0.00037072,0.3021134247327638,0.00017264,1,1.0
2684,0.04485010443864712,1.1284306372365225,-0.00033195,2.301058337073141,3.47893708472098,68.96917292818459,-0.21789562370390278,33.09898346973354,-0.04593960525765017,-37.183018663823276,0.14951036861664863,-94.64604807220725,0.3196625855594684,-32.41622532505657,-0.03635708494780777,-0.5710175838418138,-0.00037072,0.5773953690088355,0.00017264,1,1.0
2685,1.6545533154796992,2.477627651121999,-0.00033195,2.301058337073141,3.47893708472098,74.41384952146942,-0.21789562370390278,-3.3225227656373657,-0.04593960525765017,-38.55397166300168,0.14951036861664863,42.704633005649484,0.3196625855594684,57.94712507728618,-0.03635708494780777,0.2028084104227772,-0.00037072,1.7057649784295816,0.00017264,0,1.0
2686,0.44577003074974264,0.022090395196529646,-0.00033195,2.301058337073141,3.47893708472098,-53.460000078109644,-0.21789562370390278,4.229230714077632,-0.04593960525765017,-41.13821074741504,0.14951036861664863,-2.239724117978246,0.3196625855594684,60.22547441780721,-0.03635708494780777,-0.044535064086441575,-0.00037072,0.044834896626393936,0.00017264,1,1.0
2687,0.11318992602525965,0.16173917113623643,-0.00033195,2.301058337073141,3.47893708472098,-20.984535247755723,-0.21789562370390278,-3.559759832649405,-0.04593960525765017,-39.88239292974273,0.14951036861664863,36.00970837661422,0.3196625855594684,41.97201751464882,-0.03635708494780777,-0.17848517548500992,-0.00037072,0.2158756105959807,0.00017264,1,1.0
2688,-0.0024622126695335034,1.6249235205840735,-0.00033195,2.301058337073141,3.47893708472098,79.53860346570777,-0.21789562370390278,36.76378896694903,-0.04593960525765017,-78.2911521400363,0.14951036861664863,31.615636047846568,0.3196625855594684,-40.714438517432285,-0.03635708494780777,-0.35005413139027164,-0.00037072,0.9512222781570363,0.00017264,1,1.0
2689,4.259500213599221e-06,0.06789461801554457,-0.00033195,2.301058337073141,3.47893708472098,-8.857309994202186,-0.21789562370390278,7.292399186490089,-0.04593960525765017,-81.71256571373843,0.14951036861664863,69.57413749137325,0.3196625855594684,39.67433139845875,-0.03635708494780777,0.0027812466847424444,-0.00037072,0.12963654670427532,0.00017264,0,1.0
2690,0.002568971747545251,0.19046545747191831,-0.00033195,2.301058337073141,3.47893708472098,10.592966435383559,-0.21789562370390278,3.2021044543139476,-0.04593960525765017,-40.127089349975925,0.14951036861664863,84.21562642701183,0.3196625855594684,3.2988479872367837,-0.03635708494780777,0.054640216489749094,-0.00037072,0.35699857539537155,0.00017264,0,1.0
2691,-0.0006791928600275859,0.048824958826142774,-0.00033195,2.301058337073141,3.47893708472098,-42.50453500232003,-0.21789562370390278,-2.2000622535259904,-0.04593960525765017,-28.697736268755325,0.14951036861664863,71.80634961777355,0.3196625855594684,25.669606868185593,-0.03635708494780777,-0.05955617020098419,-0.00037072,0.12208355886979386,0.00017264,1,1.0
2692,0.2663805595472867,0.21595064071607217,-0.00033195,2.301058337073141,3.47893708472098,70.8579290120453,-0.21789562370390278,10.02213217834097,-0.04593960525765017,-58.97045935516191,0.14951036861664863,20.66396529777861,0.3196625855594684,8.451368135157198,-0.03635708494780777,0.19331852301576202,-0.00037072,0.4089710448055339,0.00017264,0,1.0
2693,0.00012136438180965214,0.03622850113765062,-0.00033195,2.301058337073141,3.47893708472098,-21.42711919880703,-0.21789562370390278,6.597090733186301,-0.04593960525765017,-77.05768985567823,0.14951036861664863,63.77493699864424,0.3196625855594684,42.99216507043754,-0.03635708494780777,-0.05251254108293439,-0.00037072,0.09757998927722271,0.00017264,1,1.0
2694,0.25767032667322454,0.02894630892675852,-0.00033195,2.301058337073141,3.47893708472098,-51.879349639689075,-0.21789562370390278,2.4719098041993313,-0.04593960525765017,-24.793003967789094,0.14951036861664863,19.624859963407957,0.3196625855594684,38.10966363505449,-0.03635708494780777,-0.08929664657910807,-0.00037072,0.08986726102893908,0.00017264,1,1.0
2695,0.001962169282780979,0.14264493578582924,-0.00033195,2.301058337073141,3.47893708472098,-39.589782710284965,-0.21789562370390278,-6.937425363805179,-0.04593960525765017,-29.754732592927677,0.14951036861664863,88.03566997911494,0.3196625855594684,30.66106736317855,-0.03635708494780777,-0.09329263008370017,-0.00037072,0.22454132159661563,0.00017264,1,1.0
2696,0.4534632938424723,0.29300410865712007,-0.00033195,2.301058337073141,3.47893708472098,-23.657205896277635,-0.21789562370390278,-4.707303373987708,-0.04593960525765017,-12.189776031387689,0.14951036861664863,7.456256624773445,0.3196625855594684,40.869514164914015,-0.03635708494780777,-0.07623655101805477,-0.00037072,0.3158243933129727,0.00017264,1,1.0
2697,0.8003734020440357,1.0998950507288656,-0.00033195,2.301058337073141,3.47893708472098,-4.86955494978615,-0.21789562370390278,-6.949090458072081,-0.04593960525765017,-45.00929254497136,0.14951036861664863,87.94483101388137,0.3196625855594684,58.17946347152051,-0.03635708494780777,0.012293249720021382,-0.00037072,0.9435587889693238,0.00017264,0,1.0
2698,0.3670956793246193,0.11279163264256012,-0.00033195,2.301058337073141,3.47893708472098,-89.89929881165006,-0.21789562370390278,4.749859476024795,-0.04593960525765017,-45.5271277945343,0.14951036861664863,47.52238973127862,0.3196625855594684,61.37248484855984,-0.03635708494780777,-0.19120519441093975,-0.00037072,0.1917365207353297,0.00017264,1,1.0
2699,0.3742076435496572,0.23877088085761505,-0.00033195,2.301058337073141,3.47893708472098,69.01334069545537,-0.21789562370390278,21.178782576269256,-0.04593960525765017,-69.1087260159097,0.14951036861664863,-80.59758448709168,0.3196625855594684,23.834533064503777,-0.03635708494780777,-0.18567687027460938,-0.00037072,0.3737501493069348,0.00017264,1,1.0
2700,0.017781575200314585,0.00031592683831034064,-0.00033195,2.687540073637388,7.505384807007876,-53.079031370957445,-0.21789562370390278,11.399099120573888,-0.04593960525765017,-93.4295126075823,0.14951036861664863,-22.43168698505264,0.3196625855594684,55.68136535627967,-0.03635708494780777,-0.01072281084065211,-0.00037072,0.010727100489409964,0.00017264,1,1.0
2701,0.017035897101282345,0.0026908310105025293,-0.00033195,2.687540073637388,7.505384807007876,-39.13832939320328,-0.21789562370390278,-8.946697236833105,-0.04593960525765017,-26.495681408751885,0.14951036861664863,-65.6155570293897,0.3196625855594684,48.49914410254841,-0.03635708494780777,-0.01841176222400784,-0.00037072,0.018411817914254978,0.00017264,1,1.0
2702,0.057404439252880926,0.005066253337398586,-0.00033195,2.687540073637388,7.505384807007876,-71.90811016355043,-0.21789562370390278,22.127469479281974,-0.04593960525765017,-51.14898684997172,0.14951036861664863,22.402968955176657,0.3196625855594684,23.769260218715026,-0.03635708494780777,-0.02569664400115986,-0.00037072,0.025739518133187568,0.00017264,1,1.0
2703,0.0002371474070411439,0.011590959357037878,-0.00033195,2.687540073637388,7.505384807007876,89.53292606923863,-0.21789562370390278,16.39822945374096,-0.04593960525765017,-87.49329248457252,0.14951036861664863,-0.2836784860154906,0.3196625855594684,6.131420742986551,-0.03635708494780777,-0.0015615606634261092,-0.00037072,0.024536361981133625,0.00017264,1,1.0
2704,1.654428896903995e-05,0.0013540250832259652,-0.00033195,2.687540073637388,7.505384807007876,11.50318344575321,-0.21789562370390278,4.237854297112088,-0.04593960525765017,-9.774672548289335,0.14951036861664863,10.422052671692587,0.3196625855594684,-4.354273534944142,-0.03635708494780777,-0.002334906895386687,-0.00037072,0.004813999645051312,0.00017264,1,1.0
2705,6.375159879385729e-05,0.001055222836640716,-0.00033195,2.687540073637388,7.505384807007876,-4.693138642477887,-0.21789562370390278,-2.025305341569488,-0.04593960525765017,-22.657570291737155,0.14951036861664863,-39.116420602818756,0.3196625855594684,20.99522531855705,-0.03635708494780777,-0.009039180072186072,-0.00037072,0.009987553492518503,0.00017264,1,1.0
2706,0.00012128556830810072,0.002430945525397971,-0.00033195,2.687540073637388,7.505384807007876,15.103725542110674,-0.21789562370390278,8.302273215689258,-0.04593960525765017,-36.18031554904562,0.14951036861664863,-3.46510310790772,0.3196625855594684,5.242381600854109,-0.03635708494780777,-0.0035648845907320227,-0.00037072,0.008072460909337482,0.00017264,1,1.0
2707,0.03887408414473276,0.008306196980118617,-0.00033195,2.687540073637388,7.505384807007876,-41.77989279168876,-0.21789562370390278,35.447801009155874,-0.04593960525765017,-98.54380713987534,0.14951036861664863,-65.38802062553565,0.3196625855594684,26.31143129315081,-0.03635708494780777,-0.03255739116901594,-0.00037072,0.03252935135526342,0.00017264,1,1.0
2708,0.02165899195825835,3.1385282367472013e-05,-0.00033195,2.687540073637388,7.505384807007876,-43.474900045023006,-0.21789562370390278,4.915057703696687,-0.04593960525765017,-43.8976279794109,0.14951036861664863,-4.418466305969032,0.3196625855594684,33.875657830670434,-0.03635708494780777,-0.003887224334786908,-0.00037072,0.003887184988178756,0.00017264,1,1.0
2709,0.006756673335350998,6.287009192112356e-05,-0.00033195,2.687540073637388,7.505384807007876,6.1440788130699975,-0.21789562370390278,4.403090686117988,-0.04593960525765017,-8.780754722632135,0.14951036861664863,-88.11592886045243,0.3196625855594684,5.540047974257169,-0.03635708494780777,-0.004266230825961418,-0.00037072,0.0042695556764557885,0.00017264,1,1.0
2710,0.0004146855677551603,0.0035725729434484196,-0.00033195,2.687540073637388,7.505384807007876,4.079850656608253,-0.21789562370390278,13.975975617983854,-0.04593960525765017,-92.8560678040417,0.14951036861664863,-23.323340308820566,0.3196625855594684,34.14458685332833,-0.03635708494780777,-0.00950203242233347,-0.00037072,0.015768160489156306,0.00017264,1,1.0
2711,0.030705076814134286,0.0051032561705193075,-0.00033195,2.687540073637388,7.505384807007876,-34.35491183798333,-0.21789562370390278,28.251279053503527,-0.04593960525765017,-81.41769828522312,0.14951036861664863,-52.905771251850595,0.3196625855594684,22.92165290692662,-0.03635708494780777,-0.025622395476117475,-0.00037072,0.025603979938498247,0.00017264,1,1.0
2712,0.03383865257660151,0.003958175824480356,-0.00033195,2.687540073637388,7.505384807007876,-100.0,-0.21789562370390278,-11.812368656573206,-0.04593960525765017,-60.32069972160558,0.14951036861664863,51.921024288369445,0.3196625855594684,81.77979198290716,-0.03635708494780777,-0.020254203113262478,-0.00037072,0.020332354712499636,0.00017264,1,1.0
2713,0.13321120736471878,0.0337905757834884,-0.00033195,2.687540073637388,7.505384807007876,62.417338945663175,-0.21789562370390278,-3.354021910376153,-0.04593960525765017,-52.094453689240304,0.14951036861664863,63.692501058084495,0.3196625855594684,51.29309269061398,-0.03635708494780777,0.0025702223919175093,-0.00037072,0.0532238315043821,0.00017264,0,1.0
2714,0.06588663162763618,0.0003480211610570937,-0.00033195,2.687540073637388,7.505384807007876,-96.17402390092141,-0.21789562370390278,-2.1478467893587765,-0.04593960525765017,-8.585832977351862,0.14951036861664863,29.371298497757156,0.3196625855594684,44.332929855261355,-0.03635708494780777,-0.005250096832024741,-0.00037072,0.005248783721261173,0.00017264,1,1.0
2715,0.00041688317214239046,0.0009199793168541507,-0.00033195,2.687540073637388,7.505384807007876,-31.24799062637164,-0.21789562370390278,7.527839958425225,-0.04593960525765017,-84.00253507944505,0.14951036861664863,15.229986798913748,0.3196625855594684,44.00938354645016,-0.03635708494780777,-0.009275094549941024,-0.00037072,0.010457153010350377,0.00017264,1,1.0
2716,0.0003965561404078895,0.003758048587143294,-0.00033195,2.687540073637388,7.505384807007876,13.895879607626938,-0.21789562370390278,2.3072663612736055,-0.04593960525765017,-50.71574135371469,0.14951036861664863,-70.07618740665787,0.3196625855594684,29.231102152087225,-0.03635708494780777,-0.011440566288006482,-0.00037072,0.017106333599310262,0.00017264,1,1.0
2717,4.356789665566074e-06,0.005663701268935223,-0.00033195,2.687540073637388,7.505384807007876,38.23041590344192,-0.21789562370390278,8.805754594602488,-0.04593960525765017,-24.124616156519284,0.14951036861664863,84.39719895869224,0.3196625855594684,-14.965547971863174,-0.03635708494780777,-0.0020871557845257693,-0.00037072,0.012452456354526062,0.00017264,1,1.0
2718,-4.011908749254611e-06,0.0018064685047318079,-0.00033195,2.687540073637388,7.505384807007876,12.90166091841649,-0.21789562370390278,15.195914755201676,-0.04593960525765017,-58.50413183974253,0.14951036861664863,-84.0763764927767,0.3196625855594684,14.400117351359372,-0.03635708494780777,-0.011184942383358092,-0.00037072,0.013191569903611984,0.00017264,1,1.0
2719,5.4827893271935935e-05,0.00839775942890862,-0.00033195,2.687540073637388,7.505384807007876,22.579207691354572,-0.21789562370390278,31.147961988928568,-0.04593960525765017,-88.70662041251906,0.14951036861664863,-8.94999599714335,0.3196625855594684,-1.3108287270768852,-0.03635708494780777,-0.02449541423257824,-0.00037072,0.029369889000678696,0.00017264,1,1.0
2720,0.01196688559040205,0.00018084795231140978,-0.00033195,2.687540073637388,7.505384807007876,-37.926306723782346,-0.21789562370390278,9.044809069196683,-0.04593960525765017,-67.5878934169951,0.14951036861664863,-3.9727396845316885,0.3196625855594684,37.68732462140359,-0.03635708494780777,-0.007554948530766491,-0.00037072,0.007557523417317752,0.00017264,1,1.0
2721,0.006138120144381018,0.02007606543998717,-0.00033195,2.687540073637388,7.505384807007876,14.06154229929839,-0.21789562370390278,-10.975574832534637,-0.04593960525765017,-100.0,0.14951036861664863,-1.9645020297348552,0.3196625855594684,76.0697131064806,-0.03635708494780777,-0.030693498235436417,-0.00037072,0.049213753470395,0.00017264,1,1.0
2722,1.9009622794524672e-05,0.007825731704243444,-0.00033195,2.687540073637388,7.505384807007876,29.6013209876276,-0.21789562370390278,21.276562666353147,-0.04593960525765017,-95.1963208570478,0.14951036861664863,83.32129528802102,0.3196625855594684,9.518692029829193,-0.03635708494780777,-0.008365925866715232,-0.00037072,0.02104885245806004,0.00017264,1,1.0
2723,0.0002699183802525734,0.0030982329456954076,-0.00033195,2.687540073637388,7.505384807007876,-9.744154226931158,-0.21789562370390278,17.461584202317677,-0.04593960525765017,-69.8424814346793,0.14951036861664863,66.27058313073239,0.3196625855594684,10.665765875285219,-0.03635708494780777,-0.01389093481366506,-0.00037072,0.016485108312601665,0.00017264,1,1.0
2724,0.04711574398840974,0.001459715778006361,-0.00033195,2.687540073637388,7.505384807007876,-94.80261603897469,-0.21789562370390278,-4.03859764681954,-0.04593960525765017,-57.459631767201024,0.14951036861664863,-11.931672185331747,0.3196625855594684,74.85850381214226,-0.03635708494780777,-0.012328988924745439,-0.00037072,0.012381972472700412,0.00017264,1,1.0
2725,0.0005969505709901707,0.0013046337758187581,-0.00033195,2.687540073637388,7.505384807007876,13.021688136949251,-0.21789562370390278,5.505442321341779,-0.04593960525765017,-32.342701811621446,0.14951036861664863,-81.0547980584764,0.3196625855594684,14.213974390554398,-0.03635708494780777,-0.0067420302337959075,-0.00037072,0.009007213830813978,0.00017264,1,1.0
2726,-4.106807033055215e-05,0.007195515966350954,-0.00033195,2.687540073637388,7.505384807007876,67.30437490066907,-0.21789562370390278,21.135401800249298,-0.04593960525765017,-18.672620795182002,0.14951036861664863,-68.9860140358493,0.3196625855594684,-32.31269449625455,-0.03635708494780777,-0.01538955038483824,-0.00037072,0.022801678156112018,0.00017264,1,1.0
2727,9.631813208760276e-06,0.003887115241033326,-0.00033195,2.687540073637388,7.505384807007876,22.858108597337797,-0.21789562370390278,16.962941234843075,-0.04593960525765017,-66.83803816221725,0.14951036861664863,-35.31429920257152,0.3196625855594684,10.444163213382021,-0.03635708494780777,-0.009609756343709079,-0.00037072,0.015506524024138962,0.00017264,1,1.0
2728,0.15145566236370092,0.03296288642115765,-0.00033195,2.687540073637388,7.505384807007876,87.43112875545573,-0.21789562370390278,38.401005430358985,-0.04593960525765017,-64.62067236975138,0.14951036861664863,-48.76667898358625,0.3196625855594684,-0.350037002306262,-0.03635708494780777,0.0003126439526220763,-0.00037072,0.0510116150313268,0.00017264,0,1.0
2729,0.04593851769239965,0.0012886628074847003,-0.00033195,2.687540073637388,7.505384807007876,-50.09619003996817,-0.21789562370390278,11.608837507174359,-0.04593960525765017,-23.789172136262735,0.14951036861664863,-30.56302651884314,0.3196625855594684,20.779024682707266,-0.03635708494780777,-0.012975643754164575,-0.00037072,0.012975493641988732,0.00017264,1,1.0
2730,0.09895296913050264,0.023453479528022105,-0.00033195,2.687540073637388,7.505384807007876,77.36714624333644,-0.21789562370390278,29.308033603526805,-0.04593960525765017,-96.88972937199117,0.14951036861664863,10.163933967707205,0.3196625855594684,17.842716922403767,-0.03635708494780777,0.007910559168198538,-0.00037072,0.035732215036710605,0.00017264,0,1.0
2731,0.017670946357985107,0.00029007776273602703,-0.00033195,2.687540073637388,7.505384807007876,-42.75607397418315,-0.21789562370390278,-4.3685471277173376,-0.04593960525765017,-13.461095390557531,0.14951036861664863,44.525056735636085,0.3196625855594684,25.521321224381634,-0.03635708494780777,-0.0047891833950703365,-0.00037072,0.004781582758895099,0.00017264,1,1.0
2732,0.02153764422204557,0.007064143933698866,-0.00033195,2.687540073637388,7.505384807007876,-17.102155622907592,-0.21789562370390278,32.682232426357174,-0.04593960525765017,-86.92976761666523,0.14951036861664863,-67.10462968636813,0.3196625855594684,14.065432352598991,-0.03635708494780777,-0.029744700680172882,-0.00037072,0.02972706372012486,0.00017264,1,1.0
2733,0.03880831753832738,0.0001389918308232784,-0.00033195,2.687540073637388,7.505384807007876,-60.46729672806444,-0.21789562370390278,2.2634403627139172,-0.04593960525765017,-39.5769629801679,0.14951036861664863,-47.35684329163855,0.3196625855594684,47.100158023563466,-0.03635708494780777,-0.004826598602067869,-0.00037072,0.00482905311332142,0.00017264,1,1.0
2734,0.03018878071671259,3.4498508066089777e-05,-0.00033195,2.687540073637388,7.505384807007876,-52.84809831523101,-0.21789562370390278,1.6807369453306793,-0.04593960525765017,-24.939579720101225,0.14951036861664863,22.738454224310285,0.3196625855594684,29.812470102371766,-0.03635708494780777,-0.0013629783129839213,-0.00037072,0.001370196448229083,0.00017264,1,1.0
2735,0.05574344517667954,6.0695406014150686e-05,-0.00033195,2.687540073637388,7.505384807007876,-94.86576372728453,-0.21789562370390278,5.442964313173492,-0.04593960525765017,-60.366304582953774,0.14951036861664863,-5.654094530532482,0.3196625855594684,63.045708179490994,-0.03635708494780777,-0.0034768496286767207,-0.00037072,0.003478880448056525,0.00017264,1,1.0
2736,0.068243903990874,0.012082767894055211,-0.00033195,2.687540073637388,7.505384807007876,-51.073840864016745,-0.21789562370390278,29.14960087274859,-0.04593960525765017,-16.57601685307303,0.14951036861664863,-19.634037619706504,0.3196625855594684,-6.757314979372709,-0.03635708494780777,-0.038998427598735584,-0.00037072,0.03897864855710747,0.00017264,1,1.0
2737,0.04267651145228368,0.008025048815865247,-0.00033195,2.687540073637388,7.505384807007876,-9.364785504805777,-0.21789562370390278,26.621553715469854,-0.04593960525765017,-13.931983160336042,0.14951036861664863,-94.76989993378066,0.3196625855594684,-14.038509688575715,-0.03635708494780777,-0.03089607830782126,-0.00037072,0.030903267493146067,0.00017264,1,1.0
2738,0.0008958742253720037,0.014876607268540731,-0.00033195,2.687540073637388,7.505384807007876,24.646028883798103,-0.21789562370390278,-11.909051629853431,-0.04593960525765017,-58.3699033786329,0.14951036861664863,2.764235243435425,0.3196625855594684,48.599551928504205,-0.03635708494780777,-0.024556221982888277,-0.00037072,0.03974065336988908,0.00017264,1,1.0
2739,0.0027661963761426156,0.00237578221898342,-0.00033195,2.687540073637388,7.505384807007876,-56.043698052063306,-0.21789562370390278,-10.663547113313387,-0.04593960525765017,-42.85110977642329,0.14951036861664863,95.92269008269294,0.3196625855594684,48.32191092755732,-0.03635708494780777,-0.015809472767318256,-0.00037072,0.015847438856527896,0.00017264,1,1.0
2740,0.00011185499283563466,0.010457141124656299,-0.00033195,2.687540073637388,7.505384807007876,83.72511554993027,-0.21789562370390278,6.308144537064818,-0.04593960525765017,-48.94303103091627,0.14951036861664863,-2.584298619241293,0.3196625855594684,0.7349475513611181,-0.03635708494780777,-0.001467379008534806,-0.00037072,0.021912961528106196,0.00017264,1,1.0
2741,3.4009840424814586e-05,0.0066510785328330645,-0.00033195,2.687540073637388,7.505384807007876,-22.31344141793104,-0.21789562370390278,-14.929741558471509,-0.04593960525765017,-24.892292831146346,0.14951036861664863,99.4863235718724,0.3196625855594684,35.950731661245754,-0.03635708494780777,-0.01824929334516074,-0.00037072,0.023828311464544553,0.00017264,1,1.0
2742,0.00019759958011317247,0.004431534200590873,-0.00033195,2.687540073637388,7.505384807007876,38.286594495311995,-0.21789562370390278,20.067482085547066,-0.04593960525765017,-60.1178876227309,0.14951036861664863,-91.63779061383816,0.3196625855594684,2.532970472340354,-0.03635708494780777,-0.012439365316064885,-0.00037072,0.018172325727393517,0.00017264,1,1.0
2743,0.09324575304323934,0.017339637331217857,-0.00033195,2.687540073637388,7.505384807007876,-93.7967051983584,-0.21789562370390278,28.548917151662817,-0.04593960525765017,-3.3341950817722417,0.14951036861664863,97.8584673037838,0.3196625855594684,-7.24492361287354,-0.03635708494780777,-0.04848017221711675,-0.00037072,0.048544704584607544,0.00017264,1,1.0
2744,0.018945355145537177,0.011813741954444673,-0.00033195,2.687540073637388,7.505384807007876,24.019876535969416,-0.21789562370390278,-6.562069284846801,-0.04593960525765017,-45.83887628125551,0.14951036861664863,-4.045974106818144,0.3196625855594684,37.75065929246695,-0.03635708494780777,-0.014421082396096496,-0.00037072,0.031014498119843345,0.00017264,1,1.0
2745,0.01364965997599496,0.0014063364077834856,-0.00033195,2.687540073637388,7.505384807007876,-76.47064037134353,-0.21789562370390278,0.40138590304860366,-0.04593960525765017,-97.90297934410368,0.14951036861664863,48.27845449991198,0.3196625855594684,74.57032793310833,-0.03635708494780777,-0.014298956114914697,-0.00037072,0.014332368044492477,0.00017264,1,1.0
2746,0.0009375660162416616,0.000838867931974295,-0.00033195,2.687540073637388,7.505384807007876,9.252049085728732,-0.21789562370390278,10.870831484372284,-0.04593960525765017,-45.4879525180294,0.14951036861664863,-98.35342640310539,0.3196625855594684,15.75606323539165,-0.03635708494780777,-0.00929991867615542,-0.00037072,0.010226053845269575,0.00017264,1,1.0
2747,0.07948770423835927,0.015042383780931397,-0.00033195,2.687540073637388,7.505384807007876,-69.37831922886396,-0.21789562370390278,30.82309475948395,-0.04593960525765017,-16.88284969434226,0.14951036861664863,21.773241455852446,0.3196625855594684,-5.646200628596926,-0.03635708494780777,-0.04403283558022783,-0.00037072,0.044003464303491904,0.00017264,1,1.0
2748,0.07612122889125505,0.007193564259205483,-0.00033195,2.687540073637388,7.505384807007876,-78.09787102057207,-0.21789562370390278,-12.023821065761936,-0.04593960525765017,-11.953589125216935,0.14951036861664863,-35.30128206936614,0.3196625855594684,65.95176045921241,-0.03635708494780777,-0.013990993299004419,-0.00037072,0.02162342096535696,0.00017264,1,1.0
2749,0.060367647655373745,0.0024046120352992084,-0.00033195,2.687540073637388,7.505384807007876,-71.58404530969088,-0.21789562370390278,15.816303142505419,-0.04593960525765017,-37.74729410674548,0.14951036861664863,-20.175733209066607,0.3196625855594684,29.97174225191017,-0.03635708494780777,-0.01775100951648577,-0.00037072,0.017729675299491182,0.00017264,1,1.0
2750,0.058764683534224746,0.002715798613253029,-0.00033195,2.687540073637388,7.505384807007876,-79.7082700286825,-0.21789562370390278,20.805276375350964,-0.04593960525765017,-72.76557372687459,0.14951036861664863,-24.975573017436883,0.3196625855594684,44.68933890965236,-0.03635708494780777,-0.01912759136709477,-0.00037072,0.019254376567164895,0.00017264,1,1.0
2751,0.0004349242332363796,0.013095642290034272,-0.00033195,2.687540073637388,7.505384807007876,64.44909298308568,-0.21789562370390278,1.5788134936275249,-0.04593960525765017,-78.0130192596476,0.14951036861664863,16.602881802521853,0.3196625855594684,28.580110075243145,-0.03635708494780777,-0.010770883163167875,-0.00037072,0.03252506558231725,0.00017264,1,1.0
2752,0.012627943853307066,0.011593095238425694,-0.00033195,2.687540073637388,7.505384807007876,-62.88558884547481,-0.21789562370390278,-26.287444226693598,-0.04593960525765017,-17.834631584395012,0.14951036861664863,-3.6383071188345113,0.3196625855594684,70.43504734806183,-0.03635708494780777,-0.03646328442849217,-0.00037072,0.03651185040032874,0.00017264,1,1.0
2753,0.017661323884053393,0.0131751568046331,-0.00033195,2.687540073637388,7.505384807007876,16.194572533817915,-0.21789562370390278,30.0640921515696,-0.04593960525765017,-7.38563319321918,0.14951036861664863,9.240161393236265,0.3196625855594684,-43.80450971085028,-0.03635708494780777,-0.03955988443238666,-0.00037072,0.03969309236917096,0.00017264,1,1.0
2754,4.614724276964799e-05,0.0036420970777509493,-0.00033195,2.687540073637388,7.505384807007876,3.7346116522697512,-0.21789562370390278,13.864631405303216,-0.04593960525765017,-70.96980612300442,0.14951036861664863,54.26331994088064,0.3196625855594684,15.024632614480863,-0.03635708494780777,-0.006761950872778436,-0.00037072,0.01285074761881562,0.00017264,1,1.0
2755,1.589611631050425e-05,0.008736261757104659,-0.00033195,2.687540073637388,7.505384807007876,-1.442785099256369,-0.21789562370390278,29.97350005789911,-0.04593960525765017,-68.26919466428717,0.14951036861664863,66.0584941887932,0.3196625855594684,-12.293336293747064,-0.03635708494780777,-0.03184469328027925,-0.00037072,0.03221089803474583,0.00017264,1,1.0
2756,0.019478823064265904,0.015228937503933889,-0.00033195,2.687540073637388,7.505384807007876,-79.26882553547381,-0.21789562370390278,-32.22945663866629,-0.04593960525765017,-9.690561503894033,0.14951036861664863,33.93427627496755,0.3196625855594684,77.50314968634558,-0.03635708494780777,-0.04071075715333418,-0.00037072,0.04119694605123586,0.00017264,1,1.0
2757,0.002940238116595134,0.0049225202908245325,-0.00033195,2.687540073637388,7.505384807007876,-21.248816978722456,-0.21789562370390278,-16.793967582083827,-0.04593960525765017,-0.9024310193781095,0.14951036861664863,-49.442502959552876,0.3196625855594684,36.96551187996534,-0.03635708494780777,-0.024316912423989537,-0.00037072,0.024294086297797706,0.00017264,1,1.0
2758,0.07381809452442169,0.01869992209407756,-0.00033195,2.687540073637388,7.505384807007876,-14.076601983797861,-0.21789562370390278,-1.7940913147164967,-0.04593960525765017,-99.58200106738019,0.14951036861664863,-14.51156342230433,0.3196625855594684,85.44185410927311,-0.03635708494780777,-0.013894800951355347,-0.00037072,0.041123387994196986,0.00017264,1,1.0
2759,0.0001337529410984084,0.005120740233122432,-0.00033195,2.687540073637388,7.505384807007876,12.806476201942932,-0.21789562370390278,24.84947594510622,-0.04593960525765017,-77.92083112820684,0.14951036861664863,-16.65075353221977,0.3196625855594684,5.174235435959129,-0.03635708494780777,-0.01918371964620543,-0.00037072,0.022531557154374465,0.00017264,1,1.0
2760,0.051126347014662156,0.0011851842416729175,-0.00033195,2.687540073637388,7.505384807007876,-62.176040749355906,-0.21789562370390278,13.792488401465295,-0.04593960525765017,-44.0463526888352,0.14951036861664863,-46.19703888549155,0.3196625855594684,34.63774920677094,-0.03635708494780777,-0.012733367433158433,-0.00037072,0.012722456388799848,0.00017264,1,1.0
2761,0.04688698597564053,0.009284718433682136,-0.00033195,2.687540073637388,7.505384807007876,-39.34784714785243,-0.21789562370390278,28.340326254050204,-0.04593960525765017,-41.261257083601066,0.14951036861664863,2.9840540542276996,0.3196625855594684,-0.5015598761195853,-0.03635708494780777,-0.0333739958254068,-0.00037072,0.03381541780267615,0.00017264,1,1.0
2762,1.6637895312587858e-05,0.011475964898063276,-0.00033195,2.687540073637388,7.505384807007876,94.6244870886752,-0.21789562370390278,19.9143730081376,-0.04593960525765017,-17.729797014709472,0.14951036861664863,41.63264276479783,0.3196625855594684,-45.80115465332747,-0.03635708494780777,-0.009827160549355559,-0.00037072,0.026400136134826512,0.00017264,1,1.0
2763,0.0001250309698423574,0.004475704646571639,-0.00033195,2.687540073637388,7.505384807007876,44.231546712938474,-0.21789562370390278,9.920149499163413,-0.04593960525765017,-32.07097461345022,0.14951036861664863,-34.37468278284449,0.3196625855594684,-3.8387100501627236,-0.03635708494780777,-0.0024039153376024733,-0.00037072,0.01097095386939451,0.00017264,1,1.0
2764,0.0013076972559999817,0.007511755668119925,-0.00033195,2.687540073637388,7.505384807007876,-31.129370166451597,-0.21789562370390278,-13.937782723974232,-0.04593960525765017,-46.3710011949083,0.14951036861664863,-86.91498067640921,0.3196625855594684,64.35509343829078,-0.03635708494780777,-0.030757529248345267,-0.00037072,0.031297376007834665,0.00017264,1,1.0
2765,0.0004952384363036133,0.009849384504009953,-0.00033195,2.687540073637388,7.505384807007876,69.05141013030031,-0.21789562370390278,24.450671347180297,-0.04593960525765017,-22.62071568831406,0.14951036861664863,-16.531891283589168,0.3196625855594684,-39.71728480705323,-0.03635708494780777,-0.019657188577737916,-0.00037072,0.028606473789652472,0.00017264,1,1.0
2766,0.005899862087472119,0.014412883850347651,-0.00033195,2.687540073637388,7.505384807007876,-70.88757557531495,-0.21789562370390278,-28.010500658709496,-0.04593960525765017,-36.751769773350574,0.14951036861664863,32.65306836748979,0.3196625855594684,81.71215190760881,-0.03635708494780777,-0.040373996179089836,-0.00037072,0.04072027335776775,0.00017264,1,1.0
2767,9.862738315087605e-05,0.004362027405248205,-0.00033195,2.687540073637388,7.505384807007876,-4.056865978449617,-0.21789562370390278,-8.206138250441963,-0.04593960525765017,-26.711101536002648,0.14951036861664863,-26.8067703558714,0.3196625855594684,32.24671817152121,-0.03635708494780777,-0.016493521635686174,-0.00037072,0.020207400339451037,0.00017264,1,1.0
2768,0.011393091650206813,0.01158538025656151,-0.00033195,2.687540073637388,7.505384807007876,2.353011183361125,-0.21789562370390278,-13.244984100021039,-0.04593960525765017,-37.67109796501793,0.14951036861664863,-93.96126409188658,0.3196625855594684,53.69316096375556,-0.03635708494780777,-0.027495721085660764,-0.00037072,0.03608358904715791,0.00017264,1,1.0
2769,0.030189149326127082,0.006027842170143716,-0.00033195,2.687540073637388,7.505384807007876,18.911956585870826,-0.21789562370390278,20.119191511440274,-0.04593960525765017,-42.801035070013484,0.14951036861664863,-82.31921255904376,0.3196625855594684,3.2460278897508674,-0.03635708494780777,-0.011899300480972957,-0.00037072,0.01984689525344349,0.00017264,1,1.0
2770,0.01407905353227399,0.00010771775257997993,-0.00033195,2.687540073637388,7.505384807007876,-12.335248534959705,-0.21789562370390278,5.441565042824604,-0.04593960525765017,-17.170353217151952,0.14951036861664863,-47.04678757128928,0.3196625855594684,11.582930780956207,-0.03635708494780777,-0.004293846028618346,-0.00037072,0.00429393908562456,0.00017264,1,1.0
2771,0.030443306578988895,3.651012554851e-05,-0.00033195,2.687540073637388,7.505384807007876,-56.385402379923875,-0.21789562370390278,5.396278367310203,-0.04593960525765017,-49.878984172704584,0.14951036861664863,-9.8418756926763,0.3196625855594684,42.21038048493794,-0.03635708494780777,-0.004173292242728954,-0.00037072,0.004175715630287062,0.00017264,1,1.0
2772,5.373332075286896e-06,0.017983719476723146,-0.00033195,2.687540073637388,7.505384807007876,70.4526653969559,-0.21789562370390278,-2.6275968102703375,-0.04593960525765017,-90.652132974427,0.14951036861664863,45.48682690854737,0.3196625855594684,39.15987877642295,-0.03635708494780777,-0.016088788310332846,-0.00037072,0.04243681275354061,0.00017264,1,1.0
2773,0.00023120096484086083,0.014019828127194487,-0.00033195,2.687540073637388,7.505384807007876,74.54335167837124,-0.21789562370390278,30.245178281286552,-0.04593960525765017,-82.80827881395093,0.14951036861664863,80.76722470255436,0.3196625855594684,-22.067158448614755,-0.03635708494780777,-0.015340981219943036,-0.00037072,0.03314619871353176,0.00017264,1,1.0
2774,6.662442095831111e-05,0.004554157005750713,-0.00033195,2.687540073637388,7.505384807007876,36.76885914883565,-0.21789562370390278,13.61130493794674,-0.04593960525765017,-37.58215543341057,0.14951036861664863,-4.570591849858518,0.3196625855594684,-7.206438325154792,-0.03635708494780777,-0.006353083875407975,-0.00037072,0.013808758516999118,0.00017264,1,1.0
2775,0.00043131551139481694,0.005044946611177744,-0.00033195,2.687540073637388,7.505384807007876,37.74399391250969,-0.21789562370390278,15.444028975097696,-0.04593960525765017,-53.78536251736387,0.14951036861664863,-18.388186641369256,0.3196625855594684,0.5189323599402815,-0.03635708494780777,-0.006545587135249318,-0.00037072,0.015107145370344632,0.00017264,1,1.0
2776,0.0014359576456958456,0.01367152047496931,-0.00033195,2.687540073637388,7.505384807007876,11.096947332437091,-0.21789562370390278,-8.064963728513625,-0.04593960525765017,-82.97216198785266,0.14951036861664863,84.40018239239045,0.3196625855594684,53.784032863559304,-0.03635708494780777,-0.019391649904919653,-0.00037072,0.03598856367854113,0.00017264,1,1.0
2777,0.06014043636888286,0.005139250244419631,-0.00033195,2.687540073637388,7.505384807007876,-71.42352415471312,-0.21789562370390278,2.3088600146494547,-0.04593960525765017,-59.55653001500386,0.14951036861664863,92.85200406815886,0.3196625855594684,55.640487370468435,-0.03635708494780777,0.0026798667487368507,-0.00037072,0.00702975298194405,0.00017264,0,1.0
2778,0.0011860802438345142,0.026134547371832594,-0.00033195,2.687540073637388,7.505384807007876,76.67606694915308,-0.21789562370390278,-24.250906097423265,-0.04593960525765017,-10.666027638302287,0.14951036861664863,63.19995370421849,0.3196625855594684,23.57210886824131,-0.03635708494780777,-0.028626953172555234,-0.00037072,0.05469292816593402,0.00017264,1,1.0
2779,0.0077925245069658325,0.01719981366143665,-0.00033195,2.687540073637388,7.505384807007876,43.87708971868966,-0.21789562370390278,-6.996269813779604,-0.04593960525765017,-77.5125791431009,0.14951036861664863,-3.5279042583475735,0.3196625855594684,50.1182212232875,-0.03635708494780777,-0.021441295940737615,-0.00037072,0.04277678052431409,0.00017264,1,1.0
2780,0.07910043401489522,0.01095483564011916,-0.00033195,2.687540073637388,7.505384807007876,-79.82691724197808,-0.21789562370390278,34.4055832883803,-0.04593960525765017,-67.701127250926,0.14951036861664863,-51.98812634946413,0.3196625855594684,27.1113972153114,-0.03635708494780777,-0.03727193970597311,-0.00037072,0.03728697737470064,0.00017264,1,1.0
2781,0.0009152172774373191,0.017531426854433915,-0.00033195,2.687540073637388,7.505384807007876,5.350744828141392,-0.21789562370390278,-11.383237220537287,-0.04593960525765017,-93.55795452394166,0.14951036861664863,-30.58253186756667,0.3196625855594684,75.77026236988259,-0.03635708494780777,-0.03236867757188861,-0.00037072,0.046318089529651045,0.00017264,1,1.0
2782,0.0008010998065325348,0.011336131024517037,-0.00033195,2.687540073637388,7.505384807007876,-29.46376980336737,-0.21789562370390278,-9.877452310319926,-0.04593960525765017,-93.47113592975266,0.14951036861664863,-15.100265580615265,0.3196625855594684,79.78510246934975,-0.03635708494780777,-0.029975353595623946,-0.00037072,0.036841506031611196,0.00017264,1,1.0
2783,0.03449809295269946,0.0009703319281776321,-0.00033195,2.687540073637388,7.505384807007876,-46.03201887935961,-0.21789562370390278,-3.386034146258549,-0.04593960525765017,-22.257144428016833,0.14951036861664863,-99.10632349471807,0.3196625855594684,45.64297781462291,-0.03635708494780777,-0.011221829424042333,-0.00037072,0.011242019939591607,0.00017264,1,1.0
2784,0.0003770148865189678,0.008340146871209184,-0.00033195,2.687540073637388,7.505384807007876,15.38310511338197,-0.21789562370390278,-1.7331437068128557,-0.04593960525765017,-73.08121173426682,0.14951036861664863,-33.76028216189395,0.3196625855594684,45.88092989887558,-0.03635708494780777,-0.017434902421878944,-0.00037072,0.02812094939982559,0.00017264,1,1.0
2785,0.00019980089122560718,0.0036120994191176257,-0.00033195,2.687540073637388,7.505384807007876,23.231341507552177,-0.21789562370390278,15.409915958802241,-0.04593960525765017,-72.39995325516232,0.14951036861664863,-68.82832746501913,0.3196625855594684,18.907076977027238,-0.03635708494780777,-0.009431153446961665,-0.00037072,0.015502926677211348,0.00017264,1,1.0
2786,0.05055834736631209,0.0014711414363419166,-0.00033195,2.687540073637388,7.505384807007876,-67.01240573295935,-0.21789562370390278,-6.41983562245027,-0.04593960525765017,-15.231851001877645,0.14951036861664863,-99.2641838500447,0.3196625855594684,55.06523120172092,-0.03635708494780777,-0.01244596004467352,-0.00037072,0.012486011596806651,0.00017264,1,1.0
2787,4.887333332649624e-05,0.002976956452909958,-0.00033195,2.687540073637388,7.505384807007876,-15.119319042927723,-0.21789562370390278,16.154970836386394,-0.04593960525765017,-65.81397860127221,0.14951036861664863,98.45231707879952,0.3196625855594684,8.931503763275511,-0.03635708494780777,-0.013931734896977672,-0.00037072,0.016292947923423076,0.00017264,1,1.0
2788,0.14272998295709033,0.025359792753149646,-0.00033195,2.687540073637388,7.505384807007876,-0.6106825132966807,-0.21789562370390278,5.857831693917958,-0.04593960525765017,-84.91126144586421,0.14951036861664863,37.185226859689614,0.3196625855594684,74.67115821324064,-0.03635708494780777,0.007926506546359905,-0.00037072,0.0376131188944301,0.00017264,0,1.0
2789,4.76225197686142e-05,0.0014226453582669614,-0.00033195,2.687540073637388,7.505384807007876,9.758771359248616,-0.21789562370390278,10.628189615784223,-0.04593960525765017,-23.22720282423672,0.14951036861664863,-8.283854965591907,0.3196625855594684,-4.693689807006722,-0.03635708494780777,-0.009340639551165958,-0.00037072,0.010502141294929455,0.00017264,1,1.0
2790,0.0005976099324443429,0.012785248814799005,-0.00033195,2.687540073637388,7.505384807007876,37.74615453972276,-0.21789562370390278,37.92110556504647,-0.04593960525765017,-57.0253114389652,0.14951036861664863,-82.55927796713009,0.3196625855594684,-28.532501631154222,-0.03635708494780777,-0.037784363270365016,-0.00037072,0.03821132117147747,0.00017264,1,1.0
2791,4.886571709622478e-05,0.0038106301782380187,-0.00033195,2.687540073637388,7.505384807007876,21.74129887586424,-0.21789562370390278,20.625573747616315,-0.04593960525765017,-35.47351827188463,0.14951036861664863,-47.87082893337842,0.3196625855594684,-12.954950526349743,-0.03635708494780777,-0.0194302853116137,-0.00037072,0.02023365476269646,0.00017264,1,1.0
2792,0.00033848609636970284,0.003800814831177586,-0.00033195,2.687540073637388,7.505384807007876,-4.706352556909725,-0.21789562370390278,10.479308980548993,-0.04593960525765017,-96.37414497351955,0.14951036861664863,6.368063464050273,0.3196625855594684,41.442971825177445,-0.03635708494780777,-0.009099446607437332,-0.00037072,0.015868167013090767,0.00017264,1,1.0
2793,0.0005425327763363547,0.013857808107757625,-0.00033195,2.687540073637388,7.505384807007876,-13.3658021289292,-0.21789562370390278,-13.877118657384463,-0.04593960525765017,-74.0146967011868,0.14951036861664863,11.46012913042699,0.3196625855594684,68.80735512686503,-0.03635708494780777,-0.029645365321041582,-0.00037072,0.03956600562119555,0.00017264,1,1.0
2794,9.5009771863247e-05,0.0033783498177890527,-0.00033195,2.687540073637388,7.505384807007876,-1.066240965243861,-0.21789562370390278,19.954356005527845,-0.04593960525765017,-80.26537227749054,0.14951036861664863,12.294166791068651,0.3196625855594684,15.220940435151519,-0.03635708494780777,-0.014366593713219647,-0.00037072,0.017453284548198826,0.00017264,1,1.0
2795,0.00023383449668704787,0.0037972845251313878,-0.00033195,2.687540073637388,7.505384807007876,-12.357976977022847,-0.21789562370390278,6.468241677302341,-0.04593960525765017,-99.28751365070411,0.14951036861664863,-66.75233810755984,0.3196625855594684,57.14406487971195,-0.03635708494780777,-0.01701700652948689,-0.00037072,0.02148981001766188,0.00017264,1,1.0
2796,0.030748407408829694,0.00254389355587025,-0.00033195,2.687540073637388,7.505384807007876,-87.09969909469822,-0.21789562370390278,-3.7292871926852285,-0.04593960525765017,-82.885402813096,0.14951036861664863,-13.095706304122048,0.3196625855594684,83.81269039772828,-0.03635708494780777,-0.018246023930675714,-0.00037072,0.01827047728608742,0.00017264,1,1.0
2797,0.022058723565188936,0.0007305934672851572,-0.00033195,2.687540073637388,7.505384807007876,-39.707839692950515,-0.21789562370390278,-1.3165022324226816,-0.04593960525765017,-35.95331434043581,0.14951036861664863,-64.5013317788976,0.3196625855594684,43.19625100802894,-0.03635708494780777,-0.010417046998398438,-0.00037072,0.010431023031810203,0.00017264,1,1.0
2798,0.03349568224866035,0.0007760502032171277,-0.00033195,2.687540073637388,7.505384807007876,-87.39410214967134,-0.21789562370390278,-5.7158419167476415,-0.04593960525765017,-42.00516185870921,0.14951036861664863,94.45785757823847,0.3196625855594684,54.73023063812535,-0.03635708494780777,-0.007434766116845591,-0.00037072,0.007482234170565049,0.00017264,1,1.0
2799,0.00016867881659103634,0.008799913930083688,-0.00033195,2.687540073637388,7.505384807007876,44.44263963512619,-0.21789562370390278,16.702738067979265,-0.04593960525765017,-99.19409256673175,0.14951036861664863,69.67721671165044,0.3196625855594684,17.087856999520426,-0.03635708494780777,-0.002397722700664226,-0.00037072,0.019499120773910826,0.00017264,1,1.0
2800,0.03662874903329984,0.007131371450344948,-0.00033195,1.4256683997023072,6.1063824138390705,-10.025778913084785,-0.21789562370390278,10.21119652558652,-0.04593960525765017,-22.37850974016148,0.14951036861664863,41.685896524381306,0.3196625855594684,7.908169362290397,-0.03635708494780777,-0.019669185366770432,-0.00037072,0.02775728796066039,0.00017264,1,1.0
2801,0.068697938835301,0.008772020289097326,-0.00033195,1.4256683997023072,6.1063824138390705,-36.18621580196932,-0.21789562370390278,-11.329701552208695,-0.04593960525765017,-13.433450061551355,0.14951036861664863,3.4724270766681418,0.3196625855594684,33.843176846409406,-0.03635708494780777,-0.030636958230630777,-0.00037072,0.030288161319922118,0.00017264,1,1.0
2802,0.2657753729783534,0.004617182570831081,-0.00033195,1.4256683997023072,6.1063824138390705,-91.2569767600759,-0.21789562370390278,6.843079269366575,-0.04593960525765017,-35.879312939382594,0.14951036861664863,-94.93906230157118,0.3196625855594684,80.3042841493868,-0.03635708494780777,-0.009995893822089354,-0.00037072,0.009971694466228663,0.00017264,1,1.0
2803,0.16776223361488102,0.04790846937633188,-0.00033195,1.4256683997023072,6.1063824138390705,-30.024929496072303,-0.21789562370390278,34.7658716688687,-0.04593960525765017,-19.277768220683495,0.14951036861664863,-38.51798091592157,0.3196625855594684,17.046783556535487,-0.03635708494780777,-0.09093336021056692,-0.00037072,0.0916348549744451,0.00017264,1,1.0
2804,0.4094211125594315,0.08581200603532198,-0.00033195,1.4256683997023072,6.1063824138390705,-97.83803984572243,-0.21789562370390278,29.3105971319654,-0.04593960525765017,-16.343767660165565,0.14951036861664863,83.36527148869136,0.3196625855594684,59.31308680004151,-0.03635708494780777,-0.13258593242338973,-0.00037072,0.13258107508968975,0.00017264,1,1.0
2805,0.048227129638829545,0.00312449541842274,-0.00033195,1.4256683997023072,6.1063824138390705,-39.06939300280451,-0.21789562370390278,15.764742876368453,-0.04593960525765017,-64.14125921374983,0.14951036861664863,-79.03802239566468,0.3196625855594684,44.934075868056276,-0.03635708494780777,-0.03640585992479572,-0.00037072,0.03640929211290309,0.00017264,1,1.0
2806,0.0007703494950813648,0.017229757410621827,-0.00033195,1.4256683997023072,6.1063824138390705,-22.798680554987186,-0.21789562370390278,-4.9219181260498015,-0.04593960525765017,-35.43411739192746,0.14951036861664863,-77.29959550549836,0.3196625855594684,34.44025002398947,-0.03635708494780777,-0.04924910574487545,-0.00037072,0.05668670360359367,0.00017264,1,1.0
2807,0.03594673737323306,0.023871397527992062,-0.00033195,1.4256683997023072,6.1063824138390705,-30.411307010340323,-0.21789562370390278,35.582951073804814,-0.04593960525765017,-85.97890647612394,0.14951036861664863,-10.720781265645149,0.3196625855594684,32.14233467838459,-0.03635708494780777,-0.06886267080603858,-0.00037072,0.06893190699894386,0.00017264,1,1.0
2808,0.12091517820522293,0.04866898510557781,-0.00033195,1.4256683997023072,6.1063824138390705,-15.58286679948268,-0.21789562370390278,5.531058933720128,-0.04593960525765017,-43.631504782311595,0.14951036861664863,-41.73254461577137,0.3196625855594684,39.15872154846356,-0.03635708494780777,-0.00433906889019358,-0.00037072,0.08989030209415738,0.00017264,1,1.0
2809,0.21779454410133925,0.12978014771674543,-0.00033195,1.4256683997023072,6.1063824138390705,49.33880746877569,-0.21789562370390278,57.59802428326848,-0.04593960525765017,-99.86959302980678,0.14951036861664863,-46.811675822854426,0.3196625855594684,19.522295239650994,-0.03635708494780777,0.03540407894187082,-0.00037072,0.22703230663460827,0.00017264,0,1.0
2810,0.11798181161596508,0.009337322546184926,-0.00033195,1.4256683997023072,6.1063824138390705,-49.31709422555068,-0.21789562370390278,-12.963876081139784,-0.04593960525765017,-12.74325362481994,0.14951036861664863,63.37867837771186,0.3196625855594684,39.767630937526995,-0.03635708494780777,-0.03185749596846445,-0.00037072,0.031986941881121875,0.00017264,1,1.0
2811,0.0009936460857847274,0.08677806495327801,-0.00033195,1.4256683997023072,6.1063824138390705,84.0454738003621,-0.21789562370390278,27.138149852379627,-0.04593960525765017,-34.62431252808181,0.14951036861664863,-59.18678037626943,0.3196625855594684,-25.656605772854107,-0.03635708494780777,0.011461982675563906,-0.00037072,0.16876312755544592,0.00017264,0,1.0
2812,0.03754453766874777,0.0007642243193824624,-0.00033195,1.4256683997023072,6.1063824138390705,-42.748143900235775,-0.21789562370390278,8.406340958763298,-0.04593960525765017,-70.32017626431848,0.14951036861664863,46.52435086486091,0.3196625855594684,43.12457168065166,-0.03635708494780777,-0.01655915728462283,-0.00037072,0.016713217124686687,0.00017264,1,1.0
2813,0.0008324993855467026,0.04709781657444456,-0.00033195,1.4256683997023072,6.1063824138390705,-47.814874804931264,-0.21789562370390278,-3.490182431802076,-0.04593960525765017,-93.76463676012445,0.14951036861664863,-61.22533400443594,0.3196625855594684,68.85207663171892,-0.03635708494780777,-0.07706109657726508,-0.00037072,0.09932196976723805,0.00017264,1,1.0
2814,0.10831871469839201,0.02302002293661983,-0.00033195,1.4256683997023072,6.1063824138390705,-43.91173032112323,-0.21789562370390278,-0.4324355539764685,-0.04593960525765017,-55.59113935802357,0.14951036861664863,67.97089218606514,0.3196625855594684,48.580268962303585,-0.03635708494780777,-0.0027702025715753455,-0.00037072,0.039458998836117656,0.00017264,1,1.0
2815,0.05499030537298409,0.0005373866162281266,-0.00033195,1.4256683997023072,6.1063824138390705,-30.6026983226643,-0.21789562370390278,8.741927024903726,-0.04593960525765017,-38.952117155326796,0.14951036861664863,-4.587792051484304,0.3196625855594684,29.584142473488544,-0.03635708494780777,-0.0142753080382535,-0.00037072,0.01428599233467145,0.00017264,1,1.0
2816,0.12101523343039369,0.06377254162523716,-0.00033195,1.4256683997023072,6.1063824138390705,32.83656443849714,-0.21789562370390278,21.347628511163414,-0.04593960525765017,-20.642714322960423,0.14951036861664863,18.7825664881604,0.3196625855594684,-4.032575321170363,-0.03635708494780777,0.039241202768908766,-0.00037072,0.09180789715600496,0.00017264,0,1.0
2817,0.23313775486471544,0.14216182456049054,-0.00033195,1.4256683997023072,6.1063824138390705,3.8219545335737855,-0.21789562370390278,-12.01140745463027,-0.04593960525765017,-27.048143393708248,0.14951036861664863,70.7503993122495,0.3196625855594684,40.0995984557564,-0.03635708494780777,0.005862725688650122,-0.00037072,0.19439213174523962,0.00017264,0,1.0
2818,0.0005852971350027159,0.05431352538433983,-0.00033195,1.4256683997023072,6.1063824138390705,44.85752448636794,-0.21789562370390278,28.15863573235387,-0.04593960525765017,-38.94216765727511,0.14951036861664863,-34.101526924766496,0.3196625855594684,-13.021503678751232,-0.03635708494780777,-0.004169309939547089,-0.00037072,0.10171273762037991,0.00017264,1,1.0
2819,0.28839904120921456,0.026590631335568816,-0.00033195,1.4256683997023072,6.1063824138390705,-75.37401028194152,-0.21789562370390278,8.66249253229496,-0.04593960525765017,-6.451134329356809,0.14951036861664863,75.75114130293618,0.3196625855594684,48.43106787052501,-0.03635708494780777,-0.0749736748347711,-0.00037072,0.07506410384551176,0.00017264,1,1.0
2820,0.18168941918078038,0.010833614386857808,-0.00033195,1.4256683997023072,6.1063824138390705,-72.47098279909005,-0.21789562370390278,-8.89576940119016,-0.04593960525765017,-24.18428344231844,0.14951036861664863,-31.28335092345984,0.3196625855594684,64.84031286891712,-0.03635708494780777,-0.02694223553261775,-0.00037072,0.027010827148770046,0.00017264,1,1.0
2821,0.11216083280895298,0.008671569250566318,-0.00033195,1.4256683997023072,6.1063824138390705,-51.97500496701659,-0.21789562370390278,26.32416010296328,-0.04593960525765017,-71.10257322262282,0.14951036861664863,-66.1892487946759,0.3196625855594684,51.414895108779994,-0.03635708494780777,-0.04725172964301619,-0.00037072,0.04729480110197619,0.00017264,1,1.0
2822,0.10382030034202033,0.035270349710960706,-0.00033195,1.4256683997023072,6.1063824138390705,2.847121898497293,-0.21789562370390278,7.8319530585035,-0.04593960525765017,-13.002212766036797,0.14951036861664863,-5.549969046591037,0.3196625855594684,11.783808243418374,-0.03635708494780777,0.023129475246939545,-0.00037072,0.04824272306576456,0.00017264,0,1.0
2823,0.03965694934092254,0.04070473142288128,-0.00033195,1.4256683997023072,6.1063824138390705,21.960779372631713,-0.21789562370390278,21.160304487310267,-0.04593960525765017,-34.75791175720915,0.14951036861664863,-4.895238013763179,0.3196625855594684,-0.47458679699013334,-0.03635708494780777,0.0037679298917672258,-0.00037072,0.07359206451565717,0.00017264,0,1.0
2824,-6.19630250656214e-05,0.050776924835691656,-0.00033195,1.4256683997023072,6.1063824138390705,-3.487585787253538,-0.21789562370390278,-5.616192931910421,-0.04593960525765017,-55.47675362007875,0.14951036861664863,60.59536688725363,0.3196625855594684,27.05495998867671,-0.03635708494780777,-0.029531023340194272,-0.00037072,0.0975967667655652,0.00017264,1,1.0
2825,0.07673124314356429,0.030935346729633835,-0.00033195,1.4256683997023072,6.1063824138390705,-6.693048811461491,-0.21789562370390278,29.58289397628491,-0.04593960525765017,-14.618485068717797,0.14951036861664863,-47.85570776903368,0.3196625855594684,1.1818908420126266,-0.03635708494780777,-0.0712683846122611,-0.00037072,0.07131690281109493,0.00017264,1,1.0
2826,-3.2317397047412766e-05,0.024355316928835614,-0.00033195,1.4256683997023072,6.1063824138390705,17.13667993925847,-0.21789562370390278,13.858508887152599,-0.04593960525765017,-27.11515892346122,0.14951036861664863,1.2087249013765158,0.3196625855594684,-2.3521094608111803,-0.03635708494780777,-0.002638667683457451,-0.00037072,0.048734985245987475,0.00017264,1,1.0
2827,0.3308627461440406,0.05552378800740691,-0.00033195,1.4256683997023072,6.1063824138390705,-74.06588127554146,-0.21789562370390278,34.34679522790243,-0.04593960525765017,-67.64197347871135,0.14951036861664863,-14.424691941041601,0.3196625855594684,71.66870079684064,-0.03635708494780777,-0.029608183328292258,-0.00037072,0.09294302364327958,0.00017264,1,1.0
2828,0.30916932759821303,0.017970786468711933,-0.00033195,1.4256683997023072,6.1063824138390705,-91.53691912651914,-0.21789562370390278,8.97942780138409,-0.04593960525765017,-22.936874857149466,0.14951036861664863,25.967595671191795,0.3196625855594684,67.88086116885384,-0.03635708494780777,-0.057118809558598264,-0.00037072,0.05704255003857426,0.00017264,1,1.0
2829,0.00129593668998082,0.038213745633956485,-0.00033195,1.4256683997023072,6.1063824138390705,9.085352105304073,-0.21789562370390278,32.78180666596259,-0.04593960525765017,-64.84233206709212,0.14951036861664863,-24.961169700764028,0.3196625855594684,7.787292957212829,-0.03635708494780777,-0.03792145765557664,-0.00037072,0.08197568592195617,0.00017264,1,1.0
2830,0.0012061362298453754,0.0006317630489543118,-0.00033195,1.4256683997023072,6.1063824138390705,-6.376690524204999,-0.21789562370390278,3.0633312113626787,-0.04593960525765017,-17.593323103371397,0.14951036861664863,65.30042202784405,0.3196625855594684,3.5174404453319608,-0.03635708494780777,-0.011549151910948803,-0.00037072,0.011694945090728444,0.00017264,1,1.0
2831,0.02904976206805332,0.0034549788191901467,-0.00033195,1.4256683997023072,6.1063824138390705,-48.07502691243023,-0.21789562370390278,18.660940925521263,-0.04593960525765017,-98.03869992606488,0.14951036861664863,38.60585425866226,0.3196625855594684,50.9511849446001,-0.03635708494780777,-0.03524380219665829,-0.00037072,0.035344619720316134,0.00017264,1,1.0
2832,0.03713263295338667,0.0025674942654808465,-0.00033195,1.4256683997023072,6.1063824138390705,-13.43797172047499,-0.21789562370390278,10.857921043910828,-0.04593960525765017,-20.44678871072354,0.14951036861664863,-10.630869688862617,0.3196625855594684,11.880926817302552,-0.03635708494780777,-0.022199834004891582,-0.00037072,0.02221110092219928,0.00017264,1,1.0
2833,0.3278303482342827,0.018261667963673164,-0.00033195,1.4256683997023072,6.1063824138390705,-94.08881166957623,-0.21789562370390278,11.387393490426087,-0.04593960525765017,-20.269100287296403,0.14951036861664863,-17.45593640409312,0.3196625855594684,71.2870578222883,-0.03635708494780777,-0.05578041419337441,-0.00037072,0.05599936195751804,0.00017264,1,1.0
2834,0.14922544780234107,0.03862819583143913,-0.00033195,1.4256683997023072,6.1063824138390705,-35.38532121881375,-0.21789562370390278,0.2552667549636455,-0.04593960525765017,-41.132505392452416,0.14951036861664863,8.852575549744605,0.3196625855594684,47.40897714984785,-0.03635708494780777,0.0007605605156793468,-0.00037072,0.06281566906136823,0.00017264,0,1.0
2835,0.0010267349005748383,0.02846966174112177,-0.00033195,1.4256683997023072,6.1063824138390705,-12.908549735784712,-0.21789562370390278,30.774844250772535,-0.04593960525765017,-85.9906925411557,0.14951036861664863,98.40449717973759,0.3196625855594684,17.051319477876774,-0.03635708494780777,-0.04837285455202773,-0.00037072,0.06843934519814718,0.00017264,1,1.0
2836,0.10412870332309852,0.011412161307387475,-0.00033195,1.4256683997023072,6.1063824138390705,-42.94209163877435,-0.21789562370390278,-15.901555768522996,-0.04593960525765017,-4.136627262940098,0.14951036861664863,58.43671062902145,0.3196625855594684,34.3389907282163,-0.03635708494780777,-0.036643806872952114,-0.00037072,0.03697007960690232,0.00017264,1,1.0
2837,0.00033819264202000765,0.07195937389258607,-0.00033195,1.4256683997023072,6.1063824138390705,40.59249078183099,-0.21789562370390278,44.413299601814906,-0.04593960525765017,-40.38475555490899,0.14951036861664863,-65.31704626029276,0.3196625855594684,-19.633409536001214,-0.03635708494780777,-0.05111040884102769,-0.00037072,0.11389130171356071,0.00017264,1,1.0
2838,0.07074489686102187,0.06099847542254441,-0.00033195,1.4256683997023072,6.1063824138390705,49.41436122129821,-0.21789562370390278,26.199552615384206,-0.04593960525765017,-8.674890832821726,0.14951036861664863,-95.10558482611837,0.3196625855594684,-15.295105956422997,-0.03635708494780777,0.013418327914885675,-0.00037072,0.10527911978721291,0.00017264,0,1.0
2839,0.12438876460893189,0.013725644489648036,-0.00033195,1.4256683997023072,6.1063824138390705,-27.16712512923295,-0.21789562370390278,11.67957030250371,-0.04593960525765017,-6.262500179714151,0.14951036861664863,56.13628396741318,0.3196625855594684,13.43100289920242,-0.03635708494780777,-0.052092309072965304,-0.00037072,0.052841301565838855,0.00017264,1,1.0
2840,0.10424903225843271,0.025587085908745873,-0.00033195,1.4256683997023072,6.1063824138390705,-51.14145809048125,-0.21789562370390278,39.85147138093036,-0.04593960525765017,-92.53767313025341,0.14951036861664863,-76.71466155815244,0.3196625855594684,52.13348042002877,-0.03635708494780777,-0.07475842096729204,-0.00037072,0.07499867426948695,0.00017264,1,1.0
2841,0.11436214415180904,0.08614204290990585,-0.00033195,1.4256683997023072,6.1063824138390705,5.6868013430747695,-0.21789562370390278,-9.759159201510997,-0.04593960525765017,-21.69516300544334,0.14951036861664863,22.94820866853863,0.3196625855594684,26.044456328661557,-0.03635708494780777,-0.01222868881603114,-0.00037072,0.13653047178434413,0.00017264,1,1.0
2842,0.0002670533733435676,0.02731044164308661,-0.00033195,1.4256683997023072,6.1063824138390705,-7.6915229466641595,-0.21789562370390278,21.03077054426303,-0.04593960525765017,-85.77887820000564,0.14951036861664863,81.9591207607244,0.3196625855594684,23.110908414804555,-0.03635708494780777,-0.01363515927944263,-0.00037072,0.06225661856014848,0.00017264,1,1.0
2843,0.3791464086320092,0.07317753318722554,-0.00033195,1.4256683997023072,6.1063824138390705,-72.80974349391542,-0.21789562370390278,23.122554249888818,-0.04593960525765017,-79.88708930270174,0.14951036861664863,65.0573118803859,0.3196625855594684,83.91453669112636,-0.03635708494780777,0.04532530509955714,-0.00037072,0.0809908694410406,0.00017264,0,1.0
2844,0.0014139107091272751,0.05092999359104673,-0.00033195,1.4256683997023072,6.1063824138390705,58.630615685588076,-0.21789562370390278,15.60511179201333,-0.04593960525765017,-5.586813698038301,0.14951036861664863,14.971810499342741,0.3196625855594684,-28.950667258756233,-0.03635708494780777,0.024196328300718245,-0.00037072,0.08212986984729281,0.00017264,0,1.0
2845,0.4711527542473864,0.17991612496421958,-0.00033195,1.4256683997023072,6.1063824138390705,-39.21513345499933,-0.21789562370390278,59.41462952395939,-0.04593960525765017,-49.03916142574372,0.14951036861664863,54.067788349277215,0.3196625855594684,43.61485539113376,-0.03635708494780777,-0.046667731241867724,-0.00037072,0.19949508625803075,0.00017264,1,1.0
2846,0.14150693789949584,0.0022414778013116724,-0.00033195,1.4256683997023072,6.1063824138390705,-87.02960166208307,-0.21789562370390278,6.167702712776922,-0.04593960525765017,-94.86607674473477,0.14951036861664863,78.09402996402251,0.3196625855594684,80.4747545466083,-0.03635708494780777,-0.006199953973703565,-0.00037072,0.00613485422478903,0.00017264,1,1.0
2847,0.1443026111205852,0.005198520627874643,-0.00033195,1.4256683997023072,6.1063824138390705,-51.870108760844076,-0.21789562370390278,-2.8423041302492926,-0.04593960525765017,-19.564070497080408,0.14951036861664863,87.59648715082628,0.3196625855594684,37.93570179713386,-0.03635708494780777,-0.030003123066515515,-0.00037072,0.029908392379403348,0.00017264,1,1.0
2848,0.11701483032029167,0.04323543338055231,-0.00033195,1.4256683997023072,6.1063824138390705,-3.0029530757384824,-0.21789562370390278,14.579382218689963,-0.04593960525765017,-42.62292309719155,0.14951036861664863,82.74765580039637,0.3196625855594684,17.89563613772512,-0.03635708494780777,0.030120229624999596,-0.00037072,0.05704689307218573,0.00017264,0,1.0
2849,0.10971636629312398,0.04896062044385607,-0.00033195,1.4256683997023072,6.1063824138390705,-73.98772625747654,-0.21789562370390278,-27.392096453933874,-0.04593960525765017,-37.82221205191972,0.14951036861664863,21.861736302403536,0.3196625855594684,72.56186500865003,-0.03635708494780777,-0.07746299393947545,-0.00037072,0.07775266675060044,0.00017264,1,1.0
2850,0.20403031859072995,0.006077510120005144,-0.00033195,1.4256683997023072,6.1063824138390705,-89.91753343216429,-0.21789562370390278,24.829631725979315,-0.04593960525765017,-91.65224507133223,0.14951036861664863,-37.027599134065824,0.3196625855594684,83.03324126431257,-0.03635708494780777,-0.04103930226295196,-0.00037072,0.041131460642939106,0.00017264,1,1.0
2851,0.3145870003825983,0.009606362345119595,-0.00033195,1.4256683997023072,6.1063824138390705,-98.32662941878183,-0.21789562370390278,4.686143574528511,-0.04593960525765017,-22.37433866888851,0.14951036861664863,-69.2078553490084,0.3196625855594684,80.99487659632261,-0.03635708494780777,-0.027825200270708113,-0.00037072,0.02781925993535354,0.00017264,1,1.0
2852,0.18089383296858816,0.0075789939439042655,-0.00033195,1.4256683997023072,6.1063824138390705,-84.64925106021364,-0.21789562370390278,-1.7476582165458594,-0.04593960525765017,-56.49413899144544,0.14951036861664863,-25.810871939340394,0.3196625855594684,79.13489922405428,-0.03635708494780777,-0.019056775142980292,-0.00037072,0.019417024015384886,0.00017264,1,1.0
2853,0.0002762138022199545,0.03037352705109738,-0.00033195,1.4256683997023072,6.1063824138390705,-3.4013075393667997,-0.21789562370390278,28.573973780996145,-0.04593960525765017,-79.97645993908206,0.14951036861664863,10.78868263793261,0.3196625855594684,19.289550819827802,-0.03635708494780777,-0.03210901704491762,-0.00037072,0.07296681757186502,0.00017264,1,1.0
2854,0.12928018703124286,0.006937998766565558,-0.00033195,1.4256683997023072,6.1063824138390705,-32.279505591493894,-0.21789562370390278,12.265971857774026,-0.04593960525765017,-9.857484057660121,0.14951036861664863,-24.157143912045836,0.3196625855594684,23.38845622525366,-0.03635708494780777,-0.03591673938256289,-0.00037072,0.03586129084823851,0.00017264,1,1.0
2855,0.008751170985044646,0.00016598836537668659,-0.00033195,1.4256683997023072,6.1063824138390705,-8.32072354526197,-0.21789562370390278,-0.7295058038296816,-0.04593960525765017,-11.461051201617446,0.14951036861664863,56.88580091766373,0.3196625855594684,5.321966320455534,-0.03635708494780777,-0.007379344970961285,-0.00037072,0.0073846716004314136,0.00017264,1,1.0
2856,0.0025677056116065466,0.09399071532153291,-0.00033195,1.4256683997023072,6.1063824138390705,82.99304066508067,-0.21789562370390278,18.83461619744144,-0.04593960525765017,-51.74876581414224,0.14951036861664863,93.20465135482986,0.3196625855594684,-23.190864001044723,-0.03635708494780777,0.031502132885006195,-0.00037072,0.17587096544269573,0.00017264,0,1.0
2857,0.1823184340258687,0.032139132274927366,-0.00033195,1.4256683997023072,6.1063824138390705,-91.33290735168076,-0.21789562370390278,-20.438497839683443,-0.04593960525765017,-43.013252570524386,0.14951036861664863,33.95776995107756,0.3196625855594684,83.1891544758593,-0.03635708494780777,-0.05566703690657753,-0.00037072,0.05583446835755298,0.00017264,1,1.0
2858,0.1247109797564607,0.003497189028293788,-0.00033195,1.4256683997023072,6.1063824138390705,-38.765715518634025,-0.21789562370390278,8.012551915107863,-0.04593960525765017,-18.57204178197311,0.14951036861664863,5.429910750396228,0.3196625855594684,29.88371180161261,-0.03635708494780777,-0.026007538993677352,-0.00037072,0.02602477253442044,0.00017264,1,1.0
2859,0.02826263330856421,0.036969494546119586,-0.00033195,1.4256683997023072,6.1063824138390705,-21.944625581624816,-0.21789562370390278,-16.429278517816343,-0.04593960525765017,-13.982261841320032,0.14951036861664863,-69.23067071553811,0.3196625855594684,34.09873701954937,-0.03635708494780777,-0.058721058794895926,-0.00037072,0.0779653190289138,0.00017264,1,1.0
2860,0.15718919595416925,0.0012073645254370526,-0.00033195,1.4256683997023072,6.1063824138390705,-78.85405892055215,-0.21789562370390278,12.924011485551341,-0.04593960525765017,-78.52600051799956,0.14951036861664863,-27.07083742292448,0.3196625855594684,75.20123522304834,-0.03635708494780777,-0.018818402572557937,-0.00037072,0.018845369565425686,0.00017264,1,1.0
2861,0.04247799697300023,0.020288438219651334,-0.00033195,1.4256683997023072,6.1063824138390705,-1.617672715166314,-0.21789562370390278,2.4188883822227933,-0.04593960525765017,-14.171199411533188,0.14951036861664863,-43.76578977655725,0.3196625855594684,13.865868365685563,-0.03635708494780777,-0.006648993842186743,-0.00037072,0.044182747448712735,0.00017264,1,1.0
2862,0.26982422996374333,0.019968435301707,-0.00033195,1.4256683997023072,6.1063824138390705,-89.21688139759081,-0.21789562370390278,22.004156756345562,-0.04593960525765017,-57.258847238285526,0.14951036861664863,36.28556128674588,0.3196625855594684,69.56107524548075,-0.03635708494780777,-0.06337572637794583,-0.00037072,0.06356641489211512,0.00017264,1,1.0
2863,0.45339536885946685,0.09148607609955106,-0.00033195,1.4256683997023072,6.1063824138390705,-64.906619935095,-0.21789562370390278,34.49472539515881,-0.04593960525765017,-56.889262392549334,0.14951036861664863,-50.433667649326644,0.3196625855594684,79.59723783444231,-0.03635708494780777,0.033118568050920706,-0.00037072,0.11216802025828443,0.00017264,0,1.0
2864,0.01717984562638944,0.002130861737398344,-0.00033195,1.4256683997023072,6.1063824138390705,-28.521989082247078,-0.21789562370390278,13.41454801060683,-0.04593960525765017,-60.24499416589006,0.14951036861664863,-9.513914662347098,0.3196625855594684,32.178530864283736,-0.03635708494780777,-0.027492879937572018,-0.00037072,0.027528508346353814,0.00017264,1,1.0
2865,0.0685500846641992,0.0008270148045985328,-0.00033195,1.4256683997023072,6.1063824138390705,-59.271735540524325,-0.21789562370390278,10.167732249816767,-0.04593960525765017,-87.05786063863955,0.14951036861664863,59.1433604459928,0.3196625855594684,58.01155841320851,-0.03635708494780777,-0.017365599536391683,-0.00037072,0.017494103230361407,0.00017264,1,1.0
2866,0.1933481319487633,0.002974024262130035,-0.00033195,1.4256683997023072,6.1063824138390705,-87.29444557364857,-0.21789562370390278,14.621546435793814,-0.04593960525765017,-80.38670124494007,0.14951036861664863,32.08142454315254,0.3196625855594684,77.08910589615856,-0.03635708494780777,-0.024359134544951262,-0.00037072,0.024401620452413703,0.00017264,1,1.0
2867,0.0012363632367680187,0.09155160135391666,-0.00033195,1.4256683997023072,6.1063824138390705,52.05740653917011,-0.21789562370390278,0.5322629073229324,-0.04593960525765017,-45.84360873715129,0.14951036861664863,99.81176304559258,0.3196625855594684,-3.62081583393326,-0.03635708494780777,0.0017211521631415039,-0.00037072,0.1626021543893908,0.00017264,0,1.0
2868,0.1918819125044195,0.09480698193811393,-0.00033195,1.4256683997023072,6.1063824138390705,4.214321238786947,-0.21789562370390278,-3.851473274039052,-0.04593960525765017,-15.887034040136463,0.14951036861664863,-20.251197454036607,0.3196625855594684,31.61445684471053,-0.03635708494780777,0.007371334848856381,-0.00037072,0.1450171982810751,0.00017264,0,1.0
2869,0.2918556551814716,0.047536423389703264,-0.00033195,1.4256683997023072,6.1063824138390705,-78.25887971137803,-0.21789562370390278,30.36615937785735,-0.04593960525765017,-39.41507320972079,0.14951036861664863,36.55383127912132,0.3196625855594684,53.867599617159755,-0.03635708494780777,-0.09651490091905765,-0.00037072,0.09685139475110424,0.00017264,1,1.0
2870,0.0738551686913498,0.010361549850946231,-0.00033195,1.4256683997023072,6.1063824138390705,-64.64990667142938,-0.21789562370390278,5.767008425556874,-0.04593960525765017,-81.51577147361554,0.14951036861664863,-90.18422500557195,0.3196625855594684,72.58771197565787,-0.03635708494780777,-0.049575761564122106,-0.00037072,0.04940660931061418,0.00017264,1,1.0
2871,0.018716656074400845,0.032391649496926044,-0.00033195,1.4256683997023072,6.1063824138390705,12.79465155896414,-0.21789562370390278,22.204089287624363,-0.04593960525765017,-38.56250095155187,0.14951036861664863,82.13868625494264,0.3196625855594684,-5.439392262308717,-0.03635708494780777,-0.01967011122755042,-0.00037072,0.06321775813670655,0.00017264,1,1.0
2872,0.004764373216333703,0.0004800972230401193,-0.00033195,1.4256683997023072,6.1063824138390705,-27.402327840241462,-0.21789562370390278,7.711840167242187,-0.04593960525765017,-59.68237434724073,0.14951036861664863,78.8740431124418,0.3196625855594684,27.09565836884014,-0.03635708494780777,-0.012940161096029554,-0.00037072,0.012992230376958215,0.00017264,1,1.0
2873,0.04830533504071969,0.00017573531442762797,-0.00033195,1.4256683997023072,6.1063824138390705,-19.189330755812307,-0.21789562370390278,4.774458655661669,-0.04593960525765017,-15.630069704946905,0.14951036861664863,-29.690858357052566,0.3196625855594684,18.430901300587266,-0.03635708494780777,-0.007549328441185549,-0.00037072,0.00756045015419521,0.00017264,1,1.0
2874,0.261159047322716,0.017946423395291906,-0.00033195,1.4256683997023072,6.1063824138390705,-80.18103847199829,-0.21789562370390278,19.87694083866947,-0.04593960525765017,-41.29753553271892,0.14951036861664863,4.449335515799443,0.3196625855594684,61.81748904088916,-0.03635708494780777,-0.05928500297117512,-0.00037072,0.05932757012170068,0.00017264,1,1.0
2875,0.1988975632690528,0.0017773416047656976,-0.00033195,1.4256683997023072,6.1063824138390705,-94.85079015831882,-0.21789562370390278,13.524339730462176,-0.04593960525765017,-86.98956337245667,0.14951036861664863,-26.605737013934444,0.3196625855594684,88.85074916343835,-0.03635708494780777,-0.017423215545995022,-0.00037072,0.017420568027588155,0.00017264,1,1.0
2876,0.08589107701589024,0.05554952220351146,-0.00033195,1.4256683997023072,6.1063824138390705,10.943432642459701,-0.21789562370390278,35.2609168687708,-0.04593960525765017,-43.51150792111958,0.14951036861664863,-3.232239285417071,0.3196625855594684,2.7306736746268587,-0.03635708494780777,-0.027860219409408124,-0.00037072,0.09517048665426131,0.00017264,1,1.0
2877,0.0002793056013539602,0.03730549896743301,-0.00033195,1.4256683997023072,6.1063824138390705,45.202028001943816,-0.21789562370390278,16.64568066548766,-0.04593960525765017,-0.09235711640927834,0.14951036861664863,-46.53748410376566,0.3196625855594684,-23.028797390048194,-0.03635708494780777,0.005223743101767445,-0.00037072,0.06571067802985757,0.00017264,0,1.0
2878,0.000620424642815795,0.026697959439344065,-0.00033195,1.4256683997023072,6.1063824138390705,13.621061360184383,-0.21789562370390278,18.66868644929047,-0.04593960525765017,-40.47716204708773,0.14951036861664863,7.900824722567881,0.3196625855594684,1.5244868492723989,-0.03635708494780777,-0.009879992405746406,-0.00037072,0.05649302114336747,0.00017264,1,1.0
2879,0.0012183211410811412,0.05748812293887528,-0.00033195,1.4256683997023072,6.1063824138390705,19.19838712736326,-0.21789562370390278,30.318938706615782,-0.04593960525765017,-96.80411601896509,0.14951036861664863,40.28512331612942,0.3196625855594684,16.328566942956442,-0.03635708494780777,-0.01087391779908882,-0.00037072,0.11750664686074842,0.00017264,1,1.0
2880,0.23485658120801053,0.07841597133343305,-0.00033195,1.4256683997023072,6.1063824138390705,-9.140515703999403,-0.21789562370390278,40.87690847488988,-0.04593960525765017,-62.547102220139585,0.14951036861664863,-39.241063529308775,0.3196625855594684,34.105090499790734,-0.03635708494780777,0.006813542983771466,-0.00037072,0.12237321928373546,0.00017264,0,1.0
2881,0.00047576827077530637,0.051396269311486886,-0.00033195,1.4256683997023072,6.1063824138390705,38.24248688187367,-0.21789562370390278,32.7973384994749,-0.04593960525765017,-27.10263796170828,0.14951036861664863,-24.782577329175854,0.3196625855594684,-20.44515824290126,-0.03635708494780777,-0.029519745388638826,-0.00037072,0.08939673971830028,0.00017264,1,1.0
2882,0.1303839882077023,0.0009217189286087994,-0.00033195,1.4256683997023072,6.1063824138390705,-82.30347157992733,-0.21789562370390278,11.75852779751137,-0.04593960525765017,-99.77839036788895,0.14951036861664863,70.42381144471578,0.3196625855594684,76.77840062129188,-0.03635708494780777,-0.014866669768946877,-0.00037072,0.014895502880458964,0.00017264,1,1.0
2883,0.012184519167250774,0.012050633050099081,-0.00033195,1.4256683997023072,6.1063824138390705,-10.598157977478744,-0.21789562370390278,15.929085918460123,-0.04593960525765017,-49.47197084738702,0.14951036861664863,90.62796184062867,0.3196625855594684,10.692506311072608,-0.03635708494780777,-0.025208117294063668,-0.00037072,0.03837933980286205,0.00017264,1,1.0
2884,0.4247804857230787,0.08169648531150951,-0.00033195,1.4256683997023072,6.1063824138390705,-50.46166597020787,-0.21789562370390278,22.09676050617921,-0.04593960525765017,-17.984791573109124,0.14951036861664863,-86.28591652197342,0.3196625855594684,64.13261614755521,-0.03635708494780777,0.04904934777790661,-0.00037072,0.08566648857548807,0.00017264,0,1.0
2885,0.0004528955616183994,0.042846629843743204,-0.00033195,1.4256683997023072,6.1063824138390705,23.939171387436534,-0.21789562370390278,22.62267284806178,-0.04593960525765017,-55.67545340244396,0.14951036861664863,6.0969039859693215,0.3196625855594684,2.7716484822779197,-0.03635708494780777,-0.005584278576284962,-0.00037072,0.08633672978777444,0.00017264,1,1.0
2886,0.14393490172455303,0.0008782682465342691,-0.00033195,1.4256683997023072,6.1063824138390705,-55.788102778422875,-0.21789562370390278,8.302582936739931,-0.04593960525765017,-36.09431888470592,0.14951036861664863,-78.0480719942655,0.3196625855594684,52.64023956962074,-0.03635708494780777,-0.011235805808121177,-0.00037072,0.011255027224764498,0.00017264,1,1.0
2887,0.0007406052649544699,6.302279160039272e-05,-0.00033195,1.4256683997023072,6.1063824138390705,-12.825725010586362,-0.21789562370390278,0.41602677359236223,-0.04593960525765017,-25.711774029242875,0.14951036861664863,77.9093156592649,0.3196625855594684,10.400604507293714,-0.03635708494780777,-0.0041036787924266065,-0.00037072,0.004129348460298511,0.00017264,1,1.0
2888,0.0229505053118485,0.013676072363898794,-0.00033195,1.4256683997023072,6.1063824138390705,-21.273482721547918,-0.21789562370390278,27.007320027822846,-0.04593960525765017,-63.930723534518,0.14951036861664863,-18.119980636170652,0.3196625855594684,23.45501245910417,-0.03635708494780777,-0.05208786370988522,-0.00037072,0.052277513933191536,0.00017264,1,1.0
2889,0.009701730688675378,0.000137034012034055,-0.00033195,1.4256683997023072,6.1063824138390705,-10.680897193771898,-0.21789562370390278,3.752421263780469,-0.04593960525765017,-20.080447497552857,0.14951036861664863,20.14041714027029,0.3196625855594684,10.211413617003661,-0.03635708494780777,-0.006380732536621797,-0.00037072,0.006392985976090351,0.00017264,1,1.0
2890,0.13246128689291092,0.01409614754149685,-0.00033195,1.4256683997023072,6.1063824138390705,-58.420968492921624,-0.21789562370390278,-10.282545674903794,-0.04593960525765017,-19.296663125855442,0.14951036861664863,-91.18327674225156,0.3196625855594684,57.99587032048267,-0.03635708494780777,-0.03984006544138868,-0.00037072,0.03987871370910526,0.00017264,1,1.0
2891,0.15226894944371894,0.02240184649806156,-0.00033195,1.4256683997023072,6.1063824138390705,-79.32397016024484,-0.21789562370390278,-12.252560808923889,-0.04593960525765017,-44.93500491553141,0.14951036861664863,-55.39160753438876,0.3196625855594684,78.17267540403354,-0.03635708494780777,-0.049112859670698714,-0.00037072,0.04937386321481563,0.00017264,1,1.0
2892,0.05781977524063964,0.04325498998459115,-0.00033195,1.4256683997023072,6.1063824138390705,-47.428965532897536,-0.21789562370390278,-32.28223117677637,-0.04593960525765017,-13.101490403922758,0.14951036861664863,98.33342692616256,0.3196625855594684,43.22368013225979,-0.03635708494780777,-0.07535104652991184,-0.00037072,0.07608972168551109,0.00017264,1,1.0
2893,0.19399694212882,0.004828507195160905,-0.00033195,1.4256683997023072,6.1063824138390705,-58.93848764309892,-0.21789562370390278,-0.5889610236254053,-0.04593960525765017,-6.565918489999614,0.14951036861664863,-25.419967097470597,0.3196625855594684,46.90867242696394,-0.03635708494780777,-0.021328952845934748,-0.00037072,0.021347768762092764,0.00017264,1,1.0
2894,0.5453089536764351,0.15168339054679064,-0.00033195,1.4256683997023072,6.1063824138390705,-27.1035887054962,-0.21789562370390278,46.68179868575968,-0.04593960525765017,-85.62278829251666,0.14951036861664863,0.3559521586589226,0.3196625855594684,78.3668070020958,-0.03635708494780777,0.10382154327901877,-0.00037072,0.19032049091992154,0.00017264,0,1.0
2895,0.2945314553190379,0.0171661950289545,-0.00033195,1.4256683997023072,6.1063824138390705,-91.6201590359693,-0.21789562370390278,6.080577552199175,-0.04593960525765017,-27.56076490882332,0.14951036861664863,65.72109177006702,0.3196625855594684,67.38412425285043,-0.03635708494780777,-0.0563870293585327,-0.00037072,0.05620943460999104,0.00017264,1,1.0
2896,0.009479554796746045,0.0035197776719541624,-0.00033195,1.4256683997023072,6.1063824138390705,-17.447077879993618,-0.21789562370390278,15.353862604353871,-0.04593960525765017,-47.08603633634287,0.14951036861664863,-19.414662414627752,0.3196625855594684,20.667061182912338,-0.03635708494780777,-0.02955985571009367,-0.00037072,0.02967136961479126,0.00017264,1,1.0
2897,0.059588175706104765,0.02427749947960856,-0.00033195,1.4256683997023072,6.1063824138390705,-21.15709053839227,-0.21789562370390278,22.303728808619013,-0.04593960525765017,-69.10258987622669,0.14951036861664863,-74.37989233135573,0.3196625855594684,37.637326887601155,-0.03635708494780777,-0.02727254688364269,-0.00037072,0.06725552136586566,0.00017264,1,1.0
2898,-8.93068683877063e-06,0.030913102461854663,-0.00033195,1.4256683997023072,6.1063824138390705,8.975961897715267,-0.21789562370390278,31.183442526294517,-0.04593960525765017,-46.529331641281246,0.14951036861664863,-67.6181801249895,0.3196625855594684,3.308611135485526,-0.03635708494780777,-0.046664285155539054,-0.00037072,0.0719115954613033,0.00017264,1,1.0
2899,0.17779686245250875,0.0018088936837809455,-0.00033195,1.4256683997023072,6.1063824138390705,-82.46821409989221,-0.21789562370390278,15.686662218541368,-0.04593960525765017,-76.05420749144703,0.14951036861664863,-95.18667697531504,0.3196625855594684,80.9858558741876,-0.03635708494780777,-0.026724046878841893,-0.00037072,0.02673535224977436,0.00017264,1,1.0
2900,2.139663715789908,2.8221108721787513,-0.00033195,0.8575784558748958,2.058281372399891,47.53064425974229,-0.21789562370390278,78.21480897269763,-0.04593960525765017,-97.72557421209477,0.14951036861664863,-42.29331877396509,0.3196625855594684,9.315371740294532,-0.03635708494780777,0.27668591681720756,-0.00037072,19.037303212400328,0.00017264,0,1.0
2901,1.9195132108697168,1.7706304383276323,-0.00033195,0.8575784558748958,2.058281372399891,2.187293640204204,-0.21789562370390278,18.791261366444534,-0.04593960525765017,-18.44956683747141,0.14951036861664863,-24.887395263205114,0.3196625855594684,18.469488375692478,-0.03635708494780777,0.27485077015349435,-0.00037072,4.16825781245857,0.00017264,0,1.0
2902,2.156078867987289,23.739839335235455,-0.00033195,0.8575784558748958,2.058281372399891,70.73276742470591,-0.21789562370390278,85.89414993690816,-0.04593960525765017,-54.472790502472186,0.14951036861664863,-40.55351005009308,0.3196625855594684,-40.771465046311256,-0.03635708494780777,6.420895161067999,-0.00037072,19.311977369226526,0.00017264,0,1.0
2903,2.6106628678633763,29.0464175111315,-0.00033195,0.8575784558748958,2.058281372399891,-77.7975516933333,-0.21789562370390278,-41.55222261992295,-0.04593960525765017,-1.9901943078612598,0.14951036861664863,41.48212268351907,0.3196625855594684,84.52807277579731,-0.03635708494780777,-12.977590516041538,-0.00037072,0.2392639234712446,0.00017264,1,1.0
2904,-0.9017125471975782,2.8667503485227996,-0.00033195,0.8575784558748958,2.058281372399891,43.35034466948367,-0.21789562370390278,29.58513524040272,-0.04593960525765017,-61.241135235631425,0.14951036861664863,30.21724817743461,0.3196625855594684,-24.027354922413195,-0.03635708494780777,3.4536235623958227,-0.00037072,11.857642227704575,0.00017264,0,1.0
2905,4.1607413617612625,123.02204731528704,-0.00033195,0.8575784558748958,2.058281372399891,70.88296100310309,-0.21789562370390278,6.691220847389359,-0.04593960525765017,-26.789141731284865,0.14951036861664863,-33.716306222940446,0.3196625855594684,-5.771651558454558,-0.03635708494780777,0.5937577890769141,-0.00037072,33.16239962580937,0.00017264,0,1.0
2906,1.3394367591558574,1.4325110533094172,-0.00033195,0.8575784558748958,2.058281372399891,50.191639764415264,-0.21789562370390278,67.55186142419042,-0.04593960525765017,-77.24534122561451,0.14951036861664863,-39.83306059386439,0.3196625855594684,-5.280331108015079,-0.03635708494780777,0.30508141581126225,-0.00037072,17.313618649165615,0.00017264,0,1.0
2907,-3.3170285207994197,7.262514347938973,-0.00033195,0.8575784558748958,2.058281372399891,77.52737413834461,-0.21789562370390278,30.109458830223574,-0.04593960525765017,-54.082342640046626,0.14951036861664863,76.01890618594604,0.3196625855594684,-82.62117898716055,-0.03635708494780777,8.781318541131634,-0.00037072,14.305975264737894,0.00017264,0,1.0
2908,-1.9410262622783216,4.310843126882993,-0.00033195,0.8575784558748958,2.058281372399891,57.341188700101185,-0.21789562370390278,30.7972984895581,-0.04593960525765017,-53.04964927010341,0.14951036861664863,46.474988497033436,0.3196625855594684,-51.46477967176431,-0.03635708494780777,6.043752497894176,-0.00037072,11.890411847327783,0.00017264,0,1.0
2909,5.3978068397884,26.9506088780995,-0.00033195,0.8575784558748958,2.058281372399891,-27.45962458312081,-0.21789562370390278,53.16364895472097,-0.04593960525765017,-100.0,0.14951036861664863,16.072609445369213,0.3196625855594684,81.12931433728134,-0.03635708494780777,0.3611968859251098,-0.00037072,10.275001263226024,0.00017264,0,1.0
2910,3.3211695644609196,4.666317263664712,-0.00033195,0.8575784558748958,2.058281372399891,8.16523132974925,-0.21789562370390278,49.39827819060842,-0.04593960525765017,-76.24549938846536,0.14951036861664863,-29.533510153685835,0.3196625855594684,43.68007434519407,-0.03635708494780777,0.2694456769323734,-0.00037072,10.96064127430122,0.00017264,0,1.0
2911,6.897376744804793,20.94118232659248,-0.00033195,0.8575784558748958,2.058281372399891,-22.234228147788844,-0.21789562370390278,53.291374156824425,-0.04593960525765017,-71.59749364005333,0.14951036861664863,-58.17736320069313,0.3196625855594684,90.51767427034602,-0.03635708494780777,0.257703797264365,-0.00037072,9.13581359206255,0.00017264,0,1.0
2912,0.42727218989287064,6.9804968830722185,-0.00033195,0.8575784558748958,2.058281372399891,60.35902988424128,-0.21789562370390278,69.33121235286907,-0.04593960525765017,-65.12527180404007,0.14951036861664863,-16.789292225980812,0.3196625855594684,-34.10216446775297,-0.03635708494780777,3.70473420106972,-0.00037072,16.158404530174966,0.00017264,0,1.0
2913,4.475224610484455,54.45417687643822,-0.00033195,0.8575784558748958,2.058281372399891,16.67198690489819,-0.21789562370390278,16.448654704977038,-0.04593960525765017,-46.27142523688667,0.14951036861664863,43.36080919502467,0.3196625855594684,19.804624316232243,-0.03635708494780777,7.800380620369351,-0.00037072,16.38969845214408,0.00017264,0,1.0
2914,6.742697494230972,19.96037648496295,-0.00033195,0.8575784558748958,2.058281372399891,7.620191476508648,-0.21789562370390278,71.04267525973934,-0.04593960525765017,-74.22536389200982,0.14951036861664863,-88.69847156568068,0.3196625855594684,68.61768759587342,-0.03635708494780777,0.2620345336202181,-0.00037072,15.35596202038006,0.00017264,0,1.0
2915,3.5527027058973437,19.871934895709227,-0.00033195,0.8575784558748958,2.058281372399891,50.9650607521303,-0.21789562370390278,62.34914045431767,-0.04593960525765017,-99.10999643054254,0.14951036861664863,-49.910832180808455,0.3196625855594684,26.74872112400224,-0.03635708494780777,0.2790974724901627,-0.00037072,24.267405710930696,0.00017264,0,1.0
2916,3.0097438412635427,13.959554401674724,-0.00033195,0.8575784558748958,2.058281372399891,5.737378714865911,-0.21789562370390278,17.612486661889182,-0.04593960525765017,-48.97099906812085,0.14951036861664863,-15.846668663059281,0.3196625855594684,39.452228932963266,-0.03635708494780777,0.25105884205766316,-0.00037072,10.464227224403047,0.00017264,0,1.0
2917,6.2348053831416586,31.86406198980376,-0.00033195,0.8575784558748958,2.058281372399891,-27.063492213968402,-0.21789562370390278,50.791823143110044,-0.04593960525765017,-83.01821674018011,0.14951036861664863,-44.38297111570588,0.3196625855594684,94.8527829731367,-0.03635708494780777,-0.8332353693501329,-0.00037072,8.239725848602298,0.00017264,1,1.0
2918,-0.176597665042455,3.5730980092965696,-0.00033195,0.8575784558748958,2.058281372399891,63.39884024005317,-0.21789562370390278,47.40354526535093,-0.04593960525765017,-10.216428468671985,0.14951036861664863,-38.291506717135185,0.3196625855594684,-56.35054778605642,-0.03635708494780777,3.1138066533889956,-0.00037072,12.883351807092918,0.00017264,0,1.0
2919,7.226204171220959,26.214876862131963,-0.00033195,0.8575784558748958,2.058281372399891,0.11440130942993061,-0.21789562370390278,71.4113373569037,-0.04593960525765017,-58.66429986276926,0.14951036861664863,-94.67644751145436,0.3196625855594684,68.61484492635479,-0.03635708494780777,0.2749306971758463,-0.00037072,13.35398021784976,0.00017264,0,1.0
2920,3.398324038412143,5.480941127233507,-0.00033195,0.8575784558748958,2.058281372399891,6.319405407720774,-0.21789562370390278,32.401317582774354,-0.04593960525765017,-22.19309311177231,0.14951036861664863,-53.14509240119982,0.3196625855594684,27.427130194119957,-0.03635708494780777,0.2563129241811142,-0.00037072,7.3072951511064685,0.00017264,0,1.0
2921,-2.222046851302474,4.940018719504189,-0.00033195,0.8575784558748958,2.058281372399891,81.0715876562757,-0.21789562370390278,34.301479049705605,-0.04593960525765017,-20.85446855074739,0.14951036861664863,12.902588850404207,0.3196625855594684,-83.1007165491895,-0.03635708494780777,5.808931034666181,-0.00037072,15.006733863790416,0.00017264,0,1.0
2922,5.388155590365897,73.55532153619711,-0.00033195,0.8575784558748958,2.058281372399891,73.29906546276663,-0.21789562370390278,80.90197867281695,-0.04593960525765017,-69.61361393356914,0.14951036861664863,-8.462683856352053,0.3196625855594684,-22.038272875874394,-0.03635708494780777,17.350411036697377,-0.00037072,22.687828379524465,0.00017264,0,1.0
2923,0.07169933621052316,39.086117039502085,-0.00033195,0.8575784558748958,2.058281372399891,-43.34809998470719,-0.21789562370390278,-34.602332564553656,-0.04593960525765017,-41.88554711441571,0.14951036861664863,35.702759348368424,0.3196625855594684,68.02493843614353,-0.03635708494780777,-8.962379077925682,-0.00037072,0.21140398406589345,0.00017264,1,1.0
2924,-1.3665860179080034,3.176115769682728,-0.00033195,0.8575784558748958,2.058281372399891,22.20542608172481,-0.21789562370390278,21.521440923949598,-0.04593960525765017,-83.95379657031685,0.14951036861664863,84.21732195180887,0.3196625855594684,-8.5388304138088,-0.03635708494780777,5.921476347357928,-0.00037072,6.760154349358387,0.00017264,0,1.0
2925,0.8290717482201928,11.39379198085355,-0.00033195,0.8575784558748958,2.058281372399891,-55.16327563452451,-0.21789562370390278,-11.904344494010155,-0.04593960525765017,-96.13461904014753,0.14951036861664863,91.11703688248868,0.3196625855594684,86.25517111735468,-0.03635708494780777,-4.452782424061256,-0.00037072,0.19890288821153357,0.00017264,1,1.0
2926,-1.3992153675234134,7.052371950720888,-0.00033195,0.8575784558748958,2.058281372399891,60.75620008704626,-0.21789562370390278,37.69493887412292,-0.04593960525765017,-84.63738996795612,0.14951036861664863,31.907967350832653,0.3196625855594684,-29.84617404197647,-0.03635708494780777,2.4709817725481917,-0.00037072,17.677579889587943,0.00017264,0,1.0
2927,-0.8792123709608783,2.337553417284739,-0.00033195,0.8575784558748958,2.058281372399891,11.67119445288568,-0.21789562370390278,12.154586155680619,-0.04593960525765017,-61.268850873917366,0.14951036861664863,70.36581887161591,0.3196625855594684,-2.98052610882441,-0.03635708494780777,3.667679371209382,-0.00037072,5.355747915909988,0.00017264,0,1.0
2928,-0.5487190630390479,6.1346363690164685,-0.00033195,0.8575784558748958,2.058281372399891,33.780462377313256,-0.21789562370390278,24.061106074647597,-0.04593960525765017,-77.53913376588758,0.14951036861664863,34.77900658961517,0.3196625855594684,-2.6901062903713546,-0.03635708494780777,1.411918451510405,-0.00037072,12.856775490514252,0.00017264,0,1.0
2929,1.2148585746107528,0.6008116977786268,-0.00033195,0.8575784558748958,2.058281372399891,-11.886346647045787,-0.21789562370390278,12.115114913012391,-0.04593960525765017,-46.75946856531506,0.14951036861664863,15.50571849760824,0.3196625855594684,34.397993066750395,-0.03635708494780777,0.28632166845964624,-0.00037072,2.007648721164242,0.00017264,0,1.0
2930,7.936848486685273,47.40945632212095,-0.00033195,0.8575784558748958,2.058281372399891,12.116448690077279,-0.21789562370390278,59.60038718638595,-0.04593960525765017,-71.85999613671537,0.14951036861664863,-75.68727620409082,0.3196625855594684,72.68156719157513,-0.03635708494780777,4.329056717630056,-0.00037072,17.85783373667672,0.00017264,0,1.0
2931,2.992879665750843,4.271083213565371,-0.00033195,0.8575784558748958,2.058281372399891,-31.07112359762179,-0.21789562370390278,3.8058466317309447,-0.04593960525765017,-35.72561304242588,0.14951036861664863,-0.3618837367901497,0.3196625855594684,61.299307517288085,-0.03635708494780777,-0.19372129277957276,-0.00037072,0.08535261146158271,0.00017264,1,1.0
2932,-0.30525402687681247,1.1609006711198828,-0.00033195,0.8575784558748958,2.058281372399891,29.586024882453884,-0.21789562370390278,37.836348687008176,-0.04593960525765017,-81.83030999278168,0.14951036861664863,37.364096394540056,0.3196625855594684,-3.8287969977353495,-0.03635708494780777,3.5872889048964436,-0.00037072,10.066544420024377,0.00017264,0,1.0
2933,1.21925597233776,9.526253569326096,-0.00033195,0.8575784558748958,2.058281372399891,-52.17056276661221,-0.21789562370390278,-8.03650354668999,-0.04593960525765017,-85.85988483901832,0.14951036861664863,75.62984013634889,0.3196625855594684,82.28241062687302,-0.03635708494780777,-4.070318719715242,-0.00037072,0.20221153801963188,0.00017264,1,1.0
2934,2.8885312098542286,10.359229143921109,-0.00033195,0.8575784558748958,2.058281372399891,-19.338283908220625,-0.21789562370390278,17.63491547653253,-0.04593960525765017,-49.275020683997155,0.14951036861664863,29.077246254348513,0.3196625855594684,43.739501127789985,-0.03635708494780777,0.2229562553301867,-0.00037072,5.94894945523497,0.00017264,0,1.0
2935,-1.401859113336811,3.546795119516987,-0.00033195,0.8575784558748958,2.058281372399891,84.5688352162931,-0.21789562370390278,57.34577157199405,-0.04593960525765017,-72.60278225832806,0.14951036861664863,-0.14658142489541634,0.3196625855594684,-56.37785635767706,-0.03635708494780777,3.3223989433448544,-0.00037072,20.9148914698627,0.00017264,0,1.0
2936,5.092207034126962,10.221449429383515,-0.00033195,0.8575784558748958,2.058281372399891,-29.03187235935441,-0.21789562370390278,36.77079138589344,-0.04593960525765017,-86.52062155392004,0.14951036861664863,-14.153109512772119,0.3196625855594684,90.44508388267128,-0.03635708494780777,0.2722639446000086,-0.00037072,6.164646303503477,0.00017264,0,1.0
2937,0.0003987976726720355,0.05873577629282931,-0.00033195,0.8575784558748958,2.058281372399891,13.682083445553165,-0.21789562370390278,23.79072042883734,-0.04593960525765017,-54.024116787796224,0.14951036861664863,18.078292966738577,0.3196625855594684,5.736832859220943,-0.03635708494780777,1.1169701129874317,-0.00037072,6.019324558349126,0.00017264,0,1.0
2938,1.5949539613127381,8.636829108092943,-0.00033195,0.8575784558748958,2.058281372399891,-21.5413870412196,-0.21789562370390278,9.488856571304584,-0.04593960525765017,-24.49756450078024,0.14951036861664863,-25.17015847974542,0.3196625855594684,43.64471495848867,-0.03635708494780777,-4.303192001551329,-0.00037072,0.298163200033724,0.00017264,1,1.0
2939,-1.3146687557160017,3.1525139348867226,-0.00033195,0.8575784558748958,2.058281372399891,23.568285382722447,-0.21789562370390278,12.899431964107672,-0.04593960525765017,-48.97135430674848,0.14951036861664863,64.26837868067142,0.3196625855594684,-20.8241934188483,-0.03635708494780777,4.544817617516885,-0.00037072,6.129164910935285,0.00017264,0,1.0
2940,-2.0286771419085268,4.900496852307466,-0.00033195,0.8575784558748958,2.058281372399891,66.79614242590321,-0.21789562370390278,43.728978161461995,-0.04593960525765017,-75.81447657043839,0.14951036861664863,55.43348140134421,0.3196625855594684,-54.34815365788151,-0.03635708494780777,7.342665742093031,-0.00037072,14.594706957399174,0.00017264,0,1.0
2941,0.012087509781024686,0.02484914994722843,-0.00033195,0.8575784558748958,2.058281372399891,30.999333635153782,-0.21789562370390278,37.488126170082246,-0.04593960525765017,-58.58042751918464,0.14951036861664863,-3.1479260166661005,0.3196625855594684,-5.216340735687052,-0.03635708494780777,0.41246762626262434,-0.00037072,10.329602971086963,0.00017264,0,1.0
2942,0.0028697753953599303,0.13808577091251517,-0.00033195,0.8575784558748958,2.058281372399891,77.67791705923099,-0.21789562370390278,72.88263610558728,-0.04593960525765017,-75.2613884292715,0.14951036861664863,-44.32714045942239,0.3196625855594684,-36.31380324493556,-0.03635708494780777,0.2556493499812529,-0.00037072,21.70696731782384,0.00017264,0,1.0
2943,5.049319708645954,19.044333213306192,-0.00033195,0.8575784558748958,2.058281372399891,2.2683070304350776,-0.21789562370390278,67.02655537943285,-0.04593960525765017,-70.54763240769348,0.14951036861664863,-49.47472973252418,0.3196625855594684,50.66318319426832,-0.03635708494780777,0.2786249599892514,-0.00037072,11.917422288683415,0.00017264,0,1.0
2944,-2.033586066576033,9.03779809679288,-0.00033195,0.8575784558748958,2.058281372399891,82.86657593447468,-0.21789562370390278,37.2843787766591,-0.04593960525765017,-9.623617504937005,0.14951036861664863,24.16055476562882,0.3196625855594684,-95.8220408984866,-0.03635708494780777,9.743440815161463,-0.00037072,12.872227979055896,0.00017264,0,1.0
2945,4.610404447115699,8.819078023578568,-0.00033195,0.8575784558748958,2.058281372399891,-18.793060200105824,-0.21789562370390278,32.547047364814105,-0.04593960525765017,-63.02146801469614,0.14951036861664863,-28.007472355994253,0.3196625855594684,71.54119732443064,-0.03635708494780777,0.27548319182268877,-0.00037072,6.213952512968709,0.00017264,0,1.0
2946,-1.2305802456259922,3.082695615405478,-0.00033195,0.8575784558748958,2.058281372399891,60.73138242826517,-0.21789562370390278,31.7595458954203,-0.04593960525765017,-32.88078191636022,0.14951036861664863,4.4475531766418595,0.3196625855594684,-50.38910044579827,-0.03635708494780777,3.36594742044334,-0.00037072,13.439970976648041,0.00017264,0,1.0
2947,-1.524398699889411,4.5135811498418175,-0.00033195,0.8575784558748958,2.058281372399891,92.05745558204771,-0.21789562370390278,49.39092951807801,-0.04593960525765017,-10.324773792913795,0.14951036861664863,-25.511828659892842,0.3196625855594684,-90.5454625892549,-0.03635708494780777,5.201826240062113,-0.00037072,17.20923819892439,0.00017264,0,1.0
2948,2.1035595783560077,2.0503685047916314,-0.00033195,0.8575784558748958,2.058281372399891,6.162962199903949,-0.21789562370390278,29.537959929102445,-0.04593960525765017,-39.0479328229375,0.14951036861664863,-23.350589782411173,0.3196625855594684,23.378084144575464,-0.03635708494780777,0.2583651044524742,-0.00037072,6.533872098235003,0.00017264,0,1.0
2949,-1.1511852113253047,2.82558946142994,-0.00033195,0.8575784558748958,2.058281372399891,83.96483769369348,-0.21789562370390278,47.08847349236077,-0.04593960525765017,-18.61796692173518,0.14951036861664863,-29.858307018805082,0.3196625855594684,-74.3629360824804,-0.03635708494780777,3.47925381680008,-0.00037072,17.315099966840904,0.00017264,0,1.0
2950,-3.136297504643942,6.644586738906768,-0.00033195,0.8575784558748958,2.058281372399891,52.47765860066444,-0.21789562370390278,-0.8165268083717814,-0.04593960525765017,-1e-20,0.14951036861664863,65.85303205964615,0.3196625855594684,-77.35151219346844,-0.03635708494780777,3.9077337577565445,-0.00037072,9.74891588080802,0.00017264,0,1.0
2951,-1.9311807695853656,5.354550602321542,-0.00033195,0.8575784558748958,2.058281372399891,29.95348316966451,-0.21789562370390278,8.357429718573886,-0.04593960525765017,-28.696749549688583,0.14951036861664863,73.35885132680043,0.3196625855594684,-42.52376209276249,-0.03635708494780777,3.1875569662848555,-0.00037072,8.044541423755252,0.00017264,0,1.0
2952,3.282500885205164,12.029612996530306,-0.00033195,0.8575784558748958,2.058281372399891,53.269120684626344,-0.21789562370390278,85.16724862340027,-0.04593960525765017,-52.04940706928287,0.14951036861664863,-89.25133812566492,0.3196625855594684,-7.1768651210977366,-0.03635708494780777,0.3665174927228563,-0.00037072,18.590604975674285,0.00017264,0,1.0
2953,0.5352975124084125,0.586135448266858,-0.00033195,0.8575784558748958,2.058281372399891,89.61665229664034,-0.21789562370390278,89.29923336260016,-0.04593960525765017,-90.60612368290846,0.14951036861664863,-59.32627132577777,0.3196625855594684,-36.78195732645385,-0.03635708494780777,0.2617896854313546,-0.00037072,25.951472226688814,0.00017264,0,1.0
2954,2.4087815402926855,34.296542080084826,-0.00033195,0.8575784558748958,2.058281372399891,67.52647657631545,-0.21789562370390278,49.59426381256754,-0.04593960525765017,-91.56138257154647,0.14951036861664863,-33.27108200949912,0.3196625855594684,4.8143319002991,-0.03635708494780777,0.32676540551772604,-0.00037072,27.768359792381396,0.00017264,0,1.0
2955,1.366044737917768,13.554682927307034,-0.00033195,0.8575784558748958,2.058281372399891,-55.07254249055368,-0.21789562370390278,-9.247723671644337,-0.04593960525765017,-59.85379824108987,0.14951036861664863,58.05156458985793,0.3196625855594684,74.68947767518954,-0.03635708494780777,-6.866943266367472,-0.00037072,0.16902225762141576,0.00017264,1,1.0
2956,-3.245752511210598,19.536756533976202,-0.00033195,0.8575784558748958,2.058281372399891,-0.963114782810242,-0.21789562370390278,-22.442401633060054,-0.04593960525765017,-10.127800364164262,0.14951036861664863,62.334269423547475,0.3196625855594684,-18.13189844275608,-0.03635708494780777,-4.039302555418198,-0.00037072,0.23976909343238928,0.00017264,1,1.0
2957,3.5200698761981832,6.342323423585465,-0.00033195,0.8575784558748958,2.058281372399891,35.92165905338586,-0.21789562370390278,62.15096504291847,-0.04593960525765017,-51.20260168393971,0.14951036861664863,-73.45531200253413,0.3196625855594684,14.457842715190065,-0.03635708494780777,0.26116655501324537,-0.00037072,15.693379163128162,0.00017264,0,1.0
2958,0.0007380500460908435,0.0016454201863953773,-0.00033195,0.8575784558748958,2.058281372399891,-1.818359729439077,-0.21789562370390278,5.173641052811846,-0.04593960525765017,-23.100891150297418,0.14951036861664863,15.013732633347816,0.3196625855594684,8.71179547203984,-0.03635708494780777,0.3372459319708416,-0.00037072,0.9742516684224789,0.00017264,0,1.0
2959,0.761787489171184,0.9360365632340452,-0.00033195,0.8575784558748958,2.058281372399891,-30.86150037952638,-0.21789562370390278,6.474525389314523,-0.04593960525765017,-88.01102683713687,0.14951036861664863,59.841137218759094,0.3196625855594684,61.975891934471086,-0.03635708494780777,-0.29246910109952906,-0.00037072,0.30513271097785033,0.00017264,1,1.0
2960,-2.3871284450194934,18.51393357504394,-0.00033195,0.8575784558748958,2.058281372399891,67.5822002000737,-0.21789562370390278,23.25450917620614,-0.04593960525765017,-93.6495885318801,0.14951036861664863,75.23659401075518,0.3196625855594684,-40.321747414284154,-0.03635708494780777,3.6441578575785982,-0.00037072,20.276884035116566,0.00017264,0,1.0
2961,0.2766163860961339,0.0720183208467193,-0.00033195,0.8575784558748958,2.058281372399891,26.378414045270937,-0.21789562370390278,36.57980537214557,-0.04593960525765017,-58.17078804209861,0.14951036861664863,-4.456202980937165,0.3196625855594684,0.3993241859480553,-0.03635708494780777,0.25974838169176007,-0.00037072,9.665597993035995,0.00017264,0,1.0
2962,6.541436389594287,23.081422620359184,-0.00033195,0.8575784558748958,2.058281372399891,-13.815365197708909,-0.21789562370390278,41.30573251807603,-0.04593960525765017,-11.873350305381857,0.14951036861664863,-84.27087320668659,0.3196625855594684,58.44429571375641,-0.03635708494780777,0.3170826013614656,-0.00037072,6.944774492875342,0.00017264,0,1.0
2963,-0.819271581396448,10.882756594070464,-0.00033195,0.8575784558748958,2.058281372399891,59.19078837210946,-0.21789562370390278,34.95730113628641,-0.04593960525765017,-95.42385342910605,0.14951036861664863,54.011633792084396,0.3196625855594684,-23.857529689569244,-0.03635708494780777,4.889239187025661,-0.00037072,18.927115855028475,0.00017264,0,1.0
2964,1.5438644647794513,7.340227430451977,-0.00033195,0.8575784558748958,2.058281372399891,-11.686736582780943,-0.21789562370390278,-4.129474887557221,-0.04593960525765017,-32.95853395711104,0.14951036861664863,44.12227458195423,0.3196625855594684,27.209318043196436,-0.03635708494780777,0.25902763153870945,-0.00037072,5.72753687733465,0.00017264,0,1.0
2965,-1.4388841165888702,21.541332439950065,-0.00033195,0.8575784558748958,2.058281372399891,-24.17439569271104,-0.21789562370390278,-7.416647472916263,-0.04593960525765017,-22.010127455381326,0.14951036861664863,48.54287147269341,0.3196625855594684,13.186202825080171,-0.03635708494780777,-7.415263031896282,-0.00037072,0.24752915878039472,0.00017264,1,1.0
2966,1.2092938365943766,60.08789271470893,-0.00033195,0.8575784558748958,2.058281372399891,-68.5400624389859,-0.21789562370390278,-56.994400117898884,-0.04593960525765017,-30.658945255250163,0.14951036861664863,43.887797862862946,0.3196625855594684,95.97122652017325,-0.03635708494780777,-12.439078097001172,-0.00037072,-0.1353065635474442,0.00017264,1,1.0
2967,1.5425696136149236,2.5225912496568634,-0.00033195,0.8575784558748958,2.058281372399891,73.13675840346582,-0.21789562370390278,80.67950500904817,-0.04593960525765017,-95.54887107331025,0.14951036861664863,-53.546618267314166,0.3196625855594684,-12.558940193679927,-0.03635708494780777,0.3462726692041862,-0.00037072,24.422455995371298,0.00017264,0,1.0
2968,-2.4408784867748228,8.48469278992872,-0.00033195,0.8575784558748958,2.058281372399891,64.6398040175422,-0.21789562370390278,32.12136938364655,-0.04593960525765017,-98.87308941533003,0.14951036861664863,95.93014285514764,0.3196625855594684,-46.43574160353026,-0.03635708494780777,7.838886441303345,-0.00037072,16.762622834865166,0.00017264,0,1.0
2969,-0.01202509209212188,0.3181912239139598,-0.00033195,0.8575784558748958,2.058281372399891,66.7746504765803,-0.21789562370390278,69.24467371125357,-0.04593960525765017,-92.91247948251117,0.14951036861664863,-16.74499254223001,0.3196625855594684,-23.43352593345782,-0.03635708494780777,1.3751063306525175,-0.00037072,20.060373742067743,0.00017264,0,1.0
2970,0.7016339184082616,9.663883479675441,-0.00033195,0.8575784558748958,2.058281372399891,72.79041986004582,-0.21789562370390278,69.70645536700982,-0.04593960525765017,-13.230609152234804,0.14951036861664863,-72.20810873254005,0.3196625855594684,-58.240091656446005,-0.03635708494780777,1.9048562370858013,-0.00037072,16.342013606355636,0.00017264,0,1.0
2971,4.119767522976015,14.566068445721978,-0.00033195,0.8575784558748958,2.058281372399891,-43.973384453961664,-0.21789562370390278,17.474594967216504,-0.04593960525765017,-30.388649916444148,0.14951036861664863,-63.265797815224936,0.3196625855594684,86.06892447150673,-0.03635708494780777,-7.344104679630034,-0.00037072,0.2293167238191791,0.00017264,1,1.0
2972,2.289243449242405,2.168389879833812,-0.00033195,0.8575784558748958,2.058281372399891,-22.27477226758822,-0.21789562370390278,14.105940489747919,-0.04593960525765017,-57.54360923352214,0.14951036861664863,13.670111605306762,0.3196625855594684,54.699020825945446,-0.03635708494780777,0.2782313661266309,-0.00037072,1.9992583344509434,0.00017264,0,1.0
2973,-1.054199879994477,2.5147401046206674,-0.00033195,0.8575784558748958,2.058281372399891,86.5509776238963,-0.21789562370390278,62.20161197622868,-0.04593960525765017,-59.69474693597446,0.14951036861664863,-17.65187053099292,0.3196625855594684,-61.443115352510816,-0.03635708494780777,3.390528774531173,-0.00037072,20.483212337595784,0.00017264,0,1.0
2974,-1.144199902533301,2.7847929151748976,-0.00033195,0.8575784558748958,2.058281372399891,48.38300587767239,-0.21789562370390278,41.79420058140438,-0.04593960525765017,-77.65438683934285,0.14951036861664863,40.72907473965861,0.3196625855594684,-28.6406215295147,-0.03635708494780777,4.925568340782462,-0.00037072,12.427899580548864,0.00017264,0,1.0
2975,-1.4090727599253121,3.3697685335366754,-0.00033195,0.8575784558748958,2.058281372399891,9.107633168869647,-0.21789562370390278,-4.17729721465601,-0.04593960525765017,-30.940175317762094,0.14951036861664863,76.15086243038925,0.3196625855594684,-16.38363656447618,-0.03635708494780777,0.2602839217488002,-0.00037072,6.337052314489499,0.00017264,0,1.0
2976,3.041815268726549,22.21946014856055,-0.00033195,0.8575784558748958,2.058281372399891,11.446855696386702,-0.21789562370390278,72.58535521458685,-0.04593960525765017,-94.52731401928646,0.14951036861664863,-0.12444814365115406,0.3196625855594684,29.380270951192415,-0.03635708494780777,0.7167010474331148,-0.00037072,13.367767599337764,0.00017264,0,1.0
2977,0.01412626521479421,0.6553843722469443,-0.00033195,0.8575784558748958,2.058281372399891,12.768246894492087,-0.21789562370390278,36.54415968863339,-0.04593960525765017,-84.13944134576312,0.14951036861664863,33.461040221454176,0.3196625855594684,14.057081789542693,-0.03635708494780777,1.293993350728241,-0.00037072,7.540778009536867,0.00017264,0,1.0
2978,-1.7541108261914564,7.334403714290777,-0.00033195,0.8575784558748958,2.058281372399891,87.57765577614816,-0.21789562370390278,35.637696029716984,-0.04593960525765017,-25.934935762845647,0.14951036861664863,-16.61272877492855,0.3196625855594684,-73.56812095589677,-0.03635708494780777,1.9796627495806511,-0.00037072,19.849990030372947,0.00017264,0,1.0
2979,0.8780641488509948,5.248364403840226,-0.00033195,0.8575784558748958,2.058281372399891,74.92488820926303,-0.21789562370390278,69.13050487967172,-0.04593960525765017,-9.586357266080602,0.14951036861664863,-90.71210596516593,0.3196625855594684,-55.08419188899643,-0.03635708494780777,0.32555061737130764,-0.00037072,17.392115838138608,0.00017264,0,1.0
2980,-3.4559349970817803,7.448583515460868,-0.00033195,0.8575784558748958,2.058281372399891,76.42125070182718,-0.21789562370390278,29.734795978830743,-0.04593960525765017,-58.598018516448306,0.14951036861664863,82.94520555525118,0.3196625855594684,-81.62038809209973,-0.03635708494780777,8.944679901335002,-0.00037072,14.120555460968033,0.00017264,0,1.0
2981,-0.9786274678081472,2.8169241565196996,-0.00033195,0.8575784558748958,2.058281372399891,6.88225058000408,-0.21789562370390278,1.0104357002496056,-0.04593960525765017,-31.386796243158212,0.14951036861664863,66.5461303058085,0.3196625855594684,-11.857162672825137,-0.03635708494780777,0.3527920778898088,-0.00037072,5.847167303874189,0.00017264,0,1.0
2982,3.039222317651628,4.273344338407192,-0.00033195,0.8575784558748958,2.058281372399891,-35.858056044049036,-0.21789562370390278,10.75450352160607,-0.04593960525765017,-62.750683805430235,0.14951036861664863,10.136299498831562,0.3196625855594684,75.46869384083578,-0.03635708494780777,-0.7577824704852879,-0.00037072,0.780435795890604,0.00017264,1,1.0
2983,5.905420397614527,14.67657094170912,-0.00033195,0.8575784558748958,2.058281372399891,-40.196676470248946,-0.21789562370390278,21.930126682827414,-0.04593960525765017,-53.96737490825093,0.14951036861664863,-30.18317303414049,0.3196625855594684,95.65544656974565,-0.03635708494780777,0.27355891288651724,-0.00037072,2.95395229894433,0.00017264,0,1.0
2984,-0.047686061302789184,0.6288994506518024,-0.00033195,0.8575784558748958,2.058281372399891,43.35421538804864,-0.21789562370390278,52.47289574911084,-0.04593960525765017,-94.14570290301593,0.14951036861664863,18.441502341771468,0.3196625855594684,-6.960645320664972,-0.03635708494780777,2.7502288359397253,-0.00037072,14.508642958124714,0.00017264,0,1.0
2985,3.2402525468677386,4.994582483988758,-0.00033195,0.8575784558748958,2.058281372399891,18.14379575258759,-0.21789562370390278,46.79273615694838,-0.04593960525765017,-46.43009560119538,0.14951036861664863,-52.09356397992572,0.3196625855594684,24.98582700316334,-0.03635708494780777,0.26356294333125696,-0.00037072,11.153396374578989,0.00017264,0,1.0
2986,-2.4437136616144315,5.4475625885840095,-0.00033195,0.8575784558748958,2.058281372399891,70.05922522518375,-0.21789562370390278,43.53351557882359,-0.04593960525765017,-85.81125018599253,0.14951036861664863,68.6930226704708,0.3196625855594684,-56.73756434217091,-0.03635708494780777,7.733784560077261,-0.00037072,15.502435199907566,0.00017264,0,1.0
2987,0.005683933025212973,0.1269194505091661,-0.00033195,0.8575784558748958,2.058281372399891,80.34764601856861,-0.21789562370390278,78.26939808607176,-0.04593960525765017,-87.12656731707887,0.14951036861664863,-41.95424008673484,0.3196625855594684,-34.37465060057611,-0.03635708494780777,0.25503587645099657,-0.00037072,23.02312341345027,0.00017264,0,1.0
2988,-1.593479869653986,9.07242041649003,-0.00033195,0.8575784558748958,2.058281372399891,75.49140665405754,-0.21789562370390278,26.307423209832653,-0.04593960525765017,-36.25220560070862,0.14951036861664863,46.27103190277324,0.3196625855594684,-71.4630207136579,-0.03635708494780777,7.933121543511596,-0.00037072,16.666812366594225,0.00017264,0,1.0
2989,4.636188263977606,9.174263725198431,-0.00033195,0.8575784558748958,2.058281372399891,-40.91178262572497,-0.21789562370390278,8.315292731722938,-0.04593960525765017,-33.8040534549432,0.14951036861664863,-22.876231450402493,0.3196625855594684,81.27968737993315,-0.03635708494780777,-0.7248832052948906,-0.00037072,0.2206910312795327,0.00017264,1,1.0
2990,-2.3898874544433855,12.639120795817366,-0.00033195,0.8575784558748958,2.058281372399891,50.67072360420427,-0.21789562370390278,6.4356961735059395,-0.04593960525765017,-50.463440224408245,0.14951036861664863,62.21011156724301,0.3196625855594684,-42.08901786758269,-0.03635708494780777,2.371773038727098,-0.00037072,13.941585186688826,0.00017264,0,1.0
2991,3.4321412707946934,29.75110794449347,-0.00033195,0.8575784558748958,2.058281372399891,18.51524056324872,-0.21789562370390278,69.90144927181491,-0.04593960525765017,-94.90800626795406,0.14951036861664863,20.35457220036858,0.3196625855594684,21.56615128105149,-0.03635708494780777,4.9429681282192055,-0.00037072,14.62144121508565,0.00017264,0,1.0
2992,6.562561056421693,125.60693781287965,-0.00033195,0.8575784558748958,2.058281372399891,44.03454032135969,-0.21789562370390278,22.27441572448277,-0.04593960525765017,-66.28033727084635,0.14951036861664863,-14.722565033953657,0.3196625855594684,38.86374856059884,-0.03635708494780777,4.87436363830286,-0.00037072,29.923274363346792,0.00017264,0,1.0
2993,-1.6026460028804632,3.659421095517047,-0.00033195,0.8575784558748958,2.058281372399891,42.1048688475461,-0.21789562370390278,16.27393560410248,-0.04593960525765017,-27.809361859333585,0.14951036861664863,40.158612538234344,0.3196625855594684,-44.363995744469754,-0.03635708494780777,5.019388748368414,-0.00037072,7.986608944328541,0.00017264,0,1.0
2994,-0.7991034766966729,83.21505323642857,-0.00033195,0.8575784558748958,2.058281372399891,-55.33537458353912,-0.21789562370390278,-51.95145043597858,-0.04593960525765017,-0.21371998215204788,0.14951036861664863,-11.42434245689169,0.3196625855594684,69.6305296774048,-0.03635708494780777,-15.809659058704485,-0.00037072,-4.653375517588961,0.00017264,1,1.0
2995,0.7601963135459895,18.81738704721901,-0.00033195,0.8575784558748958,2.058281372399891,34.34748704983968,-0.21789562370390278,0.02423865827159878,-0.04593960525765017,-14.113840982349105,0.14951036861664863,3.147882587444261,0.3196625855594684,-13.464223112332045,-0.03635708494780777,0.43820764805472034,-0.00037072,13.93263048491971,0.00017264,0,1.0
2996,-1.6749714773062419,7.076227508732452,-0.00033195,0.8575784558748958,2.058281372399891,86.94083940974942,-0.21789562370390278,36.515565205077586,-0.04593960525765017,-28.071583179977797,0.14951036861664863,-15.976020789936399,0.3196625855594684,-71.94981035290687,-0.03635708494780777,2.0954195280555634,-0.00037072,19.8664445962263,0.00017264,0,1.0
2997,-0.0014493914340434344,0.41670069640430085,-0.00033195,0.8575784558748958,2.058281372399891,66.51005143614383,-0.21789562370390278,72.96183636255371,-0.04593960525765017,-99.92181813869452,0.14951036861664863,-13.059329362129793,0.3196625855594684,-21.863911657334256,-0.03635708494780777,1.6002669555645692,-0.00037072,20.227175238342404,0.00017264,0,1.0
2998,-0.4612777002728847,1.5149068417477918,-0.00033195,0.8575784558748958,2.058281372399891,28.132604332251123,-0.21789562370390278,11.341265668569024,-0.04593960525765017,-3.6251856164698206,0.14951036861664863,6.0545966877282575,0.3196625855594684,-29.607926270950664,-0.03635708494780777,3.0387657196476905,-0.00037072,5.1932890754602585,0.00017264,0,1.0
2999,2.964430739424437,32.76768241339332,-0.00033195,0.8575784558748958,2.058281372399891,-48.565651142823576,-0.21789562370390278,22.074899170154644,-0.04593960525765017,-16.41551903126225,0.14951036861664863,-55.14925383450342,0.3196625855594684,68.91123852249429,-0.03635708494780777,-12.098352318274697,-0.00037072,0.12481005357944319,0.00017264,1,1.0
3000,0.5641241837950156,0.056194456620570765,-0.00033195,1.9454770056991229,3.5389961297301333,-24.695438990646384,-0.21789562370390278,8.364646882220091,-0.04593960525765017,-19.594249147431164,0.14951036861664863,-74.06265545382443,0.3196625855594684,45.92944087620417,-0.03635708494780777,-0.12754726647537984,-0.00037072,0.12941159591865042,0.00017264,1,1.0
3001,-0.0008542031948577389,0.28714193074970845,-0.00033195,1.9454770056991229,3.5389961297301333,3.1393103958422373,-0.21789562370390278,10.062840594140688,-0.04593960525765017,-52.72780749109998,0.14951036861664863,96.64873504782794,0.3196625855594684,3.1063363582856427,-0.03635708494780777,-0.02643742070730762,-0.00037072,0.4326140320253816,0.00017264,1,1.0
3002,1.0769711090727927,0.706855343763426,-0.00033195,1.9454770056991229,3.5389961297301333,-23.815087011836862,-0.21789562370390278,2.8230480329372867,-0.04593960525765017,-46.32608382231219,0.14951036861664863,-11.700526846919717,0.3196625855594684,77.1960860479725,-0.03635708494780777,0.09346467822212068,-0.00037072,0.6007496665433459,0.00017264,0,1.0
3003,0.5778906198208179,0.08277268697233603,-0.00033195,1.9454770056991229,3.5389961297301333,-54.90320908532461,-0.21789562370390278,14.121990056163018,-0.04593960525765017,-70.67234987144714,0.14951036861664863,-18.22359693633292,0.3196625855594684,75.76216040972041,-0.03635708494780777,-0.17503617876525993,-0.00037072,0.17667960727678292,0.00017264,1,1.0
3004,0.009894357513009933,0.1355312793193299,-0.00033195,1.9454770056991229,3.5389961297301333,-25.05705949288628,-0.21789562370390278,-8.307672215475012,-0.04593960525765017,-20.747791304511104,0.14951036861664863,57.22656136970855,0.3196625855594684,25.25186500972562,-0.03635708494780777,-0.15228706651769866,-0.00037072,0.19411866984022072,0.00017264,1,1.0
3005,1.323892546626159,1.5202768180481234,-0.00033195,1.9454770056991229,3.5389961297301333,56.090774319302405,-0.21789562370390278,36.44365573399243,-0.04593960525765017,-24.714077902631058,0.14951036861664863,-65.4960669671458,0.3196625855594684,1.6087381619493046,-0.03635708494780777,0.15668080146647145,-0.00037072,1.185785500198167,0.00017264,0,1.0
3006,0.23235043858086257,0.5481464338386932,-0.00033195,1.9454770056991229,3.5389961297301333,-50.51456648188979,-0.21789562370390278,-14.841552403182105,-0.04593960525765017,-36.32871179875617,0.14951036861664863,97.16078587070126,0.3196625855594684,54.875180830979346,-0.03635708494780777,-0.23854232562633,-0.00037072,0.44483849211681287,0.00017264,1,1.0
3007,0.14697459985925618,0.008301964829465252,-0.00033195,1.9454770056991229,3.5389961297301333,-46.52579775790513,-0.21789562370390278,4.761589931202185,-0.04593960525765017,-71.04106362400684,0.14951036861664863,60.93112546431198,0.3196625855594684,55.6000605259391,-0.03635708494780777,-0.05356900561792201,-0.00037072,0.05362678580186257,0.00017264,1,1.0
3008,0.43625733836207115,0.7961878822235633,-0.00033195,1.9454770056991229,3.5389961297301333,20.627669961970525,-0.21789562370390278,33.87211797293617,-0.04593960525765017,-98.8258070453258,0.14951036861664863,37.80997205345963,0.3196625855594684,22.968474135309993,-0.03635708494780777,-0.09365223263664796,-0.00037072,0.7491400730407889,0.00017264,1,1.0
3009,0.291086636903016,0.5465252540368981,-0.00033195,1.9454770056991229,3.5389961297301333,-52.734628489539915,-0.21789562370390278,13.339040015926095,-0.04593960525765017,-27.104963678684644,0.14951036861664863,22.21484706531067,0.3196625855594684,25.8652834953174,-0.03635708494780777,-0.414568943540624,-0.00037072,0.4124988270354002,0.00017264,1,1.0
3010,0.4691558546997815,0.9423752502270029,-0.00033195,1.9454770056991229,3.5389961297301333,67.85019825432546,-0.21789562370390278,-6.794730434501645,-0.04593960525765017,-15.280395140817397,0.14951036861664863,97.66951592419565,0.3196625855594684,-9.771843444530106,-0.03635708494780777,0.1347300694983291,-0.00037072,1.1465072317668572,0.00017264,0,1.0
3011,0.06295791711966181,0.11638778031740728,-0.00033195,1.9454770056991229,3.5389961297301333,40.73638169546492,-0.21789562370390278,11.269821405062217,-0.04593960525765017,-17.840819417769183,0.14951036861664863,-66.5728680876435,0.3196625855594684,-2.5368893024383743,-0.03635708494780777,-0.19205134713491906,-0.00037072,0.23565002896667875,0.00017264,1,1.0
3012,1.2459869741662226,0.6002198599492676,-0.00033195,1.9454770056991229,3.5389961297301333,54.20236646925867,-0.21789562370390278,19.35409984530563,-0.04593960525765017,-50.48981671650088,0.14951036861664863,-99.88724779655817,0.3196625855594684,50.73504420801708,-0.03635708494780777,0.28934858598502367,-0.00037072,0.7351743798047835,0.00017264,0,1.0
3013,0.8038537186917998,0.3247363806153805,-0.00033195,1.9454770056991229,3.5389961297301333,78.9729978844623,-0.21789562370390278,30.091114365490103,-0.04593960525765017,-74.99838525544605,0.14951036861664863,-84.50283800732362,0.3196625855594684,26.225615637027882,-0.03635708494780777,0.21667340518936545,-0.00037072,0.6444122923810924,0.00017264,0,1.0
3014,1.1275701095822768,0.712211419607331,-0.00033195,1.9454770056991229,3.5389961297301333,39.83006480186057,-0.21789562370390278,19.877252384535147,-0.04593960525765017,-76.55482068702733,0.14951036861664863,34.756494408499634,0.3196625855594684,42.68328374121766,-0.03635708494780777,0.4931725968642861,-0.00037072,0.893119371444008,0.00017264,0,1.0
3015,0.22078811530670028,0.11749884520472853,-0.00033195,1.9454770056991229,3.5389961297301333,89.51629252701568,-0.21789562370390278,17.195827008279785,-0.04593960525765017,-76.10016635873671,0.14951036861664863,61.46987912077722,0.3196625855594684,-8.118335276485453,-0.03635708494780777,0.43307044166700204,-0.00037072,0.5924761886192437,0.00017264,0,1.0
3016,0.1780619460766027,0.058268359471207606,-0.00033195,1.9454770056991229,3.5389961297301333,23.0694583667594,-0.21789562370390278,9.09890409385949,-0.04593960525765017,-5.732041343221226,0.14951036861664863,-74.75256720575919,0.3196625855594684,3.846054513467265,-0.03635708494780777,-0.16809626253963553,-0.00037072,0.1684969662980438,0.00017264,1,1.0
3017,0.38327127485737844,0.14016080741770773,-0.00033195,1.9454770056991229,3.5389961297301333,70.8647559952693,-0.21789562370390278,20.60929407944706,-0.04593960525765017,-96.8414330122328,0.14951036861664863,57.31878126087475,0.3196625855594684,15.65388852268112,-0.03635708494780777,0.4462000746610703,-0.00037072,0.5594600417658311,0.00017264,0,1.0
3018,0.1305954015679675,0.07101755359020462,-0.00033195,1.9454770056991229,3.5389961297301333,11.147769884931051,-0.21789562370390278,10.59228655321397,-0.04593960525765017,-34.581632029718456,0.14951036861664863,-38.45314665045432,0.3196625855594684,18.460665301055784,-0.03635708494780777,-0.18262996915572824,-0.00037072,0.18503287898533197,0.00017264,1,1.0
3019,0.1254394286921352,0.16162135159832497,-0.00033195,1.9454770056991229,3.5389961297301333,26.039331386959255,-0.21789562370390278,15.8787859350913,-0.04593960525765017,-76.94546317281552,0.14951036861664863,14.220113673305514,0.3196625855594684,25.3652098814235,-0.03635708494780777,-0.025221450773566773,-0.00037072,0.3155383147528745,0.00017264,1,1.0
3020,0.3404372405493431,0.2468527202155255,-0.00033195,1.9454770056991229,3.5389961297301333,42.86582909262221,-0.21789562370390278,20.46085306266001,-0.04593960525765017,-49.366615998542436,0.14951036861664863,-82.63094634866208,0.3196625855594684,19.251501934289298,-0.03635708494780777,-0.17080755970764738,-0.00037072,0.38726097932435266,0.00017264,1,1.0
3021,0.10551671112895264,0.023144874986833507,-0.00033195,1.9454770056991229,3.5389961297301333,-7.484197065424997,-0.21789562370390278,6.822466067771501,-0.04593960525765017,-36.70981496441503,0.14951036861664863,-2.190100518289972,0.3196625855594684,24.15566759131995,-0.03635708494780777,-0.10449963105517018,-0.00037072,0.10573415066061798,0.00017264,1,1.0
3022,0.2891686073207714,0.16962648102875771,-0.00033195,1.9454770056991229,3.5389961297301333,-16.37954639960452,-0.21789562370390278,5.249518222181492,-0.04593960525765017,-70.05390876987627,0.14951036861664863,49.66309000953514,0.3196625855594684,49.70908182191503,-0.03635708494780777,0.03568285978288001,-0.00037072,0.25045832339376306,0.00017264,0,1.0
3023,0.4536253161605288,0.25297134927463116,-0.00033195,1.9454770056991229,3.5389961297301333,59.88676888003463,-0.21789562370390278,22.77410231765644,-0.04593960525765017,-63.08218310878616,0.14951036861664863,-56.00964191580042,0.3196625855594684,17.739643205982713,-0.03635708494780777,0.0635081942978136,-0.00037072,0.4769198640587716,0.00017264,0,1.0
3024,0.00017768021706132675,0.1384748149363812,-0.00033195,1.9454770056991229,3.5389961297301333,54.3659417283729,-0.21789562370390278,11.84135606190463,-0.04593960525765017,-53.79669423294744,0.14951036861664863,44.68387452905611,0.3196625855594684,-7.26861799251335,-0.03635708494780777,0.23823596489079552,-0.00037072,0.29060236816505186,0.00017264,0,1.0
3025,0.409005443415079,0.047500657355970866,-0.00033195,1.9454770056991229,3.5389961297301333,-52.59472348103946,-0.21789562370390278,11.327711005968682,-0.04593960525765017,-83.8703664032201,0.14951036861664863,17.58044086157246,0.3196625855594684,75.64719197728193,-0.03635708494780777,-0.14857655596718597,-0.00037072,0.14856262728217848,0.00017264,1,1.0
3026,0.0014365778629616965,0.11319328102365968,-0.00033195,1.9454770056991229,3.5389961297301333,16.729514038829276,-0.21789562370390278,12.192177745583592,-0.04593960525765017,-63.90590655328024,0.14951036861664863,16.315513157587144,0.3196625855594684,20.048834216165943,-0.03635708494780777,-0.09500009781405666,-0.00037072,0.22791214783149155,0.00017264,1,1.0
3027,0.03421873761650665,0.22248390656423866,-0.00033195,1.9454770056991229,3.5389961297301333,83.2875861139333,-0.21789562370390278,4.752568204521469,-0.04593960525765017,-19.539012304992813,0.14951036861664863,46.869856413168066,0.3196625855594684,-32.80478124281271,-0.03635708494780777,0.2262929055178899,-0.00037072,0.568950531592813,0.00017264,0,1.0
3028,0.8135579081494817,0.09661298452097988,-0.00033195,1.9454770056991229,3.5389961297301333,-60.33645318683374,-0.21789562370390278,11.681920367142556,-0.04593960525765017,-54.45984557932281,0.14951036861664863,-61.07750214140155,0.3196625855594684,86.05487593089944,-0.03635708494780777,-0.1578261459722967,-0.00037072,0.15826178047179332,0.00017264,1,1.0
3029,-0.007086911060327883,0.5743246412688504,-0.00033195,1.9454770056991229,3.5389961297301333,17.672972058649272,-0.21789562370390278,12.662750351598541,-0.04593960525765017,-1e-20,0.14951036861664863,20.91496946662407,0.3196625855594684,-29.61528375306744,-0.03635708494780777,-0.24880521023988383,-0.00037072,0.4907517770716919,0.00017264,1,1.0
3030,-0.2070029446205326,2.6964414604563824,-0.00033195,1.9454770056991229,3.5389961297301333,22.21474570486756,-0.21789562370390278,33.26955389178457,-0.04593960525765017,-58.6420323148034,0.14951036861664863,93.74883473760322,0.3196625855594684,-39.42004757185364,-0.03635708494780777,-0.6029096094746818,-0.00037072,0.9960234002197399,0.00017264,1,1.0
3031,1.428602463102482,0.6726012660106672,-0.00033195,1.9454770056991229,3.5389961297301333,25.31989035216909,-0.21789562370390278,27.459506064822282,-0.04593960525765017,-96.0889462575598,0.14951036861664863,-39.1052356854653,0.3196625855594684,77.12682798002477,-0.03635708494780777,0.5798827828483806,-0.00037072,0.640868408389974,0.00017264,0,1.0
3032,0.9121722770460935,0.11204148015476616,-0.00033195,1.9454770056991229,3.5389961297301333,-63.9397220635724,-0.21789562370390278,6.298292669488425,-0.04593960525765017,-7.47032442553598,0.14951036861664863,-86.82829173268289,0.3196625855594684,68.98973159523729,-0.03635708494780777,-0.06704192423928215,-0.00037072,0.06687364883903815,0.00017264,1,1.0
3033,0.08093928826903429,0.13353467702176205,-0.00033195,1.9454770056991229,3.5389961297301333,20.518157686023923,-0.21789562370390278,12.38766070343556,-0.04593960525765017,-71.77612348387198,0.14951036861664863,33.066939804658176,0.3196625855594684,23.26147393204078,-0.03635708494780777,0.028430980156787702,-0.00037072,0.2660869945741421,0.00017264,0,1.0
3034,0.9131729078961318,0.13230849896697874,-0.00033195,1.9454770056991229,3.5389961297301333,-94.06848496906645,-0.21789562370390278,0.1956799706636469,-0.04593960525765017,-21.569412545760777,0.14951036861664863,-32.70667085334157,0.3196625855594684,88.42242158489749,-0.03635708494780777,-0.044290624527891904,-0.00037072,0.04457104455940159,0.00017264,1,1.0
3035,0.6103821190767872,0.056973743201574195,-0.00033195,1.9454770056991229,3.5389961297301333,-55.91589461120562,-0.21789562370390278,9.865444085649964,-0.04593960525765017,-60.39405689622569,0.14951036861664863,-24.27541230447984,0.3196625855594684,77.0029127305455,-0.03635708494780777,-0.13037750062346845,-0.00037072,0.12998737035697175,0.00017264,1,1.0
3036,0.5677318487308789,0.19334130976094507,-0.00033195,1.9454770056991229,3.5389961297301333,-14.462607513259856,-0.21789562370390278,18.670787442208283,-0.04593960525765017,-67.4024433086336,0.14951036861664863,-81.67843476155217,0.3196625855594684,64.32436268636147,-0.03635708494780777,-0.30579515927836054,-0.00037072,0.3084788832791018,0.00017264,1,1.0
3037,0.0017500837434556438,0.3587018403397282,-0.00033195,1.9454770056991229,3.5389961297301333,91.9955711586777,-0.21789562370390278,27.82617725381281,-0.04593960525765017,-56.3513374672959,0.14951036861664863,-45.40543667654511,0.3196625855594684,-23.846876422202072,-0.03635708494780777,-0.07498260510437127,-0.00037072,0.5000136874841935,0.00017264,1,1.0
3038,0.353016982874893,0.1617731940877978,-0.00033195,1.9454770056991229,3.5389961297301333,98.74565768539262,-0.21789562370390278,30.146466825132595,-0.04593960525765017,-91.87727569503265,0.14951036861664863,12.690378324577962,0.3196625855594684,-4.053578218149294,-0.03635708494780777,0.3736304592127986,-0.00037072,0.6289470711948748,0.00017264,0,1.0
3039,0.39717546258776126,0.20739806148317133,-0.00033195,1.9454770056991229,3.5389961297301333,61.48307181462812,-0.21789562370390278,17.596201366621532,-0.04593960525765017,-49.992721856148535,0.14951036861664863,-30.79554596618025,0.3196625855594684,7.7575340136046815,-0.03635708494780777,0.1926369015774353,-0.00037072,0.42478955837064514,0.00017264,0,1.0
3040,0.002197429653409272,0.14828155194005274,-0.00033195,1.9454770056991229,3.5389961297301333,24.363254222836474,-0.21789562370390278,5.00865694057983,-0.04593960525765017,-43.9459777060887,0.14951036861664863,69.5769040532379,0.3196625855594684,1.5689196547804225,-0.03635708494780777,0.14836891360433122,-0.00037072,0.28342209999117596,0.00017264,0,1.0
3041,0.0005594301060866391,0.10475847575034496,-0.00033195,1.9454770056991229,3.5389961297301333,-2.8496467692898877,-0.21789562370390278,4.1558936599539456,-0.04593960525765017,-51.198750743967175,0.14951036861664863,75.94757468394782,0.3196625855594684,17.158955594750886,-0.03635708494780777,0.0859915849372427,-0.00037072,0.1743172009163665,0.00017264,0,1.0
3042,1.038550167110419,0.38762668896511143,-0.00033195,1.9454770056991229,3.5389961297301333,58.19166386002513,-0.21789562370390278,25.45004406714202,-0.04593960525765017,-94.98966708342074,0.14951036861664863,-41.78886296107443,0.3196625855594684,54.42642292333124,-0.03635708494780777,0.3593091559748169,-0.00037072,0.7205980673630015,0.00017264,0,1.0
3043,0.2662629674108816,0.23294051577471647,-0.00033195,1.9454770056991229,3.5389961297301333,80.77043384173614,-0.21789562370390278,25.448144345778424,-0.04593960525765017,-67.58897224528256,0.14951036861664863,-30.307763112621394,0.3196625855594684,-2.27696258460202,-0.03635708494780777,0.12627500372688463,-0.00037072,0.5046263347049552,0.00017264,0,1.0
3044,0.3317585038976143,0.7074191789954836,-0.00033195,1.9454770056991229,3.5389961297301333,-74.17289394403923,-0.21789562370390278,-22.846987798388767,-0.04593960525765017,-7.563597657122904,0.14951036861664863,63.03792153438051,0.3196625855594684,64.52725143728419,-0.03635708494780777,-0.42388434814593373,-0.00037072,0.42348686199556146,0.00017264,1,1.0
3045,0.8396512236891096,0.9741129041933767,-0.00033195,1.9454770056991229,3.5389961297301333,-58.27771776537344,-0.21789562370390278,-10.013182757793997,-0.04593960525765017,-50.053233587695686,0.14951036861664863,87.89251703553263,0.3196625855594684,82.9447022429412,-0.03635708494780777,-0.07402583936922896,-0.00037072,0.7244907373591891,0.00017264,1,1.0
3046,0.6381660777666783,0.32873863586108565,-0.00033195,1.9454770056991229,3.5389961297301333,30.087702833823105,-0.21789562370390278,25.837392677795265,-0.04593960525765017,-81.22849255908383,0.14951036861664863,-78.1071856051174,0.3196625855594684,48.82613352554999,-0.03635708494780777,-0.10117620649066283,-0.00037072,0.48781154125695425,0.00017264,1,1.0
3047,0.24827105661956783,0.952523054889638,-0.00033195,1.9454770056991229,3.5389961297301333,-10.925763784778459,-0.21789562370390278,26.805623960080958,-0.04593960525765017,-33.99012983243805,0.14951036861664863,-38.91456983860926,0.3196625855594684,7.011542705627032,-0.03635708494780777,-0.5300025117681342,-0.00037072,0.5293779307718596,0.00017264,1,1.0
3048,0.925567645892511,0.9835482779650954,-0.00033195,1.9454770056991229,3.5389961297301333,-41.01622385440047,-0.21789562370390278,25.6068605337475,-0.04593960525765017,-38.30149386581852,0.14951036861664863,-47.217197149252016,0.3196625855594684,47.402717066616496,-0.03635708494780777,-0.2806072051031339,-0.00037072,0.6353320757380352,0.00017264,1,1.0
3049,0.5497813993607187,0.04791076689272872,-0.00033195,1.9454770056991229,3.5389961297301333,-29.915643584443217,-0.21789562370390278,8.290547916969276,-0.04593960525765017,-22.397273505890066,0.14951036861664863,-62.677157467600935,0.3196625855594684,47.247376765901464,-0.03635708494780777,-0.11260724381403614,-0.00037072,0.11264275360822668,0.00017264,1,1.0
3050,0.07933089110785485,0.24187155856139805,-0.00033195,1.9454770056991229,3.5389961297301333,48.10761989971325,-0.21789562370390278,23.818206312699896,-0.04593960525765017,-89.26382345688384,0.14951036861664863,14.182818323048656,0.3196625855594684,13.128447232867796,-0.03635708494780777,-0.019633386632945282,-0.00037072,0.42369101567102546,0.00017264,1,1.0
3051,-0.0007353673094613114,0.3031713566071698,-0.00033195,1.9454770056991229,3.5389961297301333,-12.636403053883713,-0.21789562370390278,0.8989850790343689,-0.04593960525765017,-35.95458200383576,0.14951036861664863,0.3720316629410754,0.3196625855594684,30.074957244531365,-0.03635708494780777,-0.2567449126316417,-0.00037072,0.12399031318058001,0.00017264,1,1.0
3052,0.7799904153884611,0.4400112541951275,-0.00033195,1.9454770056991229,3.5389961297301333,25.77170821205727,-0.21789562370390278,19.92249409227094,-0.04593960525765017,-83.42699169410719,0.14951036861664863,73.65934956808884,0.3196625855594684,33.498044155524624,-0.03635708494780777,0.3499267223734378,-0.00037072,0.792749049662847,0.00017264,0,1.0
3053,0.7020207131751692,0.0774333277314155,-0.00033195,1.9454770056991229,3.5389961297301333,-31.250313773860974,-0.21789562370390278,8.954383330451225,-0.04593960525765017,-16.979536612928825,0.14951036861664863,-93.21145152610347,0.3196625855594684,54.181760115157225,-0.03635708494780777,-0.13801637095162217,-0.00037072,0.1384589712779059,0.00017264,1,1.0
3054,0.426530526186494,0.23429742713676283,-0.00033195,1.9454770056991229,3.5389961297301333,70.21826829471419,-0.21789562370390278,17.51411766241832,-0.04593960525765017,-22.251091188061046,0.14951036861664863,-92.56531295124093,0.3196625855594684,-2.115981419673867,-0.03635708494780777,0.0482684269623109,-0.00037072,0.4177121202695431,0.00017264,0,1.0
3055,0.730979730306123,0.2827906487113925,-0.00033195,1.9454770056991229,3.5389961297301333,-64.510385892252,-0.21789562370390278,8.711954621723317,-0.04593960525765017,-0.09004142395062961,0.14951036861664863,-52.72551345449556,0.3196625855594684,47.15435087733549,-0.03635708494780777,-0.256590526493539,-0.00037072,0.2589401151559316,0.00017264,1,1.0
3056,0.031540611818248854,0.17101954780551049,-0.00033195,1.9454770056991229,3.5389961297301333,51.59153862880507,-0.21789562370390278,15.876756505701303,-0.04593960525765017,-14.59795049721649,0.14951036861664863,-90.08594594342613,0.3196625855594684,-11.829880297738734,-0.03635708494780777,-0.26615822722503757,-0.00037072,0.26777289996768006,0.00017264,1,1.0
3057,0.0005044125147415368,2.505525974300105,-0.00033195,1.9454770056991229,3.5389961297301333,35.454079720589846,-0.21789562370390278,37.120525430547914,-0.04593960525765017,-56.51637160310487,0.14951036861664863,77.71205728654115,0.3196625855594684,-41.417318700152556,-0.03635708494780777,-0.52574142240489,-0.00037072,1.1372275583628628,0.00017264,1,1.0
3058,0.6165646244895164,0.11457863212397731,-0.00033195,1.9454770056991229,3.5389961297301333,-18.158886013611262,-0.21789562370390278,14.083444643661585,-0.04593960525765017,-37.10156053134912,0.14951036861664863,-92.85342526646791,0.3196625855594684,53.8299188573805,-0.03635708494780777,-0.22173316760781883,-0.00037072,0.22263582317780964,0.00017264,1,1.0
3059,0.19190580135343743,0.12117459148382927,-0.00033195,1.9454770056991229,3.5389961297301333,10.523276482933072,-0.21789562370390278,10.26174259071677,-0.04593960525765017,-56.28094599909928,0.14951036861664863,19.152438523772528,0.3196625855594684,25.210338046827363,-0.03635708494780777,0.06270193383901512,-0.00037072,0.2165906322733639,0.00017264,0,1.0
3060,0.29484948991005144,0.010478251865348604,-0.00033195,1.9454770056991229,3.5389961297301333,-25.468360239980377,-0.21789562370390278,3.1133141528131176,-0.04593960525765017,-16.39720682816882,0.14951036861664863,-16.955327694449853,0.3196625855594684,30.61483592277707,-0.03635708494780777,-0.0341029001089219,-0.00037072,0.034357032946365586,0.00017264,1,1.0
3061,0.3271724500598948,0.24552467649986906,-0.00033195,1.9454770056991229,3.5389961297301333,93.25578580179597,-0.21789562370390278,10.366506324630313,-0.04593960525765017,-16.30483369893776,0.14951036861664863,-23.3792773358389,0.3196625855594684,-22.75449152215363,-0.03635708494780777,0.26772949550720804,-0.00037072,0.564470664136848,0.00017264,0,1.0
3062,0.5789697470396267,0.2817786164355392,-0.00033195,1.9454770056991229,3.5389961297301333,51.54562330602432,-0.21789562370390278,24.094781788878652,-0.04593960525765017,-73.1073520105247,0.14951036861664863,-59.05097808629788,0.3196625855594684,31.20293951137582,-0.03635708494780777,0.06610063504905331,-0.00037072,0.5057974914597619,0.00017264,0,1.0
3063,0.004717166508612647,0.16837598406394522,-0.00033195,1.9454770056991229,3.5389961297301333,49.71968558690173,-0.21789562370390278,18.50317267112973,-0.04593960525765017,-82.58894763492145,0.14951036861664863,70.09516641989111,0.3196625855594684,1.0657912192635577,-0.03635708494780777,0.1984433032761711,-0.00037072,0.39419290180078626,0.00017264,0,1.0
3064,0.7397727246041185,0.34234980255072955,-0.00033195,1.9454770056991229,3.5389961297301333,47.81567621964475,-0.21789562370390278,26.35545040100197,-0.04593960525765017,-72.94199829280295,0.14951036861664863,-88.58513705562602,0.3196625855594684,40.71303541576886,-0.03635708494780777,0.023865636423379077,-0.00037072,0.5412319976840734,0.00017264,0,1.0
3065,0.6184000774021551,0.06018398824836358,-0.00033195,1.9454770056991229,3.5389961297301333,-29.320770839436026,-0.21789562370390278,8.458891238418161,-0.04593960525765017,-18.37564915535409,0.14951036861664863,-78.63588737810629,0.3196625855594684,49.39453765825112,-0.03635708494780777,-0.12340929564362614,-0.00037072,0.12384367471004855,0.00017264,1,1.0
3066,0.19371461190742612,0.21543327713863805,-0.00033195,1.9454770056991229,3.5389961297301333,93.31613521148455,-0.21789562370390278,22.746679353179932,-0.04593960525765017,-47.81934973540183,0.14951036861664863,-46.21014469968712,0.3196625855594684,-16.87196390516265,-0.03635708494780777,0.12143118836956063,-0.00037072,0.47932331406627443,0.00017264,0,1.0
3067,0.42669723188718045,0.01937238292750454,-0.00033195,1.9454770056991229,3.5389961297301333,-87.38173114063633,-0.21789562370390278,4.863592550145663,-0.04593960525765017,-88.33577160510556,0.14951036861664863,72.6716348239907,0.3196625855594684,90.57927456316993,-0.03635708494780777,-0.035640892966384376,-0.00037072,0.035870414944551655,0.00017264,1,1.0
3068,0.3290635507714579,0.030561929916879508,-0.00033195,1.9454770056991229,3.5389961297301333,-24.730883826276365,-0.21789562370390278,7.878370160623819,-0.04593960525765017,-40.95554597887385,0.14951036861664863,-20.042146315261178,0.3196625855594684,43.439952842962676,-0.03635708494780777,-0.11497428732854198,-0.00037072,0.11602314092222937,0.00017264,1,1.0
3069,0.638843829679957,0.20895223618409092,-0.00033195,1.9454770056991229,3.5389961297301333,-22.15556988471419,-0.21789562370390278,17.247991220695013,-0.04593960525765017,-84.98783198913677,0.14951036861664863,-39.48892174968587,0.3196625855594684,75.84503100478861,-0.03635708494780777,-0.14869201119276457,-0.00037072,0.32266282628247867,0.00017264,1,1.0
3070,0.10030268061600167,0.42522222188616404,-0.00033195,1.9454770056991229,3.5389961297301333,75.1262668010841,-0.21789562370390278,6.535145980287674,-0.04593960525765017,-55.32526570414206,0.14951036861664863,18.594466373486384,0.3196625855594684,2.363023613749069,-0.03635708494780777,0.0016584086698551714,-0.00037072,0.6261165805126943,0.00017264,0,1.0
3071,0.4274759341670141,0.28466786843859826,-0.00033195,1.9454770056991229,3.5389961297301333,56.64329779517599,-0.21789562370390278,24.461664675944807,-0.04593960525765017,-63.671438098289094,0.14951036861664863,-71.66951734984998,0.3196625855594684,19.399883791134954,-0.03635708494780777,-0.0463036709492205,-0.00037072,0.47493591091528253,0.00017264,1,1.0
3072,-0.0032766129412651335,0.5286010790296493,-0.00033195,1.9454770056991229,3.5389961297301333,98.06348666618662,-0.21789562370390278,23.136168194493358,-0.04593960525765017,-1.638117685952395,0.14951036861664863,-34.64865282335314,0.3196625855594684,-62.379399650159776,-0.03635708494780777,-0.01148977020392461,-0.00037072,0.5846051617990011,0.00017264,1,1.0
3073,0.06422745481978048,0.033486361478113014,-0.00033195,1.9454770056991229,3.5389961297301333,-2.4786620345277917,-0.21789562370390278,7.684738825583035,-0.04593960525765017,-40.7358253998757,0.14951036861664863,-0.9556938393929225,0.3196625855594684,22.37374590877869,-0.03635708494780777,-0.12429738611460894,-0.00037072,0.12499735015474389,0.00017264,1,1.0
3074,0.7367381145074259,0.3180898067949127,-0.00033195,1.9454770056991229,3.5389961297301333,45.29679969973395,-0.21789562370390278,22.060236992564977,-0.04593960525765017,-62.156940279066205,0.14951036861664863,-80.02567755764446,0.3196625855594684,37.97921441043026,-0.03635708494780777,0.07947313640662909,-0.00037072,0.5072380742365675,0.00017264,0,1.0
3075,0.037191164537765053,0.4262316950218461,-0.00033195,1.9454770056991229,3.5389961297301333,-35.45706960907862,-0.21789562370390278,8.922450323577385,-0.04593960525765017,-17.5705882130084,0.14951036861664863,45.565445414552094,0.3196625855594684,5.346318292484408,-0.03635708494780777,-0.3714107967353294,-0.00037072,0.36533235468233005,0.00017264,1,1.0
3076,0.22562611787442508,0.020866236655047516,-0.00033195,1.9454770056991229,3.5389961297301333,-10.880832514968073,-0.21789562370390278,6.096169109510834,-0.04593960525765017,-25.965407497185005,0.14951036861664863,-24.17233356792702,0.3196625855594684,27.08409643009773,-0.03635708494780777,-0.09857696112377948,-0.00037072,0.09909931074240344,0.00017264,1,1.0
3077,0.0037417966878871,0.1286097291478706,-0.00033195,1.9454770056991229,3.5389961297301333,70.65982914812767,-0.21789562370390278,13.675670105309377,-0.04593960525765017,-68.57450324723874,0.14951036861664863,79.7783489823665,0.3196625855594684,-12.40275927481648,-0.03635708494780777,0.3488261113667486,-0.00037072,0.4357616964823567,0.00017264,0,1.0
3078,0.07876644820841189,0.06592697843959666,-0.00033195,1.9454770056991229,3.5389961297301333,-5.723822337713038,-0.21789562370390278,10.985414682200826,-0.04593960525765017,-61.39513162173735,0.14951036861664863,5.757399575958537,0.3196625855594684,33.23836721818841,-0.03635708494780777,-0.17261907846816424,-0.00037072,0.17442181802866882,0.00017264,1,1.0
3079,0.5618341778427897,0.03322348557124545,-0.00033195,1.9454770056991229,3.5389961297301333,-88.11497807986844,-0.21789562370390278,6.983292821121198,-0.04593960525765017,-86.66242750176764,0.14951036861664863,44.87261838833497,0.3196625855594684,96.8255750937532,-0.03635708494780777,-0.06174981367733291,-0.00037072,0.06210801776287013,0.00017264,1,1.0
3080,0.9719885889930412,0.22437191514976101,-0.00033195,1.9454770056991229,3.5389961297301333,-91.82203960421131,-0.21789562370390278,12.929183245548325,-0.04593960525765017,-43.60677532660395,0.14951036861664863,-49.05980098569108,0.3196625855594684,90.89712075763583,-0.03635708494780777,-0.2099738807253804,-0.00037072,0.2091640587963424,0.00017264,1,1.0
3081,0.5694141725715766,0.17722807910049138,-0.00033195,1.9454770056991229,3.5389961297301333,-22.418820292641637,-0.21789562370390278,18.716301759672504,-0.04593960525765017,-74.1235311826067,0.14951036861664863,-67.59249101702375,0.3196625855594684,69.37834930627197,-0.03635708494780777,-0.29100885833446205,-0.00037072,0.29447528773385806,0.00017264,1,1.0
3082,0.0004754019145355448,0.24894500423191918,-0.00033195,1.9454770056991229,3.5389961297301333,22.524887443942507,-0.21789562370390278,16.589827119173076,-0.04593960525765017,-48.661281931825414,0.14951036861664863,24.87948136508533,0.3196625855594684,-1.6318600770320322,-0.03635708494780777,-0.09116447081438786,-0.00037072,0.3340054082128704,0.00017264,1,1.0
3083,0.9624909035694651,0.4291996240223348,-0.00033195,1.9454770056991229,3.5389961297301333,-75.22347947497474,-0.21789562370390278,26.968111845956145,-0.04593960525765017,-86.47354135083884,0.14951036861664863,-68.4529310773778,0.3196625855594684,99.8546506290118,-0.03635708494780777,-0.37471506976973445,-0.00037072,0.37083254783916775,0.00017264,1,1.0
3084,1.1096015650113782,0.47628915036717145,-0.00033195,1.9454770056991229,3.5389961297301333,6.54571392551698,-0.21789562370390278,17.486719241567556,-0.04593960525765017,-52.137742838716925,0.14951036861664863,-38.900297684630104,0.3196625855594684,55.55362604505639,-0.03635708494780777,0.3747463666437782,-0.00037072,0.46641429411203356,0.00017264,0,1.0
3085,0.0008899960422971143,0.1532884646167456,-0.00033195,1.9454770056991229,3.5389961297301333,81.25055688484599,-0.21789562370390278,21.498015188701814,-0.04593960525765017,-85.43947270866228,0.14951036861664863,95.12777887139026,0.3196625855594684,-18.527473126316835,-0.03635708494780777,0.3334662213022298,-0.00037072,0.5872220734904753,0.00017264,0,1.0
3086,1.068268502598783,0.5512038281985786,-0.00033195,1.9454770056991229,3.5389961297301333,73.02051840708549,-0.21789562370390278,19.22935938816583,-0.04593960525765017,-80.17877104587163,0.14951036861664863,-35.19427803692669,0.3196625855594684,46.36177395357923,-0.03635708494780777,0.342101031178392,-0.00037072,0.899054393373284,0.00017264,0,1.0
3087,1.019726071973324,0.44669337310557083,-0.00033195,1.9454770056991229,3.5389961297301333,26.249738930157395,-0.21789562370390278,17.312748297499407,-0.04593960525765017,-76.58485421790793,0.14951036861664863,-21.273462494459878,0.3196625855594684,59.77465167198393,-0.03635708494780777,0.32840598903547813,-0.00037072,0.6112860048187495,0.00017264,0,1.0
3088,0.8197098548867237,0.12710913918840555,-0.00033195,1.9454770056991229,3.5389961297301333,-41.94808848002044,-0.21789562370390278,12.281609166368792,-0.04593960525765017,-42.13687257605925,0.14951036861664863,-94.57822221194377,0.3196625855594684,76.26596087201598,-0.03635708494780777,-0.20354410236955245,-0.00037072,0.20441012418308735,0.00017264,1,1.0
3089,0.0012214112543443845,0.13558781076941112,-0.00033195,1.9454770056991229,3.5389961297301333,83.82519836039762,-0.21789562370390278,13.26080814733389,-0.04593960525765017,-44.436436687136364,0.14951036861664863,37.12976337836463,0.3196625855594684,-25.86632925042489,-0.03635708494780777,0.330092136242219,-0.00037072,0.38421886165407615,0.00017264,0,1.0
3090,0.7683628882177411,0.35018371272214627,-0.00033195,1.9454770056991229,3.5389961297301333,-17.41028033075607,-0.21789562370390278,15.221715757119158,-0.04593960525765017,-40.31139313742428,0.14951036861664863,-23.30408630053968,0.3196625855594684,44.700340068806916,-0.03635708494780777,0.07930410841530788,-0.00037072,0.37187226217522523,0.00017264,0,1.0
3091,1.0249563611163517,0.9830316904014247,-0.00033195,1.9454770056991229,3.5389961297301333,21.323786726550082,-0.21789562370390278,1.8000148334494404,-0.04593960525765017,-40.251869786990866,0.14951036861664863,-26.8377238788836,0.3196625855594684,58.42730380404532,-0.03635708494780777,0.04947075682670832,-0.00037072,0.8449036306377656,0.00017264,0,1.0
3092,0.0001412210222320985,0.07804714861337964,-0.00033195,1.9454770056991229,3.5389961297301333,-11.236919433340361,-0.21789562370390278,-0.4899096495619337,-0.04593960525765017,-19.222460941052258,0.14951036861664863,53.7438331012084,0.3196625855594684,7.986416192284082,-0.03635708494780777,-0.020764234051381822,-0.00037072,0.15598115956677472,0.00017264,1,1.0
3093,2.2559887153736846,2.542540066248283,-0.00033195,1.9454770056991229,3.5389961297301333,-23.09938855855218,-0.21789562370390278,23.05298758441047,-0.04593960525765017,-38.79670009472063,0.14951036861664863,6.832217975190745,0.3196625855594684,77.02412289191373,-0.03635708494780777,0.30916449458601525,-0.00037072,1.5948655292745322,0.00017264,0,1.0
3094,1.7378483993823348,2.2348433464134114,-0.00033195,1.9454770056991229,3.5389961297301333,83.51816606605905,-0.21789562370390278,6.483322121654977,-0.04593960525765017,-81.19514182811166,0.14951036861664863,-6.168893059581836,0.3196625855594684,77.42383981766567,-0.03635708494780777,0.27744235347536506,-0.00037072,1.7298003447046781,0.00017264,0,1.0
3095,0.6682060443743267,0.4958977287839016,-0.00033195,1.9454770056991229,3.5389961297301333,-57.72448013418575,-0.21789562370390278,-4.767270088273,-0.04593960525765017,-55.83565150750281,0.14951036861664863,52.353123889723335,0.3196625855594684,81.26558169030982,-0.03635708494780777,-0.07728649619100558,-0.00037072,0.4252929342932885,0.00017264,1,1.0
3096,0.5922375009581194,0.09599133043424993,-0.00033195,1.9454770056991229,3.5389961297301333,-94.23906429698395,-0.21789562370390278,-3.1830087682677135,-0.04593960525765017,-34.40400312868415,0.14951036861664863,37.62264860579954,0.3196625855594684,77.59567287450875,-0.03635708494780777,-0.11042598404072487,-0.00037072,0.10875425386068069,0.00017264,1,1.0
3097,0.7669331086534658,0.3339100877507715,-0.00033195,1.9454770056991229,3.5389961297301333,50.4465459736395,-0.21789562370390278,28.46800701067025,-0.04593960525765017,-89.31329805031146,0.14951036861664863,-65.73685767091114,0.3196625855594684,44.90717107023782,-0.03635708494780777,0.10889642778954742,-0.00037072,0.5835567149104967,0.00017264,0,1.0
3098,0.18335540580920795,0.16661313264857885,-0.00033195,1.9454770056991229,3.5389961297301333,89.50193781911354,-0.21789562370390278,21.255164893702453,-0.04593960525765017,-58.7644788105408,0.14951036861664863,-5.63689386618606,0.3196625855594684,-13.992528915871869,-0.03635708494780777,0.2583695130183694,-0.00037072,0.46892748254744576,0.00017264,0,1.0
3099,0.3802199038698705,0.2147462116185893,-0.00033195,1.9454770056991229,3.5389961297301333,75.02296615982745,-0.21789562370390278,14.352985999508958,-0.04593960525765017,-12.627666415224525,0.14951036861664863,-76.90834417143559,0.3196625855594684,-11.32460041580528,-0.03635708494780777,0.1336922311265786,-0.00037072,0.3983016799939809,0.00017264,0,1.0
3100,0.24446440368286937,0.08334102364623433,-0.00033195,1.8245104092038358,3.4333385372646403,89.16959774096435,-0.21789562370390278,26.210871238443975,-0.04593960525765017,-83.10273201501722,0.14951036861664863,18.41426485818001,0.3196625855594684,-6.605972967181707,-0.03635708494780777,0.39680133263757716,-0.00037072,0.6788220905143985,0.00017264,0,1.0
3101,1.4550945681815235,0.7978275295263026,-0.00033195,1.8245104092038358,3.4333385372646403,-32.80430809382741,-0.21789562370390278,20.773028800652334,-0.04593960525765017,-64.36034461388132,0.14951036861664863,-17.90309165963553,0.3196625855594684,79.12622961164678,-0.03635708494780777,0.29332849742897815,-0.00037072,0.6984181992821651,0.00017264,0,1.0
3102,0.2519722873806386,0.3501108421607224,-0.00033195,1.8245104092038358,3.4333385372646403,-5.953492804210331,-0.21789562370390278,-0.12598601665680462,-0.04593960525765017,-14.851675536103109,0.14951036861664863,64.01324094823289,0.3196625855594684,7.215217662456888,-0.03635708494780777,0.0063228932503869295,-0.00037072,0.5020682561030082,0.00017264,0,1.0
3103,1.5355262453209328,1.6594363909289982,-0.00033195,1.8245104092038358,3.4333385372646403,51.783983217531045,-0.21789562370390278,1.6477227936583014,-0.04593960525765017,-7.254985889722065,0.14951036861664863,-44.003576660021466,0.3196625855594684,37.05252326807986,-0.03635708494780777,0.2824944383188692,-0.00037072,1.4237921966286822,0.00017264,0,1.0
3104,1.4876611173702412,1.1305487016077727,-0.00033195,1.8245104092038358,3.4333385372646403,-57.36835623307062,-0.21789562370390278,23.33400856340057,-0.04593960525765017,-40.341851392252245,0.14951036861664863,-59.79519217853181,0.3196625855594684,77.88107547089444,-0.03635708494780777,-0.08302334044375209,-0.00037072,0.7055752581083143,0.00017264,1,1.0
3105,1.0896276125548785,0.5053086070278447,-0.00033195,1.8245104092038358,3.4333385372646403,-47.52313497703185,-0.21789562370390278,6.72427528382496,-0.04593960525765017,-59.928176734733626,0.14951036861664863,-5.692489176297006,0.3196625855594684,87.08646409519625,-0.03635708494780777,0.13726108858171648,-0.00037072,0.40871819128602205,0.00017264,0,1.0
3106,0.25743205843203765,0.01595231420114458,-0.00033195,1.8245104092038358,3.4333385372646403,-56.80017981157404,-0.21789562370390278,6.912504482502818,-0.04593960525765017,-83.65574343075973,0.14951036861664863,64.82001301922675,0.3196625855594684,68.31597491636396,-0.03635708494780777,-0.08163537587559228,-0.00037072,0.081419203010271,0.00017264,1,1.0
3107,0.00022921237554707208,0.11913515327454623,-0.00033195,1.8245104092038358,3.4333385372646403,37.553641233441404,-0.21789562370390278,8.30617093792168,-0.04593960525765017,-19.645853975332727,0.14951036861664863,-2.9135325550541302,0.3196625855594684,-11.10513354170871,-0.03635708494780777,0.0888847403296874,-0.00037072,0.22164877193241517,0.00017264,0,1.0
3108,0.33656520173926197,0.037152272964609,-0.00033195,1.8245104092038358,3.4333385372646403,-40.7052538972063,-0.21789562370390278,9.345443718528392,-0.04593960525765017,-64.21850703989142,0.14951036861664863,17.525051387024984,0.3196625855594684,56.856566719772424,-0.03635708494780777,-0.13126937044182982,-0.00037072,0.13114982571298897,0.00017264,1,1.0
3109,0.5490856974798715,0.2554172754424639,-0.00033195,1.8245104092038358,3.4333385372646403,54.761337098049474,-0.21789562370390278,21.322490335295225,-0.04593960525765017,-48.00806233574848,0.14951036861664863,-51.64586448288868,0.3196625855594684,11.922816365549204,-0.03635708494780777,0.19354661080262134,-0.00037072,0.5383754967581804,0.00017264,0,1.0
3110,0.04577701767009423,0.13776971115829784,-0.00033195,1.8245104092038358,3.4333385372646403,-4.150245375048404,-0.21789562370390278,13.240163338064653,-0.04593960525765017,-91.51265110118766,0.14951036861664863,61.820036831168636,0.3196625855594684,38.98389528046919,-0.03635708494780777,-0.024138002626946542,-0.00037072,0.27230690286535353,0.00017264,1,1.0
3111,0.235961628127548,0.008608899509426527,-0.00033195,1.8245104092038358,3.4333385372646403,-25.01559368627894,-0.21789562370390278,3.900608243913363,-0.04593960525765017,-29.048809797540734,0.14951036861664863,3.7668691902244165,0.3196625855594684,32.14471922361798,-0.03635708494780777,-0.050877971105951485,-0.00037072,0.051025951811152846,0.00017264,1,1.0
3112,0.9273337022166784,1.032517228735411,-0.00033195,1.8245104092038358,3.4333385372646403,22.155744463144842,-0.21789562370390278,3.179783604854622,-0.04593960525765017,-59.98156015844548,0.14951036861664863,13.570072325760771,0.3196625855594684,55.12159156315107,-0.03635708494780777,0.09720512803066816,-0.00037072,0.9991979016642539,0.00017264,0,1.0
3113,0.2514516326916235,2.9782493733850863,-0.00033195,1.8245104092038358,3.4333385372646403,-82.86534531455472,-0.21789562370390278,21.76766978651575,-0.04593960525765017,-8.675848816281075,0.14951036861664863,-45.20100726769402,0.3196625855594684,27.49731252239176,-0.03635708494780777,-1.173334197675622,-0.00037072,0.48732556978573255,0.00017264,1,1.0
3114,-4.5112422243920314e-05,0.1378113150436784,-0.00033195,1.8245104092038358,3.4333385372646403,48.82158856724352,-0.21789562370390278,6.529626615098312,-0.04593960525765017,-7.458583932063962,0.14951036861664863,1.1460557144925227,0.3196625855594684,-22.99865911415604,-0.03635708494780777,0.2009187150093259,-0.00037072,0.24116526633500796,0.00017264,0,1.0
3115,0.004435842296352799,0.12507552014925236,-0.00033195,1.8245104092038358,3.4333385372646403,81.5444732470943,-0.21789562370390278,9.704376786639717,-0.04593960525765017,-28.92086277256596,0.14951036861664863,53.5481535645694,0.3196625855594684,-35.64397452350423,-0.03635708494780777,0.36511043187677156,-0.00037072,0.6253315176108454,0.00017264,0,1.0
3116,0.13349883211054114,0.557323490926412,-0.00033195,1.8245104092038358,3.4333385372646403,17.721829617686105,-0.21789562370390278,22.56090849024415,-0.04593960525765017,-23.373589156414432,0.14951036861664863,-59.2510985404689,0.3196625855594684,-3.5295254477934326,-0.03635708494780777,-0.41511397144360884,-0.00037072,0.4118486570411509,0.00017264,1,1.0
3117,0.0019372620188748968,0.13682226503332623,-0.00033195,1.8245104092038358,3.4333385372646403,54.51012792994035,-0.21789562370390278,11.519071236854547,-0.04593960525765017,-41.61300159838377,0.14951036861664863,35.53689635407651,0.3196625855594684,-14.253265285074612,-0.03635708494780777,0.3062353254984753,-0.00037072,0.33718119141198644,0.00017264,0,1.0
3118,0.9289590430885861,0.43542361471631796,-0.00033195,1.8245104092038358,3.4333385372646403,-80.1441336335165,-0.21789562370390278,6.059919892324822,-0.04593960525765017,-1e-20,0.14951036861664863,-61.15712947748494,0.3196625855594684,64.35361311405289,-0.03635708494780777,-0.29631131612867245,-0.00037072,0.18124691589950792,0.00017264,1,1.0
3119,0.6591364488850422,0.19440607607763444,-0.00033195,1.8245104092038358,3.4333385372646403,82.6365439609425,-0.21789562370390278,28.797084010739564,-0.04593960525765017,-72.95439924106181,0.14951036861664863,-41.420215933321664,0.3196625855594684,10.104935545070866,-0.03635708494780777,0.3734589829786421,-0.00037072,0.7503527898537736,0.00017264,0,1.0
3120,0.5437570397589475,0.04568412582348938,-0.00033195,1.8245104092038358,3.4333385372646403,-60.54747982906199,-0.21789562370390278,1.2963993310720288,-0.04593960525765017,-34.313633475610416,0.14951036861664863,9.033851866315915,0.3196625855594684,61.6055706252989,-0.03635708494780777,-0.022548099926736787,-0.00037072,0.02231648684252783,0.00017264,1,1.0
3121,-0.00709317447912456,0.1421629985243557,-0.00033195,1.8245104092038358,3.4333385372646403,-45.53633138720173,-0.21789562370390278,1.199858208499501,-0.04593960525765017,-37.38336061289135,0.14951036861664863,86.26222230108509,0.3196625855594684,25.324986488918693,-0.03635708494780777,-0.23202737614584387,-0.00037072,0.2323492208144056,0.00017264,1,1.0
3122,0.011434336810471013,4.524745910914687,-0.00033195,1.8245104092038358,3.4333385372646403,-18.998961647331342,-0.21789562370390278,49.794252825786316,-0.04593960525765017,-87.97871711594429,0.14951036861664863,-28.37153708941005,0.3196625855594684,11.859080955431418,-0.03635708494780777,-1.2723337355099695,-0.00037072,0.9705555749823089,0.00017264,1,1.0
3123,0.18652868441208226,0.07849888592129964,-0.00033195,1.8245104092038358,3.4333385372646403,94.52911086563395,-0.21789562370390278,21.43286471773607,-0.04593960525765017,-59.269542669468514,0.14951036861664863,9.637116419112248,0.3196625855594684,-19.612029365747137,-0.03635708494780777,0.4186701773179662,-0.00037072,0.6209340246161381,0.00017264,0,1.0
3124,0.30753404528681333,0.028353545179501893,-0.00033195,1.8245104092038358,3.4333385372646403,-58.86351164704756,-0.21789562370390278,-0.5137126392953464,-0.04593960525765017,-43.27450918353989,0.14951036861664863,52.72442202972994,0.3196625855594684,53.62673267660083,-0.03635708494780777,-0.06987338329941925,-0.00037072,0.06989181549480109,0.00017264,1,1.0
3125,1.3724114994411787,1.1345349512216603,-0.00033195,1.8245104092038358,3.4333385372646403,34.853110417000366,-0.21789562370390278,11.455454774656634,-0.04593960525765017,-78.92148548482211,0.14951036861664863,5.755702759936249,0.3196625855594684,67.63856913581817,-0.03635708494780777,0.36040309540017595,-0.00037072,1.2328508275255805,0.00017264,0,1.0
3126,0.2233907224086209,0.672570136058322,-0.00033195,1.8245104092038358,3.4333385372646403,-55.974055672240084,-0.21789562370390278,17.660671813949897,-0.04593960525765017,-68.82112638037943,0.14951036861664863,60.82160250780065,0.3196625855594684,42.721039958956105,-0.03635708494780777,-0.47479049283498587,-0.00037072,0.47084116161321077,0.00017264,1,1.0
3127,0.3519604910524535,0.3349959369376271,-0.00033195,1.8245104092038358,3.4333385372646403,31.593950902759406,-0.21789562370390278,1.8397585347005805,-0.04593960525765017,-5.323495962842826,0.14951036861664863,-36.83723536059129,0.3196625855594684,7.0157654972258525,-0.03635708494780777,-0.02279493427337112,-0.00037072,0.4462518387475296,0.00017264,1,1.0
3128,0.42713340492515295,0.3517675796515156,-0.00033195,1.8245104092038358,3.4333385372646403,57.39646632668803,-0.21789562370390278,9.587320509679897,-0.04593960525765017,-85.63929362128404,0.14951036861664863,87.18624854948433,0.3196625855594684,20.83516570652584,-0.03635708494780777,0.33919550907761675,-0.00037072,0.952872353880493,0.00017264,0,1.0
3129,0.19886460395063815,0.013256992476684,-0.00033195,1.8245104092038358,3.4333385372646403,-30.77062439560409,-0.21789562370390278,5.490304350454133,-0.04593960525765017,-49.72988290816349,0.14951036861664863,24.575997186148154,0.3196625855594684,41.89310949918351,-0.03635708494780777,-0.07724787543091083,-0.00037072,0.07778530603861472,0.00017264,1,1.0
3130,0.8875506369911769,0.25991992498557176,-0.00033195,1.8245104092038358,3.4333385372646403,57.37261140796433,-0.21789562370390278,30.821492842019218,-0.04593960525765017,-99.34243330065108,0.14951036861664863,-30.74465992900666,0.3196625855594684,41.21508069242458,-0.03635708494780777,0.3676919408533502,-0.00037072,0.7820745798752259,0.00017264,0,1.0
3131,0.9945898473202193,0.8447865643246737,-0.00033195,1.8245104092038358,3.4333385372646403,83.05495151979243,-0.21789562370390278,35.90837249736252,-0.04593960525765017,-37.37303781808931,0.14951036861664863,-50.92428633048485,0.3196625855594684,-13.543728758920246,-0.03635708494780777,0.3666670171280475,-0.00037072,1.0960243306330422,0.00017264,0,1.0
3132,0.0007947374821052622,0.07816737968087138,-0.00033195,1.8245104092038358,3.4333385372646403,6.500715480521911,-0.21789562370390278,3.386291155413909,-0.04593960525765017,-22.11693156344095,0.14951036861664863,28.012729451519533,0.3196625855594684,3.097245182611821,-0.03635708494780777,0.07368886707192603,-0.00037072,0.11154089441159852,0.00017264,0,1.0
3133,0.791273522551382,0.29702082622409987,-0.00033195,1.8245104092038358,3.4333385372646403,-24.475540507058493,-0.21789562370390278,16.611514476116106,-0.04593960525765017,-97.26977275920528,0.14951036861664863,8.622887477001541,0.3196625855594684,80.10696134143836,-0.03635708494780777,0.09713064973948532,-0.00037072,0.41449513009629596,0.00017264,0,1.0
3134,0.0011799628515087868,0.055473980660634754,-0.00033195,1.8245104092038358,3.4333385372646403,-6.563531021191586,-0.21789562370390278,2.7999524838443786,-0.04593960525765017,-34.01529031605816,0.14951036861664863,41.566550385087915,0.3196625855594684,14.904100924228663,-0.03635708494780777,0.059509705624570725,-0.00037072,0.06584162677512173,0.00017264,0,1.0
3135,0.21945445331712665,0.11211650519973174,-0.00033195,1.8245104092038358,3.4333385372646403,39.3470463565158,-0.21789562370390278,17.88766221824695,-0.04593960525765017,-96.59435557601165,0.14951036861664863,83.1579875771344,0.3196625855594684,19.7212404862308,-0.03635708494780777,0.4450426914184747,-0.00037072,0.4709760395566777,0.00017264,0,1.0
3136,0.003968322665397206,0.1336991179762124,-0.00033195,1.8245104092038358,3.4333385372646403,41.17891699843537,-0.21789562370390278,9.212031742870797,-0.04593960525765017,-30.01305540197331,0.14951036861664863,10.629166926840055,0.3196625855594684,-8.9660756120424,-0.03635708494780777,0.13929625916085603,-0.00037072,0.267031218766365,0.00017264,0,1.0
3137,0.2638710839062685,0.22446119077386226,-0.00033195,1.8245104092038358,3.4333385372646403,62.57165404624956,-0.21789562370390278,7.881819664313368,-0.04593960525765017,-16.941750035577318,0.14951036861664863,-0.8707266044424583,0.3196625855594684,-15.163390314355983,-0.03635708494780777,0.266447263065155,-0.00037072,0.5329452647919818,0.00017264,0,1.0
3138,0.013851246954770247,0.001483991176404374,-0.00033195,1.8245104092038358,3.4333385372646403,-26.812903460774702,-0.21789562370390278,1.2635563344652838,-0.04593960525765017,-39.939289015608715,0.14951036861664863,51.446073761263015,0.3196625855594684,27.632793657498045,-0.03635708494780777,-0.01597083763311747,-0.00037072,0.0159679177256409,0.00017264,1,1.0
3139,0.2777620924334698,0.1202078102426058,-0.00033195,1.8245104092038358,3.4333385372646403,-42.6046198500282,-0.21789562370390278,2.490706964082455,-0.04593960525765017,-14.138657393951004,0.14951036861664863,22.265852635054664,0.3196625855594684,27.483862795299036,-0.03635708494780777,-0.19907906746918885,-0.00037072,0.19698066349235915,0.00017264,1,1.0
3140,1.0767843981865446,0.5630737822557783,-0.00033195,1.8245104092038358,3.4333385372646403,2.8383714556792112,-0.21789562370390278,7.335991710599545,-0.04593960525765017,-14.566587277019769,0.14951036861664863,-78.58046785473594,0.3196625855594684,48.18033544497044,-0.03635708494780777,0.1298158413851439,-0.00037072,0.5233315731953961,0.00017264,0,1.0
3141,0.8789909651852299,0.34546589618339885,-0.00033195,1.8245104092038358,3.4333385372646403,95.91745470102761,-0.21789562370390278,30.19136108654376,-0.04593960525765017,-72.18713225533234,0.14951036861664863,-59.10351415673506,0.3196625855594684,12.625756585306922,-0.03635708494780777,0.4803392536529903,-0.00037072,0.8846706576396051,0.00017264,0,1.0
3142,0.0009858354584259543,0.13145863189503726,-0.00033195,1.8245104092038358,3.4333385372646403,52.43937363678104,-0.21789562370390278,7.085009954768514,-0.04593960525765017,-0.9212540510602228,0.14951036861664863,-16.15486650852524,0.3196625855594684,-26.24457725771905,-0.03635708494780777,0.1658235857510347,-0.00037072,0.227791238768881,0.00017264,0,1.0
3143,0.3888615493344373,0.11983577097164112,-0.00033195,1.8245104092038358,3.4333385372646403,93.35192270826359,-0.21789562370390278,25.13207636432403,-0.04593960525765017,-64.71594683498131,0.14951036861664863,-17.39006480140087,0.3196625855594684,-8.383519017158509,-0.03635708494780777,0.3891468666893805,-0.00037072,0.6956653427581996,0.00017264,0,1.0
3144,1.4217953070596423,2.345273375706276,-0.00033195,1.8245104092038358,3.4333385372646403,33.58860384879196,-0.21789562370390278,-8.368801862648773,-0.04593960525765017,-13.519468213706425,0.14951036861664863,88.10713872006433,0.3196625855594684,30.8057757783976,-0.03635708494780777,0.2364115204477507,-0.00037072,1.861971794860132,0.00017264,0,1.0
3145,0.11849404871437963,0.2708163247907417,-0.00033195,1.8245104092038358,3.4333385372646403,80.33275418712977,-0.21789562370390278,13.148996935815989,-0.04593960525765017,-77.75051989765534,0.14951036861664863,48.51764058414321,0.3196625855594684,0.287645482160946,-0.03635708494780777,0.22288505934603448,-0.00037072,0.7878512518455956,0.00017264,0,1.0
3146,0.6982036786021509,0.06948987482464664,-0.00033195,1.8245104092038358,3.4333385372646403,-78.12047970897397,-0.21789562370390278,10.871548098051761,-0.04593960525765017,-89.0286121967276,0.14951036861664863,19.028687267323622,0.3196625855594684,98.21213280190587,-0.03635708494780777,-0.13768644419438625,-0.00037072,0.13797316735356058,0.00017264,1,1.0
3147,0.000515563958966403,0.09625436936155304,-0.00033195,1.8245104092038358,3.4333385372646403,-1.8361546707537146,-0.21789562370390278,10.09938578167454,-0.04593960525765017,-65.99905304986638,0.14951036861664863,38.285277550057806,0.3196625855594684,27.299401785056293,-0.03635708494780777,-0.07523892660360143,-0.00037072,0.201175307676765,0.00017264,1,1.0
3148,0.23021868882550658,0.051802834719557204,-0.00033195,1.8245104092038358,3.4333385372646403,-2.825723887486216,-0.21789562370390278,8.54967488258987,-0.04593960525765017,-26.070654880364607,0.14951036861664863,-35.04262381448721,0.3196625855594684,22.995141040491504,-0.03635708494780777,-0.1588914343438229,-0.00037072,0.15982221101476585,0.00017264,1,1.0
3149,0.9067402768465316,0.28423222473914844,-0.00033195,1.8245104092038358,3.4333385372646403,56.39369457998413,-0.21789562370390278,28.999321401516234,-0.04593960525765017,-96.49060577387624,0.14951036861664863,-33.983366268508036,0.3196625855594684,43.20462811412079,-0.03635708494780777,0.351007246201308,-0.00037072,0.7911118756917279,0.00017264,0,1.0
3150,0.989205449680471,0.3165376020871247,-0.00033195,1.8245104092038358,3.4333385372646403,61.756237619050864,-0.21789562370390278,31.339765261529624,-0.04593960525765017,-81.57026429498067,0.14951036861664863,-63.38489495821349,0.3196625855594684,35.748166280264805,-0.03635708494780777,0.36052248578152307,-0.00037072,0.7783161140260437,0.00017264,0,1.0
3151,-0.0006885059696009055,0.7731990820824477,-0.00033195,1.8245104092038358,3.4333385372646403,92.13732258871516,-0.21789562370390278,34.80134762212074,-0.04593960525765017,-82.29806958509303,0.14951036861664863,88.05916621347018,0.3196625855594684,-41.82386448275274,-0.03635708494780777,0.14704627084978072,-0.00037072,1.1034840474461394,0.00017264,0,1.0
3152,0.29811848995790813,0.10947732876407963,-0.00033195,1.8245104092038358,3.4333385372646403,-7.128552818371826,-0.21789562370390278,8.221399011684692,-0.04593960525765017,-39.49509105874312,0.14951036861664863,-34.72113136053151,0.3196625855594684,36.872051741821956,-0.03635708494780777,-0.2121834914005567,-0.00037072,0.22508807714904538,0.00017264,1,1.0
3153,0.7107112301105198,0.4256158306186426,-0.00033195,1.8245104092038358,3.4333385372646403,96.73686024505213,-0.21789562370390278,14.620855760516063,-0.04593960525765017,-39.7111629340482,0.14951036861664863,-37.4953677093052,0.3196625855594684,-0.21935744601975327,-0.03635708494780777,0.33071797413938975,-0.00037072,0.9971333668406206,0.00017264,0,1.0
3154,0.7383665840115957,0.14025658504519745,-0.00033195,1.8245104092038358,3.4333385372646403,-87.18722969790635,-0.21789562370390278,-1.9487989469290805,-0.04593960525765017,-51.017766145781785,0.14951036861664863,23.44507724388737,0.3196625855594684,91.42428807172459,-0.03635708494780777,-0.0953727574392214,-0.00037072,0.09594030001610719,0.00017264,1,1.0
3155,0.442555514652327,3.787768220990869,-0.00033195,1.8245104092038358,3.4333385372646403,-83.59338704598895,-0.21789562370390278,37.69149413628833,-0.04593960525765017,-63.14065917494461,0.14951036861664863,-52.80617390378717,0.3196625855594684,53.56561095630627,-0.03635708494780777,-1.2833374628036172,-0.00037072,0.7042673013616073,0.00017264,1,1.0
3156,0.007427428788189305,0.09862662148572396,-0.00033195,1.8245104092038358,3.4333385372646403,-15.719012738545874,-0.21789562370390278,10.305356938784188,-0.04593960525765017,-88.66163897054297,0.14951036861664863,74.20695446475736,0.3196625855594684,41.66976073650885,-0.03635708494780777,-0.027733178208015463,-0.00037072,0.19864318603181363,0.00017264,1,1.0
3157,0.705921438709249,0.3371040591330625,-0.00033195,1.8245104092038358,3.4333385372646403,2.6246096493305093,-0.21789562370390278,20.288544863466626,-0.04593960525765017,-62.10919751209717,0.14951036861664863,-82.62588159716627,0.3196625855594684,55.613423222599785,-0.03635708494780777,-0.2077225666522149,-0.00037072,0.449134393779432,0.00017264,1,1.0
3158,1.2619723120971136,0.574690983655963,-0.00033195,1.8245104092038358,3.4333385372646403,46.044237423226726,-0.21789562370390278,19.342246398098233,-0.04593960525765017,-42.833388412854895,0.14951036861664863,-85.95383819508419,0.3196625855594684,42.583883792318574,-0.03635708494780777,0.3780969146676285,-0.00037072,0.7886677921920735,0.00017264,0,1.0
3159,0.1996675915840096,0.0912405285993422,-0.00033195,1.8245104092038358,3.4333385372646403,70.12953172294932,-0.21789562370390278,17.94204422281023,-0.04593960525765017,-66.93183982242392,0.14951036861664863,44.860827281604706,0.3196625855594684,-6.7258797400245145,-0.03635708494780777,0.47443983141131263,-0.00037072,0.5300338868011177,0.00017264,0,1.0
3160,0.7166555060687035,0.2796962424191203,-0.00033195,1.8245104092038358,3.4333385372646403,24.95413593076634,-0.21789562370390278,24.11172477965663,-0.04593960525765017,-90.43377362044112,0.14951036861664863,-12.921553982483859,0.3196625855594684,47.77160089835221,-0.03635708494780777,0.21640345693013274,-0.00037072,0.5714661085431327,0.00017264,0,1.0
3161,0.5104880570864057,0.0328362679031161,-0.00033195,1.8245104092038358,3.4333385372646403,-71.53349881111616,-0.21789562370390278,3.611972162620733,-0.04593960525765017,-61.76794692140171,0.14951036861664863,39.220944405535676,0.3196625855594684,75.53787582397531,-0.03635708494780777,-0.03138779811009008,-0.00037072,0.03153575704937187,0.00017264,1,1.0
3162,0.5932384129036324,0.2711577954024379,-0.00033195,1.8245104092038358,3.4333385372646403,-13.846123663761231,-0.21789562370390278,19.08788746760623,-0.04593960525765017,-78.74907709965956,0.14951036861664863,-46.321404966223135,0.3196625855594684,64.888520025537,-0.03635708494780777,-0.23514386553368477,-0.00037072,0.38929997450131554,0.00017264,1,1.0
3163,0.7430415341784026,0.36927961983584534,-0.00033195,1.8245104092038358,3.4333385372646403,-8.58465791210268,-0.21789562370390278,23.253972160844032,-0.04593960525765017,-87.91641569584955,0.14951036861664863,-59.92127781206299,0.3196625855594684,71.23529487706419,-0.03635708494780777,-0.2103724699112996,-0.00037072,0.4825712455736188,0.00017264,1,1.0
3164,0.6251319373732691,0.33576471856877366,-0.00033195,1.8245104092038358,3.4333385372646403,22.075180250035356,-0.21789562370390278,21.21906356117429,-0.04593960525765017,-50.50305343992362,0.14951036861664863,-90.04801074185995,0.3196625855594684,37.33611359549147,-0.03635708494780777,-0.1585858138791395,-0.00037072,0.4709899382220636,0.00017264,1,1.0
3165,9.725891773343376e-05,0.15177573348871598,-0.00033195,1.8245104092038358,3.4333385372646403,9.31972795634192,-0.21789562370390278,-1.1656861848277267,-0.04593960525765017,-1.1722011049153724,0.14951036861664863,37.5775572700337,0.3196625855594684,-9.29450048916927,-0.03635708494780777,0.0029176249915334185,-0.00037072,0.2724262134184748,0.00017264,0,1.0
3166,1.2814876037403695,0.22573656604241626,-0.00033195,1.8245104092038358,3.4333385372646403,-81.57159149019178,-0.21789562370390278,10.55508588178726,-0.04593960525765017,-27.095236941242348,0.14951036861664863,-97.23063315229462,0.3196625855594684,96.75697075934514,-0.03635708494780777,-0.12661290945449835,-0.00037072,0.1272592950348401,0.00017264,1,1.0
3167,0.6950110358507815,0.8005040041508681,-0.00033195,1.8245104092038358,3.4333385372646403,-71.7337109566552,-0.21789562370390278,19.30827714344963,-0.04593960525765017,-47.58729856141052,0.14951036861664863,-10.36959300746442,0.3196625855594684,60.37713764224552,-0.03635708494780777,-0.5007862373695569,-0.00037072,0.47084290637148263,0.00017264,1,1.0
3168,0.0182710284612162,0.4697663909169845,-0.00033195,1.8245104092038358,3.4333385372646403,87.09348308873768,-0.21789562370390278,28.891146740470163,-0.04593960525765017,-56.01402325848404,0.14951036861664863,25.55681859142545,0.3196625855594684,-37.27829754175055,-0.03635708494780777,0.14500121387694948,-0.00037072,0.770752756320398,0.00017264,0,1.0
3169,-0.0023469300346128374,0.6911647021315832,-0.00033195,1.8245104092038358,3.4333385372646403,88.70700390813174,-0.21789562370390278,16.183513806342457,-0.04593960525765017,-1.941727252269192,0.14951036861664863,63.08043994730861,0.3196625855594684,-69.01444504368494,-0.03635708494780777,0.1245077781453619,-0.00037072,1.0208771850406884,0.00017264,0,1.0
3170,0.5092000703491919,0.3112500185401903,-0.00033195,1.8245104092038358,3.4333385372646403,-50.73568085182965,-0.21789562370390278,16.934343492509512,-0.04593960525765017,-58.5332213770801,0.14951036861664863,-0.9795612759482946,0.3196625855594684,55.64848363716367,-0.03635708494780777,-0.31557575592429227,-0.00037072,0.3212697840262398,0.00017264,1,1.0
3171,0.0023739436748326237,0.21222687980225657,-0.00033195,1.8245104092038358,3.4333385372646403,57.97197316063117,-0.21789562370390278,5.621558321409878,-0.04593960525765017,-32.13949375025523,0.14951036861664863,85.286777245819,0.3196625855594684,-25.248747540407066,-0.03635708494780777,0.2610273945829942,-0.00037072,0.6727731399266333,0.00017264,0,1.0
3172,0.8086904224954983,0.5052513925536016,-0.00033195,1.8245104092038358,3.4333385372646403,-53.441955251106926,-0.21789562370390278,-7.811224339800322,-0.04593960525765017,-1.1631468024923366,0.14951036861664863,-62.69033185830676,0.3196625855594684,69.75902113850515,-0.03635708494780777,-0.3345412462244945,-0.00037072,0.2975839737718505,0.00017264,1,1.0
3173,0.47616513525540904,0.08207875532984155,-0.00033195,1.8245104092038358,3.4333385372646403,-8.968182003752977,-0.21789562370390278,9.932939639043676,-0.04593960525765017,-18.85853665085701,0.14951036861664863,-72.66014203373234,0.3196625855594684,33.59530211278214,-0.03635708494780777,-0.18962089873202234,-0.00037072,0.18910666264932982,0.00017264,1,1.0
3174,1.52766191375268,1.3861726593293318,-0.00033195,1.8245104092038358,3.4333385372646403,53.38842119226044,-0.21789562370390278,15.818215674510308,-0.04593960525765017,-13.47693681917084,0.14951036861664863,-35.41924868000218,0.3196625855594684,20.04529744891708,-0.03635708494780777,0.5566229210008338,-0.00037072,1.2256959257496152,0.00017264,0,1.0
3175,1.032452885421391,0.35748056029552366,-0.00033195,1.8245104092038358,3.4333385372646403,-32.09429620906671,-0.21789562370390278,17.404339975275718,-0.04593960525765017,-81.05381148941701,0.14951036861664863,-19.969166101732792,0.3196625855594684,83.46170319049575,-0.03635708494780777,0.17170222321575468,-0.00037072,0.37807404312793536,0.00017264,0,1.0
3176,0.670647002631323,0.7244626527982705,-0.00033195,1.8245104092038358,3.4333385372646403,67.16717285596252,-0.21789562370390278,35.60619343862245,-0.04593960525765017,-88.04418417646677,0.14951036861664863,64.75696384012632,0.3196625855594684,-3.9748214820403205,-0.03635708494780777,0.3320864518437301,-0.00037072,1.2202170222405269,0.00017264,0,1.0
3177,0.7157842098183125,0.09455899653045298,-0.00033195,1.8245104092038358,3.4333385372646403,-88.20731732646135,-0.21789562370390278,0.38222093383025735,-0.04593960525765017,-48.7068991529671,0.14951036861664863,27.496586106645687,0.3196625855594684,85.52048756786809,-0.03635708494780777,-0.06464158345606182,-0.00037072,0.06379491085896467,0.00017264,1,1.0
3178,0.00024021203160955185,0.10614868451005076,-0.00033195,1.8245104092038358,3.4333385372646403,-6.009553700229443,-0.21789562370390278,1.1827917304258189,-0.04593960525765017,-29.029949942003743,0.14951036861664863,58.313428466126254,0.3196625855594684,9.615942173147522,-0.03635708494780777,0.02453500243368431,-0.00037072,0.19519625793921638,0.00017264,0,1.0
3179,0.0001072147683377489,0.0854252704551128,-0.00033195,1.8245104092038358,3.4333385372646403,72.9211656975522,-0.21789562370390278,12.968684746720593,-0.04593960525765017,-57.44624731496525,0.14951036861664863,85.80506842221588,0.3196625855594684,-22.722390045720942,-0.03635708494780777,0.4127562939777893,-0.00037072,0.6385870083831189,0.00017264,0,1.0
3180,0.7130480055762745,0.06946161254871802,-0.00033195,1.8245104092038358,3.4333385372646403,-46.825723768959215,-0.21789562370390278,3.2015797848552663,-0.04593960525765017,-8.945265339234457,0.14951036861664863,-52.05151453670657,0.3196625855594684,53.06056801823864,-0.03635708494780777,-0.027929900686050658,-0.00037072,0.027932422489016274,0.00017264,1,1.0
3181,0.007898399074007467,0.09297458104166177,-0.00033195,1.8245104092038358,3.4333385372646403,-18.072870995389316,-0.21789562370390278,-7.175727003134171,-0.04593960525765017,-11.007519216653224,0.14951036861664863,34.86523175058211,0.3196625855594684,17.619461332099586,-0.03635708494780777,-0.15683758077343016,-0.00037072,0.15801236444052638,0.00017264,1,1.0
3182,0.0964047994958862,0.17792765400829308,-0.00033195,1.8245104092038358,3.4333385372646403,38.07826032033244,-0.21789562370390278,18.243140769064635,-0.04593960525765017,-78.45346499208108,0.14951036861664863,33.485997593214606,0.3196625855594684,13.4472734243739,-0.03635708494780777,0.12513156726626248,-0.00037072,0.42341170703813025,0.00017264,0,1.0
3183,0.7169930008916108,0.4450973927758243,-0.00033195,1.8245104092038358,3.4333385372646403,-42.99206066858425,-0.21789562370390278,2.9866538555900775,-0.04593960525765017,-73.95983557105572,0.14951036861664863,75.74762449778157,0.3196625855594684,72.1905519554419,-0.03635708494780777,0.13025609496095325,-0.00037072,0.49646432202429713,0.00017264,0,1.0
3184,-0.5603027939000335,2.6791851479492914,-0.00033195,1.8245104092038358,3.4333385372646403,7.732623107481065,-0.21789562370390278,13.810091567353338,-0.04593960525765017,-7.129823657279845,0.14951036861664863,90.38970141286313,0.3196625855594684,-51.982311094464386,-0.03635708494780777,-0.6805925933505832,-0.00037072,0.7034090558902188,0.00017264,1,1.0
3185,0.10986149233462428,0.12861715067362348,-0.00033195,1.8245104092038358,3.4333385372646403,93.50080956451241,-0.21789562370390278,17.26966812290654,-0.04593960525765017,-23.11568910766732,0.14951036861664863,-10.036057143587367,0.3196625855594684,-38.10421705890695,-0.03635708494780777,0.4092704383484548,-0.00037072,0.4794259145070465,0.00017264,0,1.0
3186,0.4670170542720962,0.2543181210058584,-0.00033195,1.8245104092038358,3.4333385372646403,55.062190011203796,-0.21789562370390278,10.368771379842277,-0.04593960525765017,-10.312488626274325,0.14951036861664863,-45.3132215081075,0.3196625855594684,-4.873725857236572,-0.03635708494780777,0.24056358028356634,-0.00037072,0.4698864654258504,0.00017264,0,1.0
3187,0.33947148507946445,1.426689274931722,-0.00033195,1.8245104092038358,3.4333385372646403,-58.00441094164455,-0.21789562370390278,14.301282869923087,-0.04593960525765017,-0.3133241549063238,0.14951036861664863,-29.44603361066489,0.3196625855594684,20.65028548482954,-0.03635708494780777,-0.721453936256751,-0.00037072,0.41597992803757367,0.00017264,1,1.0
3188,0.35391113003048025,0.2601743192456194,-0.00033195,1.8245104092038358,3.4333385372646403,49.97842976851446,-0.21789562370390278,21.729644232368727,-0.04593960525765017,-47.499539788383544,0.14951036861664863,-44.733819911354274,0.3196625855594684,5.695780442218025,-0.03635708494780777,0.059544263756453275,-0.00037072,0.4791718257484364,0.00017264,0,1.0
3189,0.0024325220704981554,0.4507230331937737,-0.00033195,1.8245104092038358,3.4333385372646403,50.09746081505228,-0.21789562370390278,22.788447933443827,-0.04593960525765017,-18.974401661275138,0.14951036861664863,-84.09484961341644,0.3196625855594684,-18.566601416056177,-0.03635708494780777,-0.3695513594885762,-0.00037072,0.4006362398070058,0.00017264,1,1.0
3190,0.09524996227141685,0.03474430133143392,-0.00033195,1.8245104092038358,3.4333385372646403,-29.78692082454929,-0.21789562370390278,8.124774982452042,-0.04593960525765017,-72.30737676448682,0.14951036861664863,46.20346951398837,0.3196625855594684,46.8057078436504,-0.03635708494780777,-0.12600380110507237,-0.00037072,0.12630456335691304,0.00017264,1,1.0
3191,0.5948621799226664,0.4453598078268938,-0.00033195,1.8245104092038358,3.4333385372646403,67.38937419336655,-0.21789562370390278,10.204298588621901,-0.04593960525765017,-67.29595905951952,0.14951036861664863,41.48808549464656,0.3196625855594684,17.30130708155711,-0.03635708494780777,0.32927042342472146,-0.00037072,0.9976935126896731,0.00017264,0,1.0
3192,0.31141093566180233,0.18475023055563777,-0.00033195,1.8245104092038358,3.4333385372646403,1.822254925393616,-0.21789562370390278,10.227552443954828,-0.04593960525765017,-71.70286602471275,0.14951036861664863,39.08133889691642,0.3196625855594684,38.82847922580779,-0.03635708494780777,0.12924587418644845,-0.00037072,0.3271401186854031,0.00017264,0,1.0
3193,0.8165416269373921,1.1556294011498172,-0.00033195,1.8245104092038358,3.4333385372646403,17.394360327460497,-0.21789562370390278,-3.9282142753128384,-0.04593960525765017,-49.20709887980697,0.14951036861664863,87.88564835804702,0.3196625855594684,39.575846307988634,-0.03635708494780777,0.15102816524089624,-0.00037072,1.1833759531245873,0.00017264,0,1.0
3194,0.33791052132423527,0.5038598343004774,-0.00033195,1.8245104092038358,3.4333385372646403,6.791491215340713,-0.21789562370390278,27.137411864053256,-0.04593960525765017,-68.46513973188321,0.14951036861664863,-40.98120138927001,0.3196625855594684,29.77317092993978,-0.03635708494780777,-0.32513763615199115,-0.00037072,0.4733648396350983,0.00017264,1,1.0
3195,0.9511891444576701,0.5334300324423861,-0.00033195,1.8245104092038358,3.4333385372646403,39.23023403317225,-0.21789562370390278,12.024610640223495,-0.04593960525765017,-45.060469983199056,0.14951036861664863,-31.33010754951975,0.3196625855594684,35.895655800880355,-0.03635708494780777,0.2922880894894454,-0.00037072,0.7808744610793491,0.00017264,0,1.0
3196,0.7907561426118602,0.25198468796241846,-0.00033195,1.8245104092038358,3.4333385372646403,83.57649607698917,-0.21789562370390278,29.063216487031788,-0.04593960525765017,-58.41239107532947,0.14951036861664863,-71.56523141000956,0.3196625855594684,9.058261888231728,-0.03635708494780777,0.36926784511422256,-0.00037072,0.7507358339012213,0.00017264,0,1.0
3197,0.32886403930148833,0.20199152459125747,-0.00033195,1.8245104092038358,3.4333385372646403,-3.151650075381946,-0.21789562370390278,17.350184740195346,-0.04593960525765017,-84.75695765656283,0.14951036861664863,5.661014874141738,0.3196625855594684,48.46947668886876,-0.03635708494780777,-0.10066517481439083,-0.00037072,0.3546463065813925,0.00017264,1,1.0
3198,0.00010416495329837461,0.21644214113715482,-0.00033195,1.8245104092038358,3.4333385372646403,30.230555907707974,-0.21789562370390278,2.8810615894702987,-0.04593960525765017,-22.350656272704704,0.14951036861664863,66.56213821618063,0.3196625855594684,-13.746927269334465,-0.03635708494780777,0.13573420308604212,-0.00037072,0.4589312169518289,0.00017264,0,1.0
3199,2.572755118994907,3.1792984275255303,-0.00033195,1.8245104092038358,3.4333385372646403,-3.105898211709899,-0.21789562370390278,13.452839830387024,-0.04593960525765017,-17.575900070987295,0.14951036861664863,-50.15986273017349,0.3196625855594684,82.71460553272291,-0.03635708494780777,0.5476050693596399,-0.00037072,1.659885688959181,0.00017264,0,1.0
3200,0.1204835898879864,0.002513614485709444,-0.00033195,2.0297019070506708,4.771048392117648,-23.164467670153915,-0.21789562370390278,6.218136673915332,-0.04593960525765017,-19.478335770853626,0.14951036861664863,-38.679542558897694,0.3196625855594684,25.738879923202287,-0.03635708494780777,-0.025998797283851894,-0.00037072,0.02653373815009501,0.00017264,1,1.0
3201,0.00037765380329777415,0.028684294692309154,-0.00033195,2.0297019070506708,4.771048392117648,-6.483391424583389,-0.21789562370390278,-2.3808639326873884,-0.04593960525765017,-7.9639163850826264,0.14951036861664863,93.8855024273599,0.3196625855594684,-2.3784274470005986,-0.03635708494780777,-0.020392904991715227,-0.00037072,0.06867471638748301,0.00017264,1,1.0
3202,0.0005192002992842892,0.011738239500590154,-0.00033195,2.0297019070506708,4.771048392117648,31.77138191084229,-0.21789562370390278,8.624941850065111,-0.04593960525765017,-4.438056018339352,0.14951036861664863,-81.80670461405413,0.3196625855594684,-7.512766043162639,-0.03635708494780777,-0.04387967687724253,-0.00037072,0.05447272986205947,0.00017264,1,1.0
3203,0.00015310534704138234,0.08106511758511269,-0.00033195,2.0297019070506708,4.771048392117648,79.91441073868346,-0.21789562370390278,18.182187743479126,-0.04593960525765017,-60.735747551142545,0.14951036861664863,9.574090837075094,0.3196625855594684,-11.43462191274788,-0.03635708494780777,0.02801724513137145,-0.00037072,0.1482188557281367,0.00017264,0,1.0
3204,0.13362976178104263,0.006649665537133421,-0.00033195,2.0297019070506708,4.771048392117648,-27.931405041162186,-0.21789562370390278,11.111458231496677,-0.04593960525765017,-51.613487609304016,0.14951036861664863,-48.93510457965992,0.3196625855594684,44.08582148252605,-0.03635708494780777,-0.05659344958619764,-0.00037072,0.0567768884261766,0.00017264,1,1.0
3205,0.34204267632702934,0.007180081657607865,-0.00033195,2.0297019070506708,4.771048392117648,-83.48155800185268,-0.21789562370390278,8.280906669132111,-0.04593960525765017,-51.227221101202126,0.14951036861664863,-61.780224501284174,0.3196625855594684,81.95117740583406,-0.03635708494780777,-0.031152646855542084,-0.00037072,0.031146238307088635,0.00017264,1,1.0
3206,0.044839075139386286,0.16883537887980296,-0.00033195,2.0297019070506708,4.771048392117648,-35.592555714982716,-0.21789562370390278,-23.257255274379318,-0.04593960525765017,-18.251407136179143,0.14951036861664863,45.60121019353811,0.3196625855594684,51.073412903135726,-0.03635708494780777,-0.1825243663441237,-0.00037072,0.18702319574149143,0.00017264,1,1.0
3207,0.001017982816522267,0.06131715161610716,-0.00033195,2.0297019070506708,4.771048392117648,27.482564429208004,-0.21789562370390278,17.031978278333636,-0.04593960525765017,-89.32041348188054,0.14951036861664863,81.13957061669163,0.3196625855594684,15.858810639675372,-0.03635708494780777,0.012696386967687219,-0.00037072,0.11219563547848402,0.00017264,0,1.0
3208,0.6229732441755277,0.13169797581370618,-0.00033195,2.0297019070506708,4.771048392117648,-79.72742089879422,-0.21789562370390278,7.472039759714121,-0.04593960525765017,-9.69384743011954,0.14951036861664863,-71.69156245209795,0.3196625855594684,75.98058319242016,-0.03635708494780777,0.017093102985561916,-0.00037072,0.12923450934566746,0.00017264,0,1.0
3209,0.3783658760217776,0.008771827521651112,-0.00033195,2.0297019070506708,4.771048392117648,-94.33582926241935,-0.21789562370390278,8.059922363909855,-0.04593960525765017,-52.91491171898002,0.14951036861664863,-60.63374865156022,0.3196625855594684,89.24875983268056,-0.03635708494780777,-0.027203729666443754,-0.00037072,0.02726469191641005,0.00017264,1,1.0
3210,0.18961802098969127,0.11399356212082057,-0.00033195,2.0297019070506708,4.771048392117648,44.35543501113473,-0.21789562370390278,7.796417847218312,-0.04593960525765017,-47.7905401619555,0.14951036861664863,-63.25252259641265,0.3196625855594684,28.674937312781914,-0.03635708494780777,-0.025266356417520633,-0.00037072,0.19591213079927133,0.00017264,1,1.0
3211,0.09979444570257003,0.0007268416479840917,-0.00033195,2.0297019070506708,4.771048392117648,-53.66134598406784,-0.21789562370390278,4.013740822820698,-0.04593960525765017,-58.63508818511674,0.14951036861664863,56.2680353694707,0.3196625855594684,49.551372171052265,-0.03635708494780777,-0.012348713005309424,-0.00037072,0.012415393903536465,0.00017264,1,1.0
3212,0.00035432562668330503,0.03917568329856621,-0.00033195,2.0297019070506708,4.771048392117648,36.35977550136142,-0.21789562370390278,9.916493470477146,-0.04593960525765017,-30.20213417574906,0.14951036861664863,2.2865775872954974,0.3196625855594684,-5.400583655338782,-0.03635708494780777,0.008128302095496594,-0.00037072,0.07069289163399406,0.00017264,0,1.0
3213,0.12766272003389578,0.07510932074800505,-0.00033195,2.0297019070506708,4.771048392117648,6.641055751694301,-0.21789562370390278,13.198440528051222,-0.04593960525765017,-99.5203800355243,0.14951036861664863,30.672280321737556,0.3196625855594684,50.15436594618474,-0.03635708494780777,-0.016675981526448058,-0.00037072,0.14721606233921058,0.00017264,1,1.0
3214,0.00021329816685911052,0.04456705329417785,-0.00033195,2.0297019070506708,4.771048392117648,36.61073877823485,-0.21789562370390278,7.002807471084406,-0.04593960525765017,-27.45433839340093,0.14951036861664863,29.06246464859404,0.3196625855594684,-7.0866330625544,-0.03635708494780777,0.033967251744604604,-0.00037072,0.06255890935318578,0.00017264,0,1.0
3215,0.32975197255184685,0.09384702739770132,-0.00033195,2.0297019070506708,4.771048392117648,-47.052593278718376,-0.21789562370390278,13.894528530380514,-0.04593960525765017,-95.42942354269519,0.14951036861664863,96.4646625292261,0.3196625855594684,69.13965697465541,-0.03635708494780777,0.06268445999379972,-0.00037072,0.1112903401075714,0.00017264,0,1.0
3216,0.26104388280213303,0.007139591881294537,-0.00033195,2.0297019070506708,4.771048392117648,-68.78759406363648,-0.21789562370390278,7.051093880107554,-0.04593960525765017,-59.8353264015538,0.14951036861664863,-41.592196695368244,0.3196625855594684,75.97449766254114,-0.03635708494780777,-0.043740291478819276,-0.00037072,0.0437742812134745,0.00017264,1,1.0
3217,0.2580531459508551,0.013998493956487085,-0.00033195,2.0297019070506708,4.771048392117648,-71.96977623463127,-0.21789562370390278,-0.2683278664871124,-0.04593960525765017,-3.391940833985857,0.14951036861664863,-2.692460143017732,0.3196625855594684,44.3424065552635,-0.03635708494780777,-0.04833050497215862,-0.00037072,0.04862513325441573,0.00017264,1,1.0
3218,0.047998262015233495,0.0087161298485735,-0.00033195,2.0297019070506708,4.771048392117648,8.160201777485925,-0.21789562370390278,9.524118018541182,-0.04593960525765017,-27.81154761974497,0.14951036861664863,-77.41693205755932,0.3196625855594684,16.892552269978005,-0.03635708494780777,-0.06259589028519005,-0.00037072,0.06272749843064959,0.00017264,1,1.0
3219,0.00010858367769696342,0.0013279281237174646,-0.00033195,2.0297019070506708,4.771048392117648,-4.287988985685485,-0.21789562370390278,3.6005099391659297,-0.04593960525765017,-24.817903339940653,0.14951036861664863,3.938367948474129,0.3196625855594684,12.267955619917263,-0.03635708494780777,-0.022456876366001848,-0.00037072,0.022543907571437774,0.00017264,1,1.0
3220,0.22728704800832117,0.17666250144282875,-0.00033195,2.0297019070506708,4.771048392117648,-84.61239241716277,-0.21789562370390278,-24.38222351087268,-0.04593960525765017,-24.064299806099715,0.14951036861664863,66.99363177636414,0.3196625855594684,82.10586383854535,-0.03635708494780777,-0.16010545527887288,-0.00037072,0.18454249961508623,0.00017264,1,1.0
3221,-7.940302102732444e-05,0.07257832316099688,-0.00033195,2.0297019070506708,4.771048392117648,76.32974231696171,-0.21789562370390278,14.42049855841776,-0.04593960525765017,-35.93497360960586,0.14951036861664863,5.892705386860364,0.3196625855594684,-20.992065857474913,-0.03635708494780777,0.04331067868997897,-0.00037072,0.11711170987784651,0.00017264,0,1.0
3222,0.00040436758639528225,0.1045468791877351,-0.00033195,2.0297019070506708,4.771048392117648,93.99329896637673,-0.21789562370390278,29.61239992737179,-0.04593960525765017,-84.31840989010831,0.14951036861664863,-74.7863264811486,0.3196625855594684,-4.158638820978409,-0.03635708494780777,-0.05103453348718122,-0.00037072,0.20522473161704752,0.00017264,1,1.0
3223,0.1747471102491442,0.01750626823972474,-0.00033195,2.0297019070506708,4.771048392117648,-77.75657316325062,-0.21789562370390278,8.85896057630895,-0.04593960525765017,-59.26745974584538,0.14951036861664863,72.52404657945692,0.3196625855594684,54.37939689370262,-0.03635708494780777,-0.06901433243978103,-0.00037072,0.06923037862270418,0.00017264,1,1.0
3224,0.5033697104269047,0.10147001122935312,-0.00033195,2.0297019070506708,4.771048392117648,-53.14732717449236,-0.21789562370390278,12.873140584074493,-0.04593960525765017,-67.86043457440006,0.14951036861664863,-51.16335749151702,0.3196625855594684,86.94898592761808,-0.03635708494780777,0.053790965457554074,-0.00037072,0.10802972332226246,0.00017264,0,1.0
3225,0.13546346312031565,0.04199386410553531,-0.00033195,2.0297019070506708,4.771048392117648,-74.91183071026941,-0.21789562370390278,-14.76249680414792,-0.04593960525765017,-22.926591747963766,0.14951036861664863,92.54975162381268,0.3196625855594684,55.51327868286136,-0.03635708494780777,-0.0843611788183206,-0.00037072,0.08434480373217047,0.00017264,1,1.0
3226,0.18502636686506527,0.017441700877506263,-0.00033195,2.0297019070506708,4.771048392117648,-60.008648083779875,-0.21789562370390278,9.736077935916484,-0.04593960525765017,-93.50419392325045,0.14951036861664863,-16.48521037889537,0.3196625855594684,82.74205376344798,-0.03635708494780777,-0.08104366622313608,-0.00037072,0.08111970549850694,0.00017264,1,1.0
3227,0.27856185924225996,0.005320882491695525,-0.00033195,2.0297019070506708,4.771048392117648,-61.68806635981226,-0.21789562370390278,3.47715524114001,-0.04593960525765017,-20.40486026710108,0.14951036861664863,-62.65888631546137,0.3196625855594684,56.827114911166724,-0.03635708494780777,-0.01070370798524931,-0.00037072,0.010702787092458676,0.00017264,1,1.0
3228,0.5808552202927573,0.2694652311369189,-0.00033195,2.0297019070506708,4.771048392117648,-44.08496163320566,-0.21789562370390278,-8.241715086057424,-0.04593960525765017,-30.575351797415678,0.14951036861664863,-1.3648968177868186,0.3196625855594684,86.3518068976508,-0.03635708494780777,-0.015116257943866424,-0.00037072,0.27119003473267644,0.00017264,1,1.0
3229,0.09997349173225561,0.006961025484293119,-0.00033195,2.0297019070506708,4.771048392117648,-9.018875908302123,-0.21789562370390278,4.502700365223982,-0.04593960525765017,-21.5488238527149,0.14951036861664863,-70.47218760560297,0.3196625855594684,27.708144757579486,-0.03635708494780777,-0.052276484990509645,-0.00037072,0.05268066380727633,0.00017264,1,1.0
3230,0.08302820100411254,0.03751483473833313,-0.00033195,2.0297019070506708,4.771048392117648,-2.039683495932735,-0.21789562370390278,15.846725236466229,-0.04593960525765017,-81.66501930478756,0.14951036861664863,-84.34341621559192,0.3196625855594684,50.35384343526485,-0.03635708494780777,-0.11496534251536884,-0.00037072,0.12495513091419651,0.00017264,1,1.0
3231,0.14833063665607757,0.017750109358669868,-0.00033195,2.0297019070506708,4.771048392117648,-69.41603837078445,-0.21789562370390278,1.5001146162977066,-0.04593960525765017,-82.00140117650872,0.14951036861664863,50.83423971761359,0.3196625855594684,77.36324740401322,-0.03635708494780777,-0.05518681914613554,-0.00037072,0.057878042475855006,0.00017264,1,1.0
3232,0.002784867143054759,0.0721803921059297,-0.00033195,2.0297019070506708,4.771048392117648,42.82574678334457,-0.21789562370390278,18.395974535881997,-0.04593960525765017,-99.46596640071498,0.14951036861664863,34.64330740415851,0.3196625855594684,22.221509985754302,-0.03635708494780777,-0.020022017829319325,-0.00037072,0.15162757765195178,0.00017264,1,1.0
3233,0.13714068727335027,0.12404162815129388,-0.00033195,2.0297019070506708,4.771048392117648,66.76889605296584,-0.21789562370390278,12.784711043346707,-0.04593960525765017,-79.35705323876198,0.14951036861664863,97.41344690169038,0.3196625855594684,9.775974893912544,-0.03635708494780777,0.09924833392168514,-0.00037072,0.19159273183411413,0.00017264,0,1.0
3234,0.00048406439937220824,0.023045594797227842,-0.00033195,2.0297019070506708,4.771048392117648,-1.5310796360677805,-0.21789562370390278,16.530425313984548,-0.04593960525765017,-79.61986461816682,0.14951036861664863,-8.01523922975026,0.3196625855594684,31.66958582313246,-0.03635708494780777,-0.07926353207978941,-0.00037072,0.08827009304386833,0.00017264,1,1.0
3235,0.08389594094496061,0.11268864106719029,-0.00033195,2.0297019070506708,4.771048392117648,50.01212598621799,-0.21789562370390278,29.7539465840508,-0.04593960525765017,-88.39521751689696,0.14951036861664863,16.152761995878052,0.3196625855594684,5.928368215070996,-0.03635708494780777,-0.015695946754347323,-0.00037072,0.18431241378635282,0.00017264,1,1.0
3236,0.2008235409430273,0.002410080934525341,-0.00033195,2.0297019070506708,4.771048392117648,-82.02340125421175,-0.21789562370390278,6.8371283237139435,-0.04593960525765017,-76.76083614379262,0.14951036861664863,49.01204654193677,0.3196625855594684,74.8985091407312,-0.03635708494780777,-0.021868599482497007,-0.00037072,0.021863937827770966,0.00017264,1,1.0
3237,0.2480395194041141,0.004164705037589517,-0.00033195,2.0297019070506708,4.771048392117648,-63.50847072481595,-0.21789562370390278,3.472722844109732,-0.04593960525765017,-30.249553220626773,0.14951036861664863,-33.7904407076288,0.3196625855594684,57.73047229154801,-0.03635708494780777,-0.009483751631563807,-0.00037072,0.009464732123070085,0.00017264,1,1.0
3238,0.27235584441317584,0.007884603945952291,-0.00033195,2.0297019070506708,4.771048392117648,-59.34016670389691,-0.21789562370390278,11.85408820846313,-0.04593960525765017,-58.73786670299394,0.14951036861664863,-77.19713780098125,0.3196625855594684,71.53306733902018,-0.03635708494780777,-0.057221813162766914,-0.00037072,0.05741330502254754,0.00017264,1,1.0
3239,0.15429462539470207,0.01340796315942,-0.00033195,2.0297019070506708,4.771048392117648,-83.92794452616674,-0.21789562370390278,-0.3295332258735483,-0.04593960525765017,-84.41082521503117,0.14951036861664863,85.88245982692919,0.3196625855594684,81.65143115021979,-0.03635708494780777,-0.04118446748114529,-0.00037072,0.041209136506674474,0.00017264,1,1.0
3240,-5.487303227806606e-05,0.054266464261007216,-0.00033195,2.0297019070506708,4.771048392117648,57.42686927171774,-0.21789562370390278,6.028410624831881,-0.04593960525765017,-5.30318012794379,0.14951036861664863,8.839202066605722,0.3196625855594684,-24.188148512106622,-0.03635708494780777,0.05441864342607677,-0.00037072,0.06461181339804448,0.00017264,0,1.0
3241,0.003180713433011517,0.04036874376304291,-0.00033195,2.0297019070506708,4.771048392117648,44.73300923731547,-0.21789562370390278,16.88945387006303,-0.04593960525765017,-43.237995746519395,0.14951036861664863,-88.0854260007726,0.3196625855594684,3.7348464969572475,-0.03635708494780777,-0.0700338953145436,-0.00037072,0.11255421309051006,0.00017264,1,1.0
3242,0.3424191715069707,0.019450621316974535,-0.00033195,2.0297019070506708,4.771048392117648,-85.62169730651597,-0.21789562370390278,2.5535205898343527,-0.04593960525765017,-6.181837644573701,0.14951036861664863,-35.24987810028648,0.3196625855594684,57.240380592609526,-0.03635708494780777,-0.05167637196597988,-0.00037072,0.05144849053685116,0.00017264,1,1.0
3243,0.4949017323738397,0.2229959550871244,-0.00033195,2.0297019070506708,4.771048392117648,45.763961495200974,-0.21789562370390278,16.583654226517176,-0.04593960525765017,-97.74830518406043,0.14951036861664863,-48.1863368108696,0.3196625855594684,68.73907580377154,-0.03635708494780777,0.05100758036385544,-0.00037072,0.31611134023344034,0.00017264,0,1.0
3244,0.44843772766329704,0.30956037903749273,-0.00033195,2.0297019070506708,4.771048392117648,4.166863644126923,-0.21789562370390278,-4.5871293503554185,-0.04593960525765017,-65.88405318056603,0.14951036861664863,0.33129601716393375,0.3196625855594684,79.42608260006834,-0.03635708494780777,-0.04496896250103746,-0.00037072,0.3348148317461985,0.00017264,1,1.0
3245,0.3108073183333696,0.08935926997404048,-0.00033195,2.0297019070506708,4.771048392117648,-11.002345466233347,-0.21789562370390278,7.536633731573868,-0.04593960525765017,-53.91065237305337,0.14951036861664863,-41.897899513372415,0.3196625855594684,56.46496201738048,-0.03635708494780777,0.0050602537465642,-0.00037072,0.13744776148858906,0.00017264,0,1.0
3246,0.016087028186981767,0.10567458189585616,-0.00033195,2.0297019070506708,4.771048392117648,24.100243209887402,-0.21789562370390278,18.498632343078242,-0.04593960525765017,-43.45347810802634,0.14951036861664863,86.9528394904662,0.3196625855594684,-14.639599442128528,-0.03635708494780777,-0.051694278550757505,-0.00037072,0.1641136047418464,0.00017264,1,1.0
3247,0.09080267272729614,0.005298648839415624,-0.00033195,2.0297019070506708,4.771048392117648,-50.58073818025353,-0.21789562370390278,-4.00656978737521,-0.04593960525765017,-15.793864426546763,0.14951036861664863,70.23789154754286,0.3196625855594684,28.68956729130175,-0.03635708494780777,-0.037918544347840366,-0.00037072,0.03793777758070101,0.00017264,1,1.0
3248,0.0004904035520095773,0.0912998556634686,-0.00033195,2.0297019070506708,4.771048392117648,81.64993931704964,-0.21789562370390278,15.873659027438432,-0.04593960525765017,-65.49356806638302,0.14951036861664863,74.13088321776247,0.3196625855594684,-14.634481046625712,-0.03635708494780777,0.07980296644195159,-0.00037072,0.1424463855318862,0.00017264,0,1.0
3249,0.3259019625502756,0.16334003584949086,-0.00033195,2.0297019070506708,4.771048392117648,60.14238731422435,-0.21789562370390278,10.78604202765038,-0.04593960525765017,-52.767841231899205,0.14951036861664863,-50.27380059863996,0.3196625855594684,30.769819356633057,-0.03635708494780777,0.04007213219952499,-0.00037072,0.24715248195735096,0.00017264,0,1.0
3250,0.00012744380309243075,0.08087563667627125,-0.00033195,2.0297019070506708,4.771048392117648,-21.23904346761905,-0.21789562370390278,8.49915350060815,-0.04593960525765017,-0.4258391609198026,0.14951036861664863,90.61912678853464,0.3196625855594684,-16.528152242777217,-0.03635708494780777,-0.1400081528240793,-0.00037072,0.14559939178132564,0.00017264,1,1.0
3251,0.00041721553899551345,0.05219920213361875,-0.00033195,2.0297019070506708,4.771048392117648,30.80038838712465,-0.21789562370390278,3.273084461312976,-0.04593960525765017,-22.479201906105146,0.14951036861664863,72.92897980522454,0.3196625855594684,-9.509333890857206,-0.03635708494780777,0.041592857098462034,-0.00037072,0.07065454208409142,0.00017264,0,1.0
3252,0.10275637631622492,0.36098097599770296,-0.00033195,2.0297019070506708,4.771048392117648,-5.955333093766329,-0.21789562370390278,46.57221563886607,-0.04593960525765017,-65.5327877793189,0.14951036861664863,-60.255525741760536,0.3196625855594684,-1.4817539822591792,-0.03635708494780777,-0.2815243309943186,-0.00037072,0.2808873549545612,0.00017264,1,1.0
3253,0.0010064309134192317,0.04996061372510984,-0.00033195,2.0297019070506708,4.771048392117648,33.598537806384584,-0.21789562370390278,16.317077093103073,-0.04593960525765017,-70.64556542519011,0.14951036861664863,-77.95476868818463,0.3196625855594684,24.408067563492022,-0.03635708494780777,-0.10157366245733906,-0.00037072,0.1367595893141446,0.00017264,1,1.0
3254,0.6827968059204064,0.313926212950609,-0.00033195,2.0297019070506708,4.771048392117648,7.372000617540844,-0.21789562370390278,4.779068009344644,-0.04593960525765017,-59.212205126523095,0.14951036861664863,27.22557292099157,0.3196625855594684,74.56919003239366,-0.03635708494780777,0.09899396688955549,-0.00037072,0.3370074787987121,0.00017264,0,1.0
3255,0.26260360257514903,0.0041490721379250466,-0.00033195,2.0297019070506708,4.771048392117648,-74.03499201657597,-0.21789562370390278,6.243314073171899,-0.04593960525765017,-50.21394094106647,0.14951036861664863,-20.60044996432919,0.3196625855594684,69.69538544933368,-0.03635708494780777,-0.020741650893623266,-0.00037072,0.020797750041030377,0.00017264,1,1.0
3256,0.1001973907620886,0.06474898960063039,-0.00033195,2.0297019070506708,4.771048392117648,-45.7468529365721,-0.21789562370390278,-2.1702571470717262,-0.04593960525765017,-79.42345779164579,0.14951036861664863,13.694231825886126,0.3196625855594684,74.60259837081422,-0.03635708494780777,-0.12162100565881068,-0.00037072,0.12434421805768622,0.00017264,1,1.0
3257,0.23699392482288,0.13888947655611045,-0.00033195,2.0297019070506708,4.771048392117648,-33.953435433587345,-0.21789562370390278,-14.820184640696828,-0.04593960525765017,-6.988426672362146,0.14951036861664863,-30.002847869820318,0.3196625855594684,55.97809178620696,-0.03635708494780777,-0.11491002246781391,-0.00037072,0.17575678959630164,0.00017264,1,1.0
3258,0.09045201120180768,0.21950390422657415,-0.00033195,2.0297019070506708,4.771048392117648,-24.973538954882425,-0.21789562370390278,34.93125417485861,-0.04593960525765017,-64.04220503275333,0.14951036861664863,0.9061654167447374,0.3196625855594684,9.835582432790972,-0.03635708494780777,-0.22196647704359745,-0.00037072,0.22071742459044574,0.00017264,1,1.0
3259,0.003576599116176471,0.029573377606616887,-0.00033195,2.0297019070506708,4.771048392117648,19.504997288911436,-0.21789562370390278,18.819087944720174,-0.04593960525765017,-49.226755005237614,0.14951036861664863,-67.93038506982934,0.3196625855594684,10.46608361569519,-0.03635708494780777,-0.08974155788950966,-0.00037072,0.09431196295896682,0.00017264,1,1.0
3260,0.2633445433163816,0.12062107045622222,-0.00033195,2.0297019070506708,4.771048392117648,-53.01444712092767,-0.21789562370390278,-10.55610027109814,-0.04593960525765017,-35.051016257307,0.14951036861664863,-25.258952063543287,0.3196625855594684,75.97993194298998,-0.03635708494780777,-0.11308651074828384,-0.00037072,0.16015324745408038,0.00017264,1,1.0
3261,0.0020539790730353114,0.015775231675341332,-0.00033195,2.0297019070506708,4.771048392117648,-9.320335859997046,-0.21789562370390278,10.01637155499205,-0.04593960525765017,-53.10612379689557,0.14951036861664863,43.57856600475625,0.3196625855594684,18.560841497047363,-0.03635708494780777,-0.030749121284853728,-0.00037072,0.05115485646101654,0.00017264,1,1.0
3262,0.37772790435257103,0.03240164746446799,-0.00033195,2.0297019070506708,4.771048392117648,-82.85188087858816,-0.21789562370390278,9.103933866319066,-0.04593960525765017,-8.61006947760434,0.14951036861664863,-70.64923448153166,0.3196625855594684,56.60278248829804,-0.03635708494780777,-0.07563577566415558,-0.00037072,0.07575780652286146,0.00017264,1,1.0
3263,0.0002507898647970963,0.1065161010397267,-0.00033195,2.0297019070506708,4.771048392117648,20.53608210640708,-0.21789562370390278,20.728478949129368,-0.04593960525765017,-25.92820951040637,0.14951036861664863,23.166520940993536,0.3196625855594684,-20.278626520640916,-0.03635708494780777,-0.10708011964925268,-0.00037072,0.1569098921070345,0.00017264,1,1.0
3264,0.3497693226346974,0.08799166433271315,-0.00033195,2.0297019070506708,4.771048392117648,-70.0596164622463,-0.21789562370390278,19.347791267175314,-0.04593960525765017,-82.58909611420106,0.14951036861664863,46.31939637882333,0.3196625855594684,69.2118048627178,-0.03635708494780777,-0.03844001806422173,-0.00037072,0.1383249123862859,0.00017264,1,1.0
3265,0.06027850654051503,0.0676321222190401,-0.00033195,2.0297019070506708,4.771048392117648,28.465581363801718,-0.21789562370390278,25.841566629662303,-0.04593960525765017,-83.9650223741723,0.14951036861664863,-45.75741888415981,0.3196625855594684,21.932896807425927,-0.03635708494780777,-0.06922753188303439,-0.00037072,0.14482172495237638,0.00017264,1,1.0
3266,0.002098550746849309,0.05247420333724678,-0.00033195,2.0297019070506708,4.771048392117648,19.79130129594607,-0.21789562370390278,-6.0676077917034,-0.04593960525765017,-6.0730810059033455,0.14951036861664863,43.203548614474656,0.3196625855594684,-0.12377868929925001,-0.03635708494780777,-0.026071000569331357,-0.00037072,0.10000055579044877,0.00017264,1,1.0
3267,0.0005777979451115356,0.08180414322505454,-0.00033195,2.0297019070506708,4.771048392117648,73.6524432251179,-0.21789562370390278,19.096662136631515,-0.04593960525765017,-73.09022273355414,0.14951036861664863,23.169213618830693,0.3196625855594684,-4.403348265274046,-0.03635708494780777,0.023115665772389868,-0.00037072,0.15267301820137202,0.00017264,0,1.0
3268,0.21775427937250647,0.003162545826777909,-0.00033195,2.0297019070506708,4.771048392117648,-39.26607125723258,-0.21789562370390278,3.399792411986114,-0.04593960525765017,-8.50238611494908,0.14951036861664863,-73.79907233024068,0.3196625855594684,39.17656993112614,-0.03635708494780777,-0.014645708144723176,-0.00037072,0.014627447874474597,0.00017264,1,1.0
3269,0.07344402030026717,0.0518569707535269,-0.00033195,2.0297019070506708,4.771048392117648,30.602391104719732,-0.21789562370390278,2.135465231816948,-0.04593960525765017,-9.553498049042666,0.14951036861664863,-7.940340006184889,0.3196625855594684,-0.14194968068639685,-0.03635708494780777,0.01564919517148959,-0.00037072,0.08500210807758508,0.00017264,0,1.0
3270,0.00048426461832518086,0.1047972746331371,-0.00033195,2.0297019070506708,4.771048392117648,89.17507795438398,-0.21789562370390278,28.715013761353298,-0.04593960525765017,-39.059940767830426,0.14951036861664863,-91.71325177535324,0.3196625855594684,-28.62208832162222,-0.03635708494780777,-0.05342120372589759,-0.00037072,0.17199650539082978,0.00017264,1,1.0
3271,0.004655118695451987,0.012687989473691754,-0.00033195,2.0297019070506708,4.771048392117648,-19.774761937069957,-0.21789562370390278,12.35943453581819,-0.04593960525765017,-86.51532821244268,0.14951036861664863,25.419987381517014,0.3196625855594684,43.27607126230624,-0.03635708494780777,-0.07056852619845547,-0.00037072,0.07070831280030773,0.00017264,1,1.0
3272,0.13240503318869046,0.0324002787919467,-0.00033195,2.0297019070506708,4.771048392117648,-16.98413591365208,-0.21789562370390278,18.40600795096568,-0.04593960525765017,-88.68835771348319,0.14951036861664863,-98.17455942316631,0.3196625855594684,61.737486649176795,-0.03635708494780777,-0.12254666861819949,-0.00037072,0.12258387289029737,0.00017264,1,1.0
3273,0.1432847962832507,0.002554428255880174,-0.00033195,2.0297019070506708,4.771048392117648,-74.72427344748758,-0.21789562370390278,1.5202791854311448,-0.04593960525765017,-57.04064869925505,0.14951036861664863,84.02451630059734,0.3196625855594684,57.86706408172226,-0.03635708494780777,-0.017920501796147317,-0.00037072,0.017963039223939357,0.00017264,1,1.0
3274,0.4184615331185983,0.062020187133501326,-0.00033195,2.0297019070506708,4.771048392117648,-91.71489542729616,-0.21789562370390278,21.876878085245668,-0.04593960525765017,-51.32847657402356,0.14951036861664863,-91.25701082956448,0.3196625855594684,76.10674727950527,-0.03635708494780777,-0.11756263326102775,-0.00037072,0.11647530158925978,0.00017264,1,1.0
3275,0.0024313255642249287,0.09146741253819873,-0.00033195,2.0297019070506708,4.771048392117648,40.88118917956205,-0.21789562370390278,24.73636014480059,-0.04593960525765017,-77.77581535454694,0.14951036861664863,47.96925793903569,0.3196625855594684,-1.5414359200529781,-0.03635708494780777,-0.03041989758681836,-0.00037072,0.15341919395829523,0.00017264,1,1.0
3276,0.515933970959164,0.23983813188767136,-0.00033195,2.0297019070506708,4.771048392117648,-6.959368444315746,-0.21789562370390278,-1.992561595010303,-0.04593960525765017,-8.558871425351299,0.14951036861664863,72.00090142404652,0.3196625855594684,37.16000123337646,-0.03635708494780777,0.05491012445276104,-0.00037072,0.27119023982561863,0.00017264,0,1.0
3277,0.3041682737851956,0.21136219536610115,-0.00033195,2.0297019070506708,4.771048392117648,43.14501626578233,-0.21789562370390278,-1.938213466821181,-0.04593960525765017,-38.08653889859806,0.14951036861664863,40.24751615745753,0.3196625855594684,29.58670014512886,-0.03635708494780777,0.021935897053633524,-0.00037072,0.2771391791674745,0.00017264,0,1.0
3278,0.0012248717633631112,0.06720401423500297,-0.00033195,2.0297019070506708,4.771048392117648,46.03867203851944,-0.21789562370390278,13.57335310082976,-0.04593960525765017,-68.21660863108539,0.14951036861664863,70.58321659244311,0.3196625855594684,2.167548916702653,-0.03635708494780777,0.042617965644206404,-0.00037072,0.10849910437720055,0.00017264,0,1.0
3279,0.10163019335297921,0.03310600984684306,-0.00033195,2.0297019070506708,4.771048392117648,-58.04424577468896,-0.21789562370390278,11.18241620793951,-0.04593960525765017,-52.203537636510525,0.14951036861664863,82.00096934831616,0.3196625855594684,33.88669714070744,-0.03635708494780777,-0.09382990216326223,-0.00037072,0.09397995160579184,0.00017264,1,1.0
3280,0.08678664352513293,0.010127374183588842,-0.00033195,2.0297019070506708,4.771048392117648,-45.362700924133605,-0.21789562370390278,-5.208966883413467,-0.04593960525765017,-27.97270328780937,0.14951036861664863,47.76104857084782,0.3196625855594684,39.33641547699202,-0.03635708494780777,-0.03807955362008454,-0.00037072,0.038131599547196846,0.00017264,1,1.0
3281,0.0031986672359374246,0.1645320606752975,-0.00033195,2.0297019070506708,4.771048392117648,-11.861306232388474,-0.21789562370390278,33.538117360206165,-0.04593960525765017,-87.34284892564541,0.14951036861664863,39.407413106347484,0.3196625855594684,11.219893114062065,-0.03635708494780777,-0.18615383892763188,-0.00037072,0.19466729024446233,0.00017264,1,1.0
3282,0.0006393729864108688,0.053924970780748774,-0.00033195,2.0297019070506708,4.771048392117648,13.34127804219728,-0.21789562370390278,-8.185753423838339,-0.04593960525765017,-0.7790226875552821,0.14951036861664863,72.49685848680963,0.3196625855594684,-2.8079613009754336,-0.03635708494780777,-0.02455109852877302,-0.00037072,0.10188669710447487,0.00017264,1,1.0
3283,0.0834261093752424,0.0036930616783918237,-0.00033195,2.0297019070506708,4.771048392117648,-65.727446463045,-0.21789562370390278,1.7943617220667394,-0.04593960525765017,-78.288232027431,0.14951036861664863,97.47732374961782,0.3196625855594684,62.392447225469,-0.03635708494780777,-0.01910632309481152,-0.00037072,0.019041287260208525,0.00017264,1,1.0
3284,0.00029851051185825206,0.09158657350811703,-0.00033195,2.0297019070506708,4.771048392117648,61.70000689961838,-0.21789562370390278,29.527232812256567,-0.04593960525765017,-65.75405966575998,0.14951036861664863,-79.00147153079135,0.3196625855594684,-5.208186493705215,-0.03635708494780777,-0.0852267386113368,-0.00037072,0.1647981315022905,0.00017264,1,1.0
3285,0.4609076873310336,0.14615914013566,-0.00033195,2.0297019070506708,4.771048392117648,22.13425617755678,-0.21789562370390278,22.862534979249133,-0.04593960525765017,-68.67696437948325,0.14951036861664863,-42.50577868589777,0.3196625855594684,45.87397668818649,-0.03635708494780777,0.11557234064952672,-0.00037072,0.1727591916341364,0.00017264,0,1.0
3286,0.0013840899456653843,0.006019207247923869,-0.00033195,2.0297019070506708,4.771048392117648,-9.339671305659808,-0.21789562370390278,9.586757206102343,-0.04593960525765017,-49.98822161782929,0.14951036861664863,11.785449245105488,0.3196625855594684,21.401110710396186,-0.03635708494780777,-0.0454106778626786,-0.00037072,0.045430996723917545,0.00017264,1,1.0
3287,0.06560518172478406,0.04361057890772227,-0.00033195,2.0297019070506708,4.771048392117648,10.426735108106083,-0.21789562370390278,5.710624991364982,-0.04593960525765017,-47.92472157079973,0.14951036861664863,6.07678327579995,0.3196625855594684,24.164295545736373,-0.03635708494780777,-0.01646540005275869,-0.00037072,0.09153452277811414,0.00017264,1,1.0
3288,0.001076907315042508,0.03377481422870256,-0.00033195,2.0297019070506708,4.771048392117648,23.90787153867578,-0.21789562370390278,18.951236444896132,-0.04593960525765017,-63.257858111617786,0.14951036861664863,-80.38257703601856,0.3196625855594684,19.553216091308318,-0.03635708494780777,-0.10139134681775,-0.00037072,0.11093330976627164,0.00017264,1,1.0
3289,0.5200328695128256,0.32218693491904016,-0.00033195,2.0297019070506708,4.771048392117648,87.72814417679668,-0.21789562370390278,8.447245917376357,-0.04593960525765017,-76.28827928503247,0.14951036861664863,40.20528239982749,0.3196625855594684,41.72452676535147,-0.03635708494780777,0.10282599941913931,-0.00037072,0.4149375107346467,0.00017264,0,1.0
3290,0.14131187958287983,0.022563149235961272,-0.00033195,2.0297019070506708,4.771048392117648,-41.34924133288802,-0.21789562370390278,5.202642308417637,-0.04593960525765017,-69.83898151607949,0.14951036861664863,-23.845109277125946,0.3196625855594684,65.22166116731469,-0.03635708494780777,-0.0791585182705757,-0.00037072,0.08257785217922013,0.00017264,1,1.0
3291,0.17210346239826166,0.009115249273014558,-0.00033195,2.0297019070506708,4.771048392117648,-45.77299943817866,-0.21789562370390278,13.838307090127469,-0.04593960525765017,-63.77636092014299,0.14951036861664863,-29.468330910091705,0.3196625855594684,54.20641334583681,-0.03635708494780777,-0.059748241205986416,-0.00037072,0.05973553439807426,0.00017264,1,1.0
3292,0.08960069299457091,0.0021846277590053718,-0.00033195,2.0297019070506708,4.771048392117648,-26.787967634285287,-0.21789562370390278,6.782650254741458,-0.04593960525765017,-41.342589792238186,0.14951036861664863,-10.637958664601335,0.3196625855594684,34.39562605560715,-0.03635708494780777,-0.032579922166411125,-0.00037072,0.03267379761818482,0.00017264,1,1.0
3293,0.2255671653790821,0.08548342307099906,-0.00033195,2.0297019070506708,4.771048392117648,-23.03084342342798,-0.21789562370390278,7.615287210847107,-0.04593960525765017,-90.79419277829491,0.14951036861664863,5.233517211421087,0.3196625855594684,71.80191288949067,-0.03635708494780777,-0.03934187832505531,-0.00037072,0.1508943323242639,0.00017264,1,1.0
3294,0.00012378966445258932,0.21252337065190124,-0.00033195,2.0297019070506708,4.771048392117648,73.21583994430719,-0.21789562370390278,43.81436594187006,-0.04593960525765017,-86.57018573681223,0.14951036861664863,-59.28231331867058,0.3196625855594684,-16.95391292619286,-0.03635708494780777,-0.13605396819770224,-0.00037072,0.2477578217149821,0.00017264,1,1.0
3295,0.06632706158191924,0.09791092331643825,-0.00033195,2.0297019070506708,4.771048392117648,46.85155395708311,-0.21789562370390278,0.4648258314516182,-0.04593960525765017,-31.959588615579232,0.14951036861664863,32.54239466991942,0.3196625855594684,5.423831059901316,-0.03635708494780777,0.00040321719018836244,-0.00037072,0.16282758658412916,0.00017264,0,1.0
3296,0.03420556428986658,0.001889418564019992,-0.00033195,2.0297019070506708,4.771048392117648,-38.104217984305464,-0.21789562370390278,6.021389402932651,-0.04593960525765017,-56.67445532286353,0.14951036861664863,69.25705011918735,0.3196625855594684,34.193727586627624,-0.03635708494780777,-0.02637592858008976,-0.00037072,0.026423298836977298,0.00017264,1,1.0
3297,0.22844967447488354,0.05270730667798533,-0.00033195,2.0297019070506708,4.771048392117648,-61.72071452790189,-0.21789562370390278,1.9129005247287372,-0.04593960525765017,-79.68632598081037,0.14951036861664863,60.085231257430706,0.3196625855594684,77.24448147493678,-0.03635708494780777,-0.017524430644011803,-0.00037072,0.08560918012553353,0.00017264,1,1.0
3298,0.2477697853037107,0.04983131781554771,-0.00033195,2.0297019070506708,4.771048392117648,-51.27359787511838,-0.21789562370390278,12.062241404729262,-0.04593960525765017,-2.5003953260352825,0.14951036861664863,-47.19075631763399,0.3196625855594684,26.14114772516215,-0.03635708494780777,-0.10472254407490116,-0.00037072,0.10490257121074158,0.00017264,1,1.0
3299,0.31943569585424053,0.050916938721569285,-0.00033195,2.0297019070506708,4.771048392117648,-73.60535480754936,-0.21789562370390278,23.87923481172533,-0.04593960525765017,-80.18058347500093,0.14951036861664863,-51.69029835474309,0.3196625855594684,74.03135917069011,-0.03635708494780777,-0.10290356093037538,-0.00037072,0.11518291362019868,0.00017264,1,1.0
3300,0.06245181845946438,0.004399206936750583,-0.00033195,2.185997095306893,5.360117189069793,-32.879552640233186,-0.21789562370390278,7.796833530898791,-0.04593960525765017,-68.50313253142446,0.14951036861664863,-24.106012490264767,0.3196625855594684,51.48189106531069,-0.03635708494780777,-0.04133762294139896,-0.00037072,0.04135744088547105,0.00017264,1,1.0
3301,0.14865948293470893,0.0010306514709517616,-0.00033195,2.185997095306893,5.360117189069793,-63.93721305662924,-0.21789562370390278,4.790965813635034,-0.04593960525765017,-41.488269130713014,0.14951036861664863,-21.975898384309154,0.3196625855594684,55.7236523322573,-0.03635708494780777,-0.010950371140669064,-0.00037072,0.010973076627058646,0.00017264,1,1.0
3302,0.5540314815632087,0.16067397008808204,-0.00033195,2.185997095306893,5.360117189069793,-64.06523538435832,-0.21789562370390278,14.150410513851565,-0.04593960525765017,-47.59096568017978,0.14951036861664863,82.8038307531906,0.3196625855594684,73.97591450777675,-0.03635708494780777,0.03555067918905343,-0.00037072,0.17710354036709308,0.00017264,0,1.0
3303,0.0002209972369882629,0.04250412938730053,-0.00033195,2.185997095306893,5.360117189069793,46.510523793543676,-0.21789562370390278,22.66894194023303,-0.04593960525765017,-63.983456089122924,0.14951036861664863,4.489478778862734,0.3196625855594684,-4.885959196965849,-0.03635708494780777,-0.0278942801937134,-0.00037072,0.0851475953122781,0.00017264,1,1.0
3304,0.01887123844304872,0.15327827166238472,-0.00033195,2.185997095306893,5.360117189069793,38.67317868295176,-0.21789562370390278,-23.732785133218282,-0.04593960525765017,-13.290072675409158,0.14951036861664863,69.25142021352933,0.3196625855594684,23.925615032069707,-0.03635708494780777,-0.10251659961347051,-0.00037072,0.19250219698130785,0.00017264,1,1.0
3305,0.09642352305450924,0.06077514923555577,-0.00033195,2.185997095306893,5.360117189069793,-9.909618787034272,-0.21789562370390278,29.807575386575945,-0.04593960525765017,-39.45715384802712,0.14951036861664863,-91.59495556700335,0.3196625855594684,6.8769915463188775,-0.03635708494780777,-0.1083560755175939,-0.00037072,0.10847708993537879,0.00017264,1,1.0
3306,0.0006352868874272555,0.053923286037452445,-0.00033195,2.185997095306893,5.360117189069793,77.4602314522061,-0.21789562370390278,20.99105623344972,-0.04593960525765017,-98.18969164047759,0.14951036861664863,7.974501971623758,0.3196625855594684,9.884867212917321,-0.03635708494780777,-0.00878061677714153,-0.00037072,0.11244385989066871,0.00017264,1,1.0
3307,0.5821443653534752,0.21332477553932422,-0.00033195,2.185997095306893,5.360117189069793,92.18035258168692,-0.21789562370390278,35.88361798771156,-0.04593960525765017,-96.2068192522656,0.14951036861664863,48.96087715946986,0.3196625855594684,35.83458054634765,-0.03635708494780777,0.16343841237937035,-0.00037072,0.2267951051145019,0.00017264,0,1.0
3308,-9.68827212657064e-05,0.015928746126861678,-0.00033195,2.185997095306893,5.360117189069793,33.952944843025065,-0.21789562370390278,9.059112536740413,-0.04593960525765017,-13.432193222201608,0.14951036861664863,-29.505531234390673,0.3196625855594684,-10.481740913162058,-0.03635708494780777,-0.00809695927420768,-0.00037072,0.03564410117499235,0.00017264,1,1.0
3309,0.17102910387183234,0.0020703268496196463,-0.00033195,2.185997095306893,5.360117189069793,-72.9102749095822,-0.21789562370390278,2.8920938829940592,-0.04593960525765017,-41.64044428692205,0.14951036861664863,-27.54443606394318,0.3196625855594684,63.95646843055264,-0.03635708494780777,-0.01191987459798647,-0.00037072,0.011920763324911307,0.00017264,1,1.0
3310,0.18598666217260992,0.003655372527901933,-0.00033195,2.185997095306893,5.360117189069793,-95.5413048598093,-0.21789562370390278,-0.32856124383437624,-0.04593960525765017,-34.52427750461346,0.14951036861664863,36.89449033263081,0.3196625855594684,64.31310355954474,-0.03635708494780777,-0.01623528934255434,-0.00037072,0.016243063311329048,0.00017264,1,1.0
3311,3.886924847007478e-05,0.02028854419096294,-0.00033195,2.185997095306893,5.360117189069793,25.1811985268188,-0.21789562370390278,19.15057673506335,-0.04593960525765017,-54.939604031624704,0.14951036861664863,-50.4764495411389,0.3196625855594684,7.012101628600112,-0.03635708494780777,-0.045850773721737265,-0.00037072,0.06327189819376497,0.00017264,1,1.0
3312,1.0536860161322603e-05,0.03176943858631233,-0.00033195,2.185997095306893,5.360117189069793,24.431176154005122,-0.21789562370390278,6.3206796345855505,-0.04593960525765017,-2.0897689672489665,0.14951036861664863,79.68877460685081,0.3196625855594684,-24.119637859584625,-0.03635708494780777,-0.020537946022214437,-0.00037072,0.06704745237954274,0.00017264,1,1.0
3313,0.041879921251889655,0.016602983319666708,-0.00033195,2.185997095306893,5.360117189069793,-52.684487853369,-0.21789562370390278,2.3227086776577104,-0.04593960525765017,-99.57783791921989,0.14951036861664863,72.6272169067679,0.3196625855594684,71.20615000603583,-0.03635708494780777,-0.048455924358400834,-0.00037072,0.05668198387345069,0.00017264,1,1.0
3314,0.44628845265483635,0.1583012155235007,-0.00033195,2.185997095306893,5.360117189069793,50.9159408988432,-0.21789562370390278,12.321138059437658,-0.04593960525765017,-30.263236861857933,0.14951036861664863,32.49737306139229,0.3196625855594684,27.270909547190445,-0.03635708494780777,0.09860870674346359,-0.00037072,0.17420980301433572,0.00017264,0,1.0
3315,0.00019902171211697017,0.029958667621957882,-0.00033195,2.185997095306893,5.360117189069793,21.74853598197321,-0.21789562370390278,-2.0565128917302364,-0.04593960525765017,-18.231579403520623,0.14951036861664863,94.4067645361522,0.3196625855594684,-3.06794745755342,-0.03635708494780777,0.007068382662635216,-0.00037072,0.05053172512511502,0.00017264,0,1.0
3316,0.001475074649213426,0.08552912671007823,-0.00033195,2.185997095306893,5.360117189069793,36.21971563030154,-0.21789562370390278,30.854705234539335,-0.04593960525765017,-40.93267097147848,0.14951036861664863,-11.841221167050154,0.3196625855594684,-25.9585235572478,-0.03635708494780777,-0.09828499292528634,-0.00037072,0.12836767840952484,0.00017264,1,1.0
3317,0.2458692260868828,0.1338956172915863,-0.00033195,2.185997095306893,5.360117189069793,26.08609415993374,-0.21789562370390278,-3.3556672943672123,-0.04593960525765017,-57.75772300380045,0.14951036861664863,-6.653904692922367,0.3196625855594684,58.921838383248726,-0.03635708494780777,-0.027226758965597272,-0.00037072,0.18636627702600506,0.00017264,1,1.0
3318,0.0006906100250370917,0.056973484777676664,-0.00033195,2.185997095306893,5.360117189069793,48.20068228726446,-0.21789562370390278,5.027007182793568,-0.04593960525765017,-74.92216647796397,0.14951036861664863,-6.4430747374216875,0.3196625855594684,27.58283243168887,-0.03635708494780777,-0.04888159507191049,-0.00037072,0.11921532944820949,0.00017264,1,1.0
3319,0.2281038749490849,0.06344955342032654,-0.00033195,2.185997095306893,5.360117189069793,9.96391834549974,-0.21789562370390278,19.303067887641554,-0.04593960525765017,-12.339183695461374,0.14951036861664863,-76.87297223449721,0.3196625855594684,9.613994401805956,-0.03635708494780777,-0.011331745982542614,-0.00037072,0.09734526628760301,0.00017264,1,1.0
3320,0.00032457914070510574,0.021786461022164534,-0.00033195,2.185997095306893,5.360117189069793,31.078062819605336,-0.21789562370390278,5.879096527347044,-0.04593960525765017,-6.6096316414428395,0.14951036861664863,27.52770144857063,0.3196625855594684,-16.313113315063614,-0.03635708494780777,0.0031129621909187152,-0.00037072,0.037675620756510014,0.00017264,0,1.0
3321,0.18900122704132338,0.0027020699189934036,-0.00033195,2.185997095306893,5.360117189069793,-79.49195531956354,-0.21789562370390278,11.673741033758695,-0.04593960525765017,-78.27604130321009,0.14951036861664863,-48.46310929063318,0.3196625855594684,81.27574539709109,-0.03635708494780777,-0.034219837954942996,-0.00037072,0.03420703759137234,0.00017264,1,1.0
3322,0.16505986130059574,0.04122987017868904,-0.00033195,2.185997095306893,5.360117189069793,-39.668412132910255,-0.21789562370390278,7.546239269736587,-0.04593960525765017,-99.96299369021635,0.14951036861664863,-3.609112409640062,0.3196625855594684,81.55482318400205,-0.03635708494780777,-0.03435485246803105,-0.00037072,0.08910769459987808,0.00017264,1,1.0
3323,0.12743260248736715,0.04577665641856245,-0.00033195,2.185997095306893,5.360117189069793,1.1779405127556806,-0.21789562370390278,29.783981489230538,-0.04593960525765017,-94.50757528820472,0.14951036861664863,-66.1224477950249,0.3196625855594684,38.84154810225564,-0.03635708494780777,-0.050936929988885576,-0.00037072,0.10063256992155037,0.00017264,1,1.0
3324,0.13568502404524546,0.027092266430460595,-0.00033195,2.185997095306893,5.360117189069793,-81.28101993188757,-0.21789562370390278,9.057982235377233,-0.04593960525765017,-26.954557957718638,0.14951036861664863,90.07369093936343,0.3196625855594684,30.926480559559195,-0.03635708494780777,-0.08014348571727566,-0.00037072,0.07992956239248773,0.00017264,1,1.0
3325,0.00829337823820469,0.029650356068971706,-0.00033195,2.185997095306893,5.360117189069793,35.211546981400105,-0.21789562370390278,0.7621112177710235,-0.04593960525765017,-25.90389071773639,0.14951036861664863,-80.07564451455647,0.3196625855594684,15.547980997701702,-0.03635708494780777,-0.05495477965616169,-0.00037072,0.08211363082624062,0.00017264,1,1.0
3326,0.06035714398694425,0.00673878311170082,-0.00033195,2.185997095306893,5.360117189069793,-13.753247878119847,-0.21789562370390278,13.867730527514247,-0.04593960525765017,-68.31581825478162,0.14951036861664863,-82.18305330465061,0.3196625855594684,44.013127480923075,-0.03635708494780777,-0.05473179678607038,-0.00037072,0.054736164101361014,0.00017264,1,1.0
3327,0.1590330086761579,0.007068384615467733,-0.00033195,2.185997095306893,5.360117189069793,-67.76878314159354,-0.21789562370390278,-5.2433724956042,-0.04593960525765017,-13.950897297742562,0.14951036861664863,-18.41946275246021,0.3196625855594684,53.86175928553336,-0.03635708494780777,-0.026017240480611933,-0.00037072,0.025978901279399214,0.00017264,1,1.0
3328,0.19743110859203153,0.002425486482778584,-0.00033195,2.185997095306893,5.360117189069793,-88.63001550147379,-0.21789562370390278,11.227727797838208,-0.04593960525765017,-81.73099481020644,0.14951036861664863,-30.833502205190204,0.3196625855594684,85.50296797767076,-0.03635708494780777,-0.030498468299706594,-0.00037072,0.030476528562028288,0.00017264,1,1.0
3329,0.01945892790074863,0.052650975744585785,-0.00033195,2.185997095306893,5.360117189069793,41.79857197764743,-0.21789562370390278,11.423720277547071,-0.04593960525765017,-100.0,0.14951036861664863,29.920080426330408,0.3196625855594684,34.05175135669077,-0.03635708494780777,-0.02652006247120936,-0.00037072,0.11188249254004187,0.00017264,1,1.0
3330,0.004979723703804208,0.027891748392888813,-0.00033195,2.185997095306893,5.360117189069793,-30.24214699796607,-0.21789562370390278,-2.527852195259756,-0.04593960525765017,-81.50334626511388,0.14951036861664863,72.58721020089632,0.3196625855594684,56.2544457766189,-0.03635708494780777,-0.05830957780085307,-0.00037072,0.07234778001406075,0.00017264,1,1.0
3331,0.29789130673285635,0.05394519565988913,-0.00033195,2.185997095306893,5.360117189069793,-51.56147573587168,-0.21789562370390278,-2.820582652631297,-0.04593960525765017,-20.44692082567882,0.14951036861664863,-95.42917732470171,0.3196625855594684,72.72454103413091,-0.03635708494780777,-0.024161420103756284,-0.00037072,0.08469944254346037,0.00017264,1,1.0
3332,0.037110579408823924,0.057654298936448044,-0.00033195,2.185997095306893,5.360117189069793,-2.5750186372973687,-0.21789562370390278,-4.180601702426377,-0.04593960525765017,-71.67026517706556,0.14951036861664863,66.21057909977856,0.3196625855594684,48.11923272193095,-0.03635708494780777,-0.05168733605429657,-0.00037072,0.10776606723133941,0.00017264,1,1.0
3333,0.20263230758940065,0.1064016149631942,-0.00033195,2.185997095306893,5.360117189069793,-80.64229191212482,-0.21789562370390278,24.678797489371558,-0.04593960525765017,-18.92064342755158,0.14951036861664863,22.912208402460045,0.3196625855594684,18.388354321160104,-0.03635708494780777,-0.14895069256356808,-0.00037072,0.14924965090594478,0.00017264,1,1.0
3334,0.2023181241276068,0.04741532944894859,-0.00033195,2.185997095306893,5.360117189069793,-61.70305648972112,-0.21789562370390278,30.87110090243172,-0.04593960525765017,-74.93443004479292,0.14951036861664863,-94.08626698059803,0.3196625855594684,53.89060016064519,-0.03635708494780777,-0.10105570253586624,-0.00037072,0.10112624473718171,0.00017264,1,1.0
3335,0.11066734042539914,0.027237679521385463,-0.00033195,2.185997095306893,5.360117189069793,-63.16911847648305,-0.21789562370390278,-12.989743313556172,-0.04593960525765017,-13.263534709287306,0.14951036861664863,98.3119831179813,0.3196625855594684,44.22886176440405,-0.03635708494780777,-0.04026443586835668,-0.00037072,0.06082660335946784,0.00017264,1,1.0
3336,0.08959971047428018,0.04432297547683321,-0.00033195,2.185997095306893,5.360117189069793,47.04817600505333,-0.21789562370390278,13.022040519000187,-0.04593960525765017,-54.158176038635304,0.14951036861664863,-50.029392697112165,0.3196625855594684,17.435133131382216,-0.03635708494780777,-0.00013490389209708242,-0.00037072,0.08694513369008433,0.00017264,1,1.0
3337,0.15601479335747465,0.11459026100552841,-0.00033195,2.185997095306893,5.360117189069793,-91.21100863596864,-0.21789562370390278,29.935347028281363,-0.04593960525765017,-68.7152750700117,0.14951036861664863,100.0,0.3196625855594684,32.16814806196105,-0.03635708494780777,-0.15618525476726952,-0.00037072,0.15601874682939626,0.00017264,1,1.0
3338,8.198208990056743e-05,0.033440743843080226,-0.00033195,2.185997095306893,5.360117189069793,70.8933809219803,-0.21789562370390278,19.429170571868635,-0.04593960525765017,-41.024266654910775,0.14951036861664863,-93.06585458675825,0.3196625855594684,-10.539187050657594,-0.03635708494780777,-0.02726168490840354,-0.00037072,0.07934384414735042,0.00017264,1,1.0
3339,0.0003697545118703238,0.034182431865983506,-0.00033195,2.185997095306893,5.360117189069793,79.58307870678033,-0.21789562370390278,11.796773274070363,-0.04593960525765017,-25.975169293441823,0.14951036861664863,-91.45818066399981,0.3196625855594684,-12.196693178305624,-0.03635708494780777,-0.016870765936324465,-0.00037072,0.0796801656836982,0.00017264,1,1.0
3340,0.06063809572606043,0.0013434205230091472,-0.00033195,2.185997095306893,5.360117189069793,-34.31334352690052,-0.21789562370390278,7.267612432404431,-0.04593960525765017,-55.72336826625045,0.14951036861664863,-3.8514956767729003,0.3196625855594684,41.88670091725433,-0.03635708494780777,-0.025164566546733245,-0.00037072,0.02520016668794266,0.00017264,1,1.0
3341,0.0123192464864193,0.030817455523698557,-0.00033195,2.185997095306893,5.360117189069793,12.888124128114827,-0.21789562370390278,-6.2896442588073755,-0.04593960525765017,-17.210550820495932,0.14951036861664863,-26.543316841756557,0.3196625855594684,20.380119801375027,-0.03635708494780777,-0.05595285548513419,-0.00037072,0.07725081334613958,0.00017264,1,1.0
3342,0.025316243372631192,0.004786951868842405,-0.00033195,2.185997095306893,5.360117189069793,9.933411089638899,-0.21789562370390278,11.344367516316352,-0.04593960525765017,-37.31733949388871,0.14951036861664863,-92.46344529776665,0.3196625855594684,18.59861645926024,-0.03635708494780777,-0.044123565491810235,-0.00037072,0.04414625039509146,0.00017264,1,1.0
3343,0.0003229388684040657,0.05584970077890405,-0.00033195,2.185997095306893,5.360117189069793,84.37678841422999,-0.21789562370390278,22.812186767499476,-0.04593960525765017,-87.69640986616176,0.14951036861664863,20.177245970704703,0.3196625855594684,-2.863747972034484,-0.03635708494780777,0.005219512511523035,-0.00037072,0.10534669516070488,0.00017264,0,1.0
3344,0.004730700178901856,0.057348349367874835,-0.00033195,2.185997095306893,5.360117189069793,64.06453678516979,-0.21789562370390278,7.446847485978857,-0.04593960525765017,-71.90475721900705,0.14951036861664863,28.66993014934327,0.3196625855594684,13.857241322437462,-0.03635708494780777,-0.015748100831739817,-0.00037072,0.11321911295310282,0.00017264,1,1.0
3345,0.21840613442422097,0.002740827672808749,-0.00033195,2.185997095306893,5.360117189069793,-70.72741848856937,-0.21789562370390278,7.474111770479872,-0.04593960525765017,-27.845614226489964,0.14951036861664863,-88.81704507942865,0.3196625855594684,60.07219164640485,-0.03635708494780777,-0.017599661679308782,-0.00037072,0.01770258796745409,0.00017264,1,1.0
3346,0.0023828476409934185,0.023057565637490042,-0.00033195,2.185997095306893,5.360117189069793,12.121911750492393,-0.21789562370390278,10.987274033849069,-0.04593960525765017,-81.95106000920828,0.14951036861664863,-85.31658152017414,0.3196625855594684,43.85452779450691,-0.03635708494780777,-0.07994793390344201,-0.00037072,0.08677980561601442,0.00017264,1,1.0
3347,0.1678639405147273,0.0681192858734193,-0.00033195,2.185997095306893,5.360117189069793,46.07745347885254,-0.21789562370390278,17.15424364970215,-0.04593960525765017,-32.83083829427322,0.14951036861664863,-0.9938605422227968,0.3196625855594684,0.1850971524070378,-0.03635708494780777,0.03581858255396156,-0.00037072,0.09132608052714777,0.00017264,0,1.0
3348,0.12165807331984177,0.028166861104039886,-0.00033195,2.185997095306893,5.360117189069793,-52.83166825940753,-0.21789562370390278,4.046396719856576,-0.04593960525765017,-95.40279647694233,0.14951036861664863,28.29106684411477,0.3196625855594684,79.30484326726166,-0.03635708494780777,-0.04043119637759431,-0.00037072,0.07044906920570346,0.00017264,1,1.0
3349,0.08931360000792116,0.1280320001298809,-0.00033195,2.185997095306893,5.360117189069793,6.12968188503634,-0.21789562370390278,-16.453576779532092,-0.04593960525765017,-34.85211141568196,0.14951036861664863,-28.348903179152003,0.3196625855594684,55.59682715281643,-0.03635708494780777,-0.11120836248738943,-0.00037072,0.17134848448412832,0.00017264,1,1.0
3350,0.0005475847446375914,0.04239083692553218,-0.00033195,2.185997095306893,5.360117189069793,91.1684059029968,-0.21789562370390278,9.349066701299778,-0.04593960525765017,-0.7824218006696776,0.14951036861664863,-22.889446690826055,0.3196625855594684,-36.40450548730869,-0.03635708494780777,0.03359274744551205,-0.00037072,0.056035103977227704,0.00017264,0,1.0
3351,0.020229449625364188,0.009637763703281288,-0.00033195,2.185997095306893,5.360117189069793,-32.387598033612065,-0.21789562370390278,8.953827020455165,-0.04593960525765017,-98.7489122410697,0.14951036861664863,14.759453444117128,0.3196625855594684,60.255415594870016,-0.03635708494780777,-0.05647466585534468,-0.00037072,0.056491486051777784,0.00017264,1,1.0
3352,0.18820193847264235,0.10598827877839098,-0.00033195,2.185997095306893,5.360117189069793,-89.42697541358382,-0.21789562370390278,30.645148459548942,-0.04593960525765017,-63.958374883717475,0.14951036861664863,44.8909640018724,0.3196625855594684,37.349542091324864,-0.03635708494780777,-0.14839716992700358,-0.00037072,0.14761203051631228,0.00017264,1,1.0
3353,0.0055054711763041775,0.06374284681421098,-0.00033195,2.185997095306893,5.360117189069793,85.1264550878761,-0.21789562370390278,17.888176680505328,-0.04593960525765017,-98.90347325806765,0.14951036861664863,-44.70864370706228,0.3196625855594684,19.18846057431407,-0.03635708494780777,-0.03728196351609743,-0.00037072,0.13888564598185527,0.00017264,1,1.0
3354,0.00020650512951767008,0.046942430865535595,-0.00033195,2.185997095306893,5.360117189069793,45.82802824777035,-0.21789562370390278,12.468385952853493,-0.04593960525765017,-94.92398032192389,0.14951036861664863,79.1508405092989,0.3196625855594684,20.415777312816836,-0.03635708494780777,0.0017480738424390935,-0.00037072,0.09111211631202766,0.00017264,0,1.0
3355,0.18226403620946657,0.08115820415674813,-0.00033195,2.185997095306893,5.360117189069793,25.41119259988068,-0.21789562370390278,4.286107352009818,-0.04593960525765017,-64.57425036575586,0.14951036861664863,13.355713043216987,0.3196625855594684,44.1648145502059,-0.03635708494780777,0.002920967993670795,-0.00037072,0.12898626609633612,0.00017264,0,1.0
3356,0.00015555318648061145,0.03733995966417518,-0.00033195,2.185997095306893,5.360117189069793,73.53155362841724,-0.21789562370390278,6.2868068088027735,-0.04593960525765017,-20.427075329924737,0.14951036861664863,-49.78988688383842,0.3196625855594684,-11.265443966369409,-0.03635708494780777,-0.009045847137068262,-0.00037072,0.07871288533413984,0.00017264,1,1.0
3357,0.30338244816418536,0.06061087325658522,-0.00033195,2.185997095306893,5.360117189069793,-73.77565528765294,-0.21789562370390278,19.65246192581914,-0.04593960525765017,-61.17173426309687,0.14951036861664863,13.90408586583405,0.3196625855594684,61.36293369344206,-0.03635708494780777,-0.0332915342525465,-0.00037072,0.10032207573770682,0.00017264,1,1.0
3358,-0.00017171559613798903,0.0473646399452727,-0.00033195,2.185997095306893,5.360117189069793,13.52991306809026,-0.21789562370390278,18.353631017687945,-0.04593960525765017,-11.83087926729163,0.14951036861664863,19.49515020880232,0.3196625855594684,-24.358596868472898,-0.03635708494780777,-0.08129776276557396,-0.00037072,0.09376703918484064,0.00017264,1,1.0
3359,0.22142752871139015,0.06471470910400774,-0.00033195,2.185997095306893,5.360117189069793,-10.936586525911505,-0.21789562370390278,2.1457657919802093,-0.04593960525765017,-51.047530543201354,0.14951036861664863,-23.032366772552784,0.3196625855594684,57.31991465678427,-0.03635708494780777,-0.006391552999228528,-0.00037072,0.10305532091214313,0.00017264,1,1.0
3360,0.17105595520508057,0.009483037088009684,-0.00033195,2.185997095306893,5.360117189069793,-69.2440537686899,-0.21789562370390278,12.967314949150747,-0.04593960525765017,-46.46978432450399,0.14951036861664863,-22.549814342977808,0.3196625855594684,51.31201082887388,-0.03635708494780777,-0.044050541883620724,-0.00037072,0.04467005416460478,0.00017264,1,1.0
3361,0.0018702686700697857,0.03979287749353289,-0.00033195,2.185997095306893,5.360117189069793,7.7860372332747785,-0.21789562370390278,23.230591488161725,-0.04593960525765017,-95.05153892570522,0.14951036861664863,81.75676042774025,0.3196625855594684,16.439800398598006,-0.03635708494780777,-0.03941612223448507,-0.00037072,0.08478252735812401,0.00017264,1,1.0
3362,0.00012299539398775636,0.029351264298971686,-0.00033195,2.185997095306893,5.360117189069793,27.6625993740317,-0.21789562370390278,1.1551171245823557,-0.04593960525765017,-29.397141339861385,0.14951036861664863,69.11679712845712,0.3196625855594684,0.8569566638877061,-0.03635708494780777,0.010082169493839645,-0.00037072,0.0480572492048344,0.00017264,0,1.0
3363,0.11321949402795942,0.005203630115782714,-0.00033195,2.185997095306893,5.360117189069793,-73.47995206969559,-0.21789562370390278,-1.6081103325237698,-0.04593960525765017,-54.18583418101705,0.14951036861664863,51.69220719627218,0.3196625855594684,63.291078450922626,-0.03635708494780777,-0.01982629224336408,-0.00037072,0.02140531023398872,0.00017264,1,1.0
3364,0.0002703350621779399,0.05567126273653277,-0.00033195,2.185997095306893,5.360117189069793,77.71081278369367,-0.21789562370390278,21.38469118683756,-0.04593960525765017,-93.30126742209279,0.14951036861664863,50.7191637305428,0.3196625855594684,1.0117772150556843,-0.03635708494780777,0.012478690912166801,-0.00037072,0.10180777846778187,0.00017264,0,1.0
3365,0.0018164915776502089,0.05618193267505841,-0.00033195,2.185997095306893,5.360117189069793,62.264261475877504,-0.21789562370390278,11.056518347436343,-0.04593960525765017,-89.05629190732057,0.14951036861664863,63.933496121992675,0.3196625855594684,15.809278652718273,-0.03635708494780777,-0.0015368522410448282,-0.00037072,0.10831765160699602,0.00017264,1,1.0
3366,0.0947323590131702,0.026281226512682963,-0.00033195,2.185997095306893,5.360117189069793,-36.52895185877278,-0.21789562370390278,12.694665774206207,-0.04593960525765017,-9.689884173644264,0.14951036861664863,7.571601347007164,0.3196625855594684,7.552290082624977,-0.03635708494780777,-0.07368887267525884,-0.00037072,0.07376105912611955,0.00017264,1,1.0
3367,0.02232253021551933,0.005127606685346809,-0.00033195,2.185997095306893,5.360117189069793,-16.842348648530763,-0.21789562370390278,12.359658318518244,-0.04593960525765017,-75.06804610399014,0.14951036861664863,-17.65598122624553,0.3196625855594684,39.904465903394204,-0.03635708494780777,-0.04491015828058135,-0.00037072,0.045123329353711474,0.00017264,1,1.0
3368,0.146503090577993,0.1171490143447494,-0.00033195,2.185997095306893,5.360117189069793,80.92946005740976,-0.21789562370390278,-2.9894933435203606,-0.04593960525765017,-28.70366791472847,0.14951036861664863,44.42045611913767,0.3196625855594684,7.977105252860754,-0.03635708494780777,0.005856801537091796,-0.00037072,0.17448783480397118,0.00017264,0,1.0
3369,0.0010986156782615622,0.02240795957807695,-0.00033195,2.185997095306893,5.360117189069793,-6.091188525856679,-0.21789562370390278,3.588936767153988,-0.04593960525765017,-76.32469004440337,0.14951036861664863,42.4280656449421,0.3196625855594684,40.564316874413024,-0.03635708494780777,-0.03908687493544816,-0.00037072,0.06436358050908722,0.00017264,1,1.0
3370,0.0005346394898173568,0.04730931520184388,-0.00033195,2.185997095306893,5.360117189069793,84.84327740889594,-0.21789562370390278,13.398622885804844,-0.04593960525765017,-40.99788726120067,0.14951036861664863,10.041749075301633,0.3196625855594684,-18.452534214866546,-0.03635708494780777,0.024495075896626424,-0.00037072,0.07637294158525795,0.00017264,0,1.0
3371,0.0002014510274907233,0.04508393797112913,-0.00033195,2.185997095306893,5.360117189069793,56.64547512232428,-0.21789562370390278,10.648811934971855,-0.04593960525765017,-43.01323442137964,0.14951036861664863,91.4451591458706,0.3196625855594684,-14.820404796252593,-0.03635708494780777,0.035663316109195334,-0.00037072,0.05908653987660538,0.00017264,0,1.0
3372,0.09731487075075292,0.0048621572781353825,-0.00033195,2.185997095306893,5.360117189069793,-69.67494654255401,-0.21789562370390278,7.747881292203588,-0.04593960525765017,-99.78214995231622,0.14951036861664863,32.15249558452459,0.3196625855594684,79.00068815941978,-0.03635708494780777,-0.039636897130063034,-0.00037072,0.039713943366610174,0.00017264,1,1.0
3373,0.12539133879287462,0.008801089168201222,-0.00033195,2.185997095306893,5.360117189069793,-60.49717399269384,-0.21789562370390278,5.203316483885749,-0.04593960525765017,-15.300015022246718,0.14951036861664863,29.791477527465407,0.3196625855594684,28.96289083242432,-0.03635708494780777,-0.04428614853854262,-0.00037072,0.04440274376944169,0.00017264,1,1.0
3374,0.11901972867939577,0.0045049657537689315,-0.00033195,2.185997095306893,5.360117189069793,-52.75869290005423,-0.21789562370390278,7.971451847721355,-0.04593960525765017,-31.65145376524105,0.14951036861664863,-0.5199762844882856,0.3196625855594684,36.26481877044506,-0.03635708494780777,-0.030703239118174887,-0.00037072,0.030809103743378467,0.00017264,1,1.0
3375,0.15063033318658384,0.06268694791921767,-0.00033195,2.185997095306893,5.360117189069793,-66.82736702508345,-0.21789562370390278,19.464682098841138,-0.04593960525765017,-24.164140474498883,0.14951036861664863,35.956051424100686,0.3196625855594684,18.31169458777246,-0.03635708494780777,-0.11505200569202326,-0.00037072,0.11517253772140215,0.00017264,1,1.0
3376,0.16219517251002563,0.0634842899422597,-0.00033195,2.185997095306893,5.360117189069793,-20.78564427277952,-0.21789562370390278,32.808386181382005,-0.04593960525765017,-99.33038439826383,0.14951036861664863,-24.430748098756034,0.3196625855594684,42.56734192577306,-0.03635708494780777,-0.06394312618677142,-0.00037072,0.11657584232104104,0.00017264,1,1.0
3377,0.021133642188005314,0.01997982636088367,-0.00033195,2.185997095306893,5.360117189069793,-4.5345962342656,-0.21789562370390278,16.323558134346886,-0.04593960525765017,-29.607050760517048,0.14951036861664863,-10.507952135131818,0.3196625855594684,0.7747500404075466,-0.03635708494780777,-0.06209437140148724,-0.00037072,0.062084343873216,0.00017264,1,1.0
3378,0.0763298914208401,0.008434141763057354,-0.00033195,2.185997095306893,5.360117189069793,-30.557311854610592,-0.21789562370390278,6.8139156721887275,-0.04593960525765017,-66.90836946803839,0.14951036861664863,-53.19352170680127,0.3196625855594684,55.98759591889495,-0.03635708494780777,-0.05202664229175105,-0.00037072,0.05292629842306411,0.00017264,1,1.0
3379,0.001012134466374659,0.034201367132347865,-0.00033195,2.185997095306893,5.360117189069793,48.92740864972065,-0.21789562370390278,24.116965153322507,-0.04593960525765017,-84.34114921693896,0.14951036861664863,-83.1068871897644,0.3196625855594684,15.901387804921605,-0.03635708494780777,-0.05376993164110465,-0.00037072,0.0940748756317037,0.00017264,1,1.0
3380,-0.000137753222861553,0.03252800640058131,-0.00033195,2.185997095306893,5.360117189069793,44.216678563806234,-0.21789562370390278,8.104718350486683,-0.04593960525765017,-38.64590558976532,0.14951036861664863,45.2125496275227,0.3196625855594684,-4.952077157958276,-0.03635708494780777,0.02083481037428868,-0.00037072,0.04712415080333848,0.00017264,0,1.0
3381,0.22591206876572623,0.14424085023684197,-0.00033195,2.185997095306893,5.360117189069793,63.41606794217881,-0.21789562370390278,3.6425746803327606,-0.04593960525765017,-89.64870933664298,0.14951036861664863,61.99177276984261,0.3196625855594684,48.471462628313915,-0.03635708494780777,0.007828511751119677,-0.00037072,0.20788412075183402,0.00017264,0,1.0
3382,0.02502869948970643,0.028974079784452024,-0.00033195,2.185997095306893,5.360117189069793,41.10126921987778,-0.21789562370390278,20.02170277153549,-0.04593960525765017,-73.48175329100066,0.14951036861664863,-98.8435409161197,0.3196625855594684,21.206604624265214,-0.03635708494780777,-0.04982054423974706,-0.00037072,0.08748275456923568,0.00017264,1,1.0
3383,0.04093660463878657,0.10818984879964277,-0.00033195,2.185997095306893,5.360117189069793,1.2682139915754278,-0.21789562370390278,43.00036827676815,-0.04593960525765017,-90.27547028670361,0.14951036861664863,-68.03603074261004,0.3196625855594684,9.383723761213732,-0.03635708494780777,-0.1461266940723795,-0.00037072,0.14603350141948768,0.00017264,1,1.0
3384,0.15550847329954293,0.003992011207224203,-0.00033195,2.185997095306893,5.360117189069793,-99.63156593057292,-0.21789562370390278,2.305482025139068,-0.04593960525765017,-83.94649211426679,0.14951036861664863,58.94069373821792,0.3196625855594684,87.7684917532083,-0.03635708494780777,-0.019536746793140145,-0.00037072,0.01961981767660853,0.00017264,1,1.0
3385,0.00028872894306325447,0.04500324858887977,-0.00033195,2.185997095306893,5.360117189069793,51.665808425199984,-0.21789562370390278,25.999646378507435,-0.04593960525765017,-84.37811631969484,0.14951036861664863,-15.138121677413473,0.3196625855594684,4.327719943203813,-0.03635708494780777,-0.034180303759476234,-0.00037072,0.09535677567779197,0.00017264,1,1.0
3386,0.012693805146061554,0.017047872594391014,-0.00033195,2.185997095306893,5.360117189069793,12.297880663244275,-0.21789562370390278,22.651120780609936,-0.04593960525765017,-75.91179607622924,0.14951036861664863,-93.5987425494597,0.3196625855594684,25.66437122920778,-0.03635708494780777,-0.07170738692620927,-0.00037072,0.0721638151285982,0.00017264,1,1.0
3387,0.034772683637883245,0.017452401970749206,-0.00033195,2.185997095306893,5.360117189069793,-32.081043928924416,-0.21789562370390278,-9.461430649354913,-0.04593960525765017,-23.328568570222558,0.14951036861664863,26.17678550173632,0.3196625855594684,37.77926870787386,-0.03635708494780777,-0.054691120784721464,-0.00037072,0.054997415204849465,0.00017264,1,1.0
3388,0.17124356870306584,0.0154702551643085,-0.00033195,2.185997095306893,5.360117189069793,-97.93498556257784,-0.21789562370390278,-7.162220509679172,-0.04593960525765017,-49.80454598307978,0.14951036861664863,41.529474337583416,0.3196625855594684,82.30823616846482,-0.03635708494780777,-0.04166101123097366,-0.00037072,0.04211870058943835,0.00017264,1,1.0
3389,0.0719077126585088,0.003015378057212974,-0.00033195,2.185997095306893,5.360117189069793,-44.382085053638065,-0.21789562370390278,11.465352019121637,-0.04593960525765017,-81.96024145885583,0.14951036861664863,0.08446901238183341,0.3196625855594684,56.36269270014161,-0.03635708494780777,-0.03758639737921081,-0.00037072,0.03759039451039785,0.00017264,1,1.0
3390,0.0364786355158509,0.09572350721448265,-0.00033195,2.185997095306893,5.360117189069793,-40.10640310314001,-0.21789562370390278,32.51937797899514,-0.04593960525765017,-82.43553727538425,0.14951036861664863,85.47544089999106,0.3196625855594684,12.367636740928104,-0.03635708494780777,-0.13869714972434116,-0.00037072,0.1384156434142148,0.00017264,1,1.0
3391,0.0012480482795695358,0.030528153188933118,-0.00033195,2.185997095306893,5.360117189069793,31.145669695245452,-0.21789562370390278,19.926989810191202,-0.04593960525765017,-98.74928179994536,0.14951036861664863,-38.5562118024791,0.3196625855594684,30.861921537750195,-0.03635708494780777,-0.049673003200896626,-0.00037072,0.08966489637168876,0.00017264,1,1.0
3392,0.03175473475857668,0.009426597516684196,-0.00033195,2.185997095306893,5.360117189069793,0.778526865645123,-0.21789562370390278,16.463828421241843,-0.04593960525765017,-70.81317688050304,0.14951036861664863,-89.36099078707139,0.3196625855594684,35.78075491040437,-0.03635708494780777,-0.06152551731819583,-0.00037072,0.06155986007901003,0.00017264,1,1.0
3393,0.12525905932380033,0.15403775616676435,-0.00033195,2.185997095306893,5.360117189069793,-30.291920410588098,-0.21789562370390278,44.27179117141739,-0.04593960525765017,-70.48853065958284,0.14951036861664863,-56.541821907553526,0.3196625855594684,11.11594161648848,-0.03635708494780777,-0.1727914609374258,-0.00037072,0.17332931323345274,0.00017264,1,1.0
3394,0.07223353571678834,0.05120242948472959,-0.00033195,2.185997095306893,5.360117189069793,78.33075251352645,-0.21789562370390278,16.782274910660245,-0.04593960525765017,-37.698491295344326,0.14951036861664863,-53.52339085255439,0.3196625855594684,-8.755999984939766,-0.03635708494780777,0.02029820914485793,-0.00037072,0.08529922464393767,0.00017264,0,1.0
3395,0.0005831675378148715,0.04054242997742161,-0.00033195,2.185997095306893,5.360117189069793,67.56913413052061,-0.21789562370390278,15.417496145858914,-0.04593960525765017,-51.77767367386694,0.14951036861664863,3.9724671339982383,0.3196625855594684,-8.6124727073603,-0.03635708494780777,0.008331466487730269,-0.00037072,0.07341898788577708,0.00017264,0,1.0
3396,0.24645191630584673,0.057577541294119475,-0.00033195,2.185997095306893,5.360117189069793,-42.95200847009367,-0.21789562370390278,6.135708824896298,-0.04593960525765017,-72.45216584623765,0.14951036861664863,66.87251066992127,0.3196625855594684,66.52178825510893,-0.03635708494780777,0.03357386550619559,-0.00037072,0.06816663737132042,0.00017264,0,1.0
3397,0.5413006894436717,0.16584139729512756,-0.00033195,2.185997095306893,5.360117189069793,-57.927363920205096,-0.21789562370390278,-0.5738253373652993,-0.04593960525765017,-37.2935074649731,0.14951036861664863,71.1528852308594,0.3196625855594684,86.29791745079172,-0.03635708494780777,0.04134575820231928,-0.00037072,0.1751836915964439,0.00017264,0,1.0
3398,0.5408330762595099,0.2756699544820994,-0.00033195,2.185997095306893,5.360117189069793,42.99113933729308,-0.21789562370390278,-8.479559883588566,-0.04593960525765017,-24.015616838795534,0.14951036861664863,65.0634869442256,0.3196625855594684,60.05231889756882,-0.03635708494780777,0.034527952998178596,-0.00037072,0.29352180638033143,0.00017264,0,1.0
3399,0.08534512295118146,0.06218275031200316,-0.00033195,2.185997095306893,5.360117189069793,-5.090163119195582,-0.21789562370390278,31.068092382161083,-0.04593960525765017,-44.959168054256274,0.14951036861664863,-97.11998052536202,0.3196625855594684,6.791747567681793,-0.03635708494780777,-0.10972535476070697,-0.00037072,0.10930934502194795,0.00017264,1,1.0
3400,-0.16082592381480063,0.40321444448204896,-0.00033195,0.1936483754161056,5.296777267562481,-2.666013136138992,-0.21789562370390278,5.320825258746916,-0.04593960525765017,-44.384118689240076,0.14951036861664863,-23.988233829283374,0.3196625855594684,7.218065712216007,-0.03635708494780777,-0.10826127728276169,-0.00037072,0.14098509790305283,0.00017264,1,1.0
3401,-1.9364724731380694,6.0110893061335915,-0.00033195,0.1936483754161056,5.296777267562481,25.80973542628885,-0.21789562370390278,-84.97083943839296,-0.04593960525765017,-63.469224924342186,0.14951036861664863,54.819087215785956,0.3196625855594684,-67.20461453477297,-0.03635708494780777,-0.5383398457780719,-0.00037072,0.5340878682112791,0.00017264,1,1.0
3402,1.3344440493261336,6.929737016205018,-0.00033195,0.1936483754161056,5.296777267562481,-33.3132675734659,-0.21789562370390278,-65.92914116304517,-0.04593960525765017,-92.92412315843622,0.14951036861664863,99.53783238429043,0.3196625855594684,87.42590234685139,-0.03635708494780777,-0.6320953234290956,-0.00037072,0.6791066852232146,0.00017264,1,1.0
3403,0.04513797404247786,0.1164292879849971,-0.00033195,0.1936483754161056,5.296777267562481,-3.2342637401313574,-0.21789562370390278,59.18070927285399,-0.04593960525765017,-39.265911210860004,0.14951036861664863,35.34485613639512,0.3196625855594684,8.516737569294474,-0.03635708494780777,-0.19001994109711012,-0.00037072,0.18798704137437244,0.00017264,1,1.0
3404,-0.17300169412585414,0.4555627552561369,-0.00033195,0.1936483754161056,5.296777267562481,-5.170067056034274,-0.21789562370390278,60.37388307276812,-0.04593960525765017,-96.80863499796094,0.14951036861664863,74.2686706308518,0.3196625855594684,13.783080128288818,-0.03635708494780777,-0.19043740165715364,-0.00037072,0.20690813073331513,0.00017264,1,1.0
3405,0.49101001879151185,3.359015492191189,-0.00033195,0.1936483754161056,5.296777267562481,-21.411833727595717,-0.21789562370390278,-61.394012562886616,-0.04593960525765017,-84.97813825811683,0.14951036861664863,-78.45851356945914,0.3196625855594684,56.44720539345976,-0.03635708494780777,-0.48113999753295694,-0.00037072,0.481304286252108,0.00017264,1,1.0
3406,-2.035017434882491,7.127801494665302,-0.00033195,0.1936483754161056,5.296777267562481,30.884269888700864,-0.21789562370390278,-71.47568957874917,-0.04593960525765017,-29.90611003765781,0.14951036861664863,16.09769971954293,0.3196625855594684,-80.53458145661479,-0.03635708494780777,-0.5379285830749909,-0.00037072,0.5539732149273033,0.00017264,1,1.0
3407,1.3447685400133467,2.083621810843128,-0.00033195,0.1936483754161056,5.296777267562481,-26.20809664440867,-0.21789562370390278,39.94703972588821,-0.04593960525765017,-31.64432208064608,0.14951036861664863,2.0878572961004616,0.3196625855594684,68.58421566161519,-0.03635708494780777,-0.3228704001285974,-0.00037072,0.32180551321439116,0.00017264,1,1.0
3408,-0.2726374693560632,0.8838865068284146,-0.00033195,0.1936483754161056,5.296777267562481,-0.9186320961333716,-0.21789562370390278,-51.44162773566836,-0.04593960525765017,-35.41966718932991,0.14951036861664863,-21.694333453234925,0.3196625855594684,2.620548249064007,-0.03635708494780777,-0.25243749714528896,-0.00037072,0.2592984637140552,0.00017264,1,1.0
3409,0.44504291759793063,0.43741943452258797,-0.00033195,0.1936483754161056,5.296777267562481,-17.004285640303927,-0.21789562370390278,54.35232450422977,-0.04593960525765017,-83.35063228659621,0.14951036861664863,-39.32194561637735,0.3196625855594684,44.779466067588544,-0.03635708494780777,-0.01673343187754021,-0.00037072,0.014968909919727106,0.00017264,1,1.0
3410,1.037167725188878,1.580264165899284,-0.00033195,0.1936483754161056,5.296777267562481,-26.810453333847253,-0.21789562370390278,60.868436518928476,-0.04593960525765017,-99.65769380950451,0.14951036861664863,66.69465581742901,0.3196625855594684,70.3364196537716,-0.03635708494780777,-0.19005756086366568,-0.00037072,0.1906577506443631,0.00017264,1,1.0
3411,-1.3449452834669378,3.7045109011225343,-0.00033195,0.1936483754161056,5.296777267562481,16.10428488222333,-0.21789562370390278,-44.93599895548802,-0.04593960525765017,-73.24157444913946,0.14951036861664863,94.81287440682075,0.3196625855594684,-41.87132543666192,-0.03635708494780777,-0.3704082499140947,-0.00037072,0.3744896776875507,0.00017264,1,1.0
3412,0.002625117387345512,0.03492948210811945,-0.00033195,0.1936483754161056,5.296777267562481,-3.4071209969088385,-0.21789562370390278,4.439879269438819,-0.04593960525765017,-44.36990909805242,0.14951036861664863,76.68406951712421,0.3196625855594684,8.989945197514446,-0.03635708494780777,-0.021942137609815122,-0.00037072,0.02749050737451001,0.00017264,1,1.0
3413,-0.08322669473559795,8.699949465621243,-0.00033195,0.1936483754161056,5.296777267562481,11.899495543340123,-0.21789562370390278,76.24848866206426,-0.04593960525765017,-46.842494250457506,0.14951036861664863,33.48873408079215,0.3196625855594684,-9.18979248106988,-0.03635708494780777,-0.003658950515132986,-0.00037072,15.60288545006261,0.00017264,1,1.0
3414,0.6333059543656447,0.24591558329165453,-0.00033195,0.1936483754161056,5.296777267562481,-15.88957041216879,-0.21789562370390278,82.1560575445345,-0.04593960525765017,-40.3765420366114,0.14951036861664863,-94.47122754319221,0.3196625855594684,41.77259580296819,-0.03635708494780777,-0.13730357646118124,-0.00037072,0.15781090831838468,0.00017264,1,1.0
3415,1.3702718095076032,2.4909924897050613,-0.00033195,0.1936483754161056,5.296777267562481,-27.666720266897766,-0.21789562370390278,33.550964891519435,-0.04593960525765017,-48.48078723720605,0.14951036861664863,52.2162415813958,0.3196625855594684,72.3955923639747,-0.03635708494780777,-0.3587770986794084,-0.00037072,0.3506711950948083,0.00017264,1,1.0
3416,0.886783556350696,1.1748104208532504,-0.00033195,0.1936483754161056,5.296777267562481,-19.775887958371836,-0.21789562370390278,25.705045177135997,-0.04593960525765017,-45.67213635966748,0.14951036861664863,18.864774188556115,0.3196625855594684,51.823750763789064,-0.03635708494780777,-0.20809605915635188,-0.00037072,0.2092487710348705,0.00017264,1,1.0
3417,-1.2488520255541091,11.28727544383907,-0.00033195,0.1936483754161056,5.296777267562481,31.047252544292196,-0.21789562370390278,82.30967185346026,-0.04593960525765017,-0.3178898587855472,0.14951036861664863,84.40851263823023,0.3196625855594684,-72.17472934453787,-0.03635708494780777,-0.21858652296359127,-0.00037072,6.747929254890877,0.00017264,1,1.0
3418,1.179986730238478,3.293623284634532,-0.00033195,0.1936483754161056,5.296777267562481,-27.317721003166433,-0.21789562370390278,-10.177065996420504,-0.04593960525765017,-41.315141343878,0.14951036861664863,-80.86710834094876,0.3196625855594684,71.69729014665171,-0.03635708494780777,-0.36887509007714947,-0.00037072,0.389309031635811,0.00017264,1,1.0
3419,-0.16479373221168114,0.4028444884946069,-0.00033195,0.1936483754161056,5.296777267562481,-3.0495231571353094,-0.21789562370390278,42.08122137890821,-0.04593960525765017,-66.73142510708168,0.14951036861664863,37.53769568484056,0.3196625855594684,8.17482002572982,-0.03635708494780777,-0.1475704720962701,-0.00037072,0.15965173784137515,0.00017264,1,1.0
3420,0.7475125198336176,0.6070503572464208,-0.00033195,0.1936483754161056,5.296777267562481,-18.45693850518242,-0.21789562370390278,58.88553245525808,-0.04593960525765017,-70.53039256187016,0.14951036861664863,64.72357690707533,0.3196625855594684,48.43320003457065,-0.03635708494780777,-0.11779675211290279,-0.00037072,0.14773401467121577,0.00017264,1,1.0
3421,1.197691186606405,4.999853986364751,-0.00033195,0.1936483754161056,5.296777267562481,-33.371784782194545,-0.21789562370390278,-18.743837435197054,-0.04593960525765017,-89.59787267880817,0.14951036861664863,-80.25049400399645,0.3196625855594684,87.70492914499432,-0.03635708494780777,-0.4523354391678712,-0.00037072,0.4625365027274587,0.00017264,1,1.0
3422,0.10795193231345653,0.0833276391757322,-0.00033195,0.1936483754161056,5.296777267562481,-8.842748391707085,-0.21789562370390278,79.29184073615146,-0.04593960525765017,-88.78814196176155,0.14951036861664863,69.92524223165735,0.3196625855594684,23.315280177816923,-0.03635708494780777,-0.202783620126292,-0.00037072,0.2017949199115968,0.00017264,1,1.0
3423,1.0206500226420117,3.9960798121127463,-0.00033195,0.1936483754161056,5.296777267562481,-24.268988870139165,-0.21789562370390278,-58.830440624088574,-0.04593960525765017,-25.803241715688003,0.14951036861664863,-100.0,0.3196625855594684,63.685757197694016,-0.03635708494780777,-0.5158183141208519,-0.00037072,0.505004227777708,0.00017264,1,1.0
3424,0.9448740305876511,1.9008714394553516,-0.00033195,0.1936483754161056,5.296777267562481,-18.777703545407196,-0.21789562370390278,-18.773330949767402,-0.04593960525765017,-33.52562527185089,0.14951036861664863,93.73955732102681,0.3196625855594684,49.11028929964143,-0.03635708494780777,-0.35587724242030244,-0.00037072,0.36008454203874957,0.00017264,1,1.0
3425,-0.9789463095766815,3.7179064550457217,-0.00033195,0.1936483754161056,5.296777267562481,8.865609057735544,-0.21789562370390278,77.57680564555254,-0.04593960525765017,-83.61062149793533,0.14951036861664863,-16.44776399697682,0.3196625855594684,-22.8616455990936,-0.03635708494780777,-0.4993062426963286,-0.00037072,0.5069498145621272,0.00017264,1,1.0
3426,0.229641809207325,0.05029115929947014,-0.00033195,0.1936483754161056,5.296777267562481,-5.844798931527478,-0.21789562370390278,54.27958105224042,-0.04593960525765017,-23.144503950974816,0.14951036861664863,-17.81642793179721,0.3196625855594684,15.354892609005478,-0.03635708494780777,-0.14246215530900413,-0.00037072,0.1472458852655879,0.00017264,1,1.0
3427,-1.2756844496495114,5.475363144670306,-0.00033195,0.1936483754161056,5.296777267562481,17.42437067270131,-0.21789562370390278,64.30449205085264,-0.04593960525765017,-72.63916836189046,0.14951036861664863,96.09994900192251,0.3196625855594684,-45.41322493342536,-0.03635708494780777,-0.5325560396706354,-0.00037072,0.53466036381942,0.00017264,1,1.0
3428,0.7714208735662137,0.7449922314514685,-0.00033195,0.1936483754161056,5.296777267562481,-21.780688300871546,-0.21789562370390278,71.90528944411483,-0.04593960525765017,-96.05000997691475,0.14951036861664863,53.7184411972517,0.3196625855594684,57.18905341841855,-0.03635708494780777,-0.11795793901452142,-0.00037072,0.12147739226757023,0.00017264,1,1.0
3429,-0.4753160149117419,1.4115970963298676,-0.00033195,0.1936483754161056,5.296777267562481,1.9655849565869825,-0.21789562370390278,59.42793411889624,-0.04593960525765017,-84.57593660051664,0.14951036861664863,96.59126404917528,0.3196625855594684,-4.962351808440675,-0.03635708494780777,-0.28117621029768197,-0.00037072,0.28308884945167584,0.00017264,1,1.0
3430,1.0600713568864735,5.441923376760268,-0.00033195,0.1936483754161056,5.296777267562481,-25.23979519989864,-0.21789562370390278,-91.73164816143702,-0.04593960525765017,-53.66049411153407,0.14951036861664863,69.66749893057884,0.3196625855594684,66.18439217763483,-0.03635708494780777,-0.6459767094428129,-0.00037072,0.6628082516681307,0.00017264,1,1.0
3431,-1.0867265987214638,5.377835835495982,-0.00033195,0.1936483754161056,5.296777267562481,17.423823922783146,-0.21789562370390278,76.11530233848713,-0.04593960525765017,-10.225460029822925,0.14951036861664863,-96.22424581982692,0.3196625855594684,-45.47214970568829,-0.03635708494780777,-0.5715309943092859,-0.00037072,0.5425358626691257,0.00017264,1,1.0
3432,1.5847868092847472,4.9969387252731945,-0.00033195,0.1936483754161056,5.296777267562481,-35.04476262256958,-0.21789562370390278,0.5903810662497527,-0.04593960525765017,-49.286917036319835,0.14951036861664863,-79.12011745085859,0.3196625855594684,91.89146119804853,-0.03635708494780777,-0.4622281970867629,-0.00037072,0.4675624449325412,0.00017264,1,1.0
3433,0.40098323301260624,2.14601962659905,-0.00033195,0.1936483754161056,5.296777267562481,-16.339870210269297,-0.21789562370390278,-55.23808397457977,-0.04593960525765017,-63.72284187234131,0.14951036861664863,-35.752494478787284,0.3196625855594684,43.04747938292249,-0.03635708494780777,-0.3964396588582065,-0.00037072,0.39645948305560946,0.00017264,1,1.0
3434,-0.16304836139016038,0.7346706828015261,-0.00033195,0.1936483754161056,5.296777267562481,0.004884393059204933,-0.21789562370390278,72.99734807339243,-0.04593960525765017,-41.17932469489411,0.14951036861664863,11.809706416530043,0.3196625855594684,0.10684282086829217,-0.03635708494780777,-0.27408668970305616,-0.00037072,0.29244722528754996,0.00017264,1,1.0
3435,-1.1687398746410085,7.086753723290341,-0.00033195,0.1936483754161056,5.296777267562481,21.258487789117428,-0.21789562370390278,64.68746696631563,-0.04593960525765017,-7.493650438900449,0.14951036861664863,-60.09913989197019,0.3196625855594684,-52.99205673020533,-0.03635708494780777,-0.3579904131852151,-0.00037072,2.151470631208493,0.00017264,1,1.0
3436,-2.2841322287425165,7.918491217121,-0.00033195,0.1936483754161056,5.296777267562481,27.8528671507219,-0.21789562370390278,-71.58520660437777,-0.04593960525765017,-77.52875820834876,0.14951036861664863,-71.0339525803249,0.3196625855594684,-72.36472000659103,-0.03635708494780777,-0.7076784272034753,-0.00037072,0.6846891561812205,0.00017264,1,1.0
3437,1.6708423464098179,1.5030768693032313,-0.00033195,0.1936483754161056,5.296777267562481,-25.458735259179882,-0.21789562370390278,91.18807210587751,-0.04593960525765017,-2.2360058540133916,0.14951036861664863,51.706766419210986,0.3196625855594684,67.79795332017989,-0.03635708494780777,0.4486589053787632,-0.00037072,0.5463072651182782,0.00017264,0,1.0
3438,-0.08601230076020985,0.21984639368274259,-0.00033195,0.1936483754161056,5.296777267562481,-6.0694373495491,-0.21789562370390278,49.45114061135621,-0.04593960525765017,-93.08382254122127,0.14951036861664863,95.00193406275369,0.3196625855594684,16.086631907064007,-0.03635708494780777,-0.13238011153034573,-0.00037072,0.13876464137164413,0.00017264,1,1.0
3439,0.9337639672346045,2.162684927041759,-0.00033195,0.1936483754161056,5.296777267562481,-25.793223857488517,-0.21789562370390278,19.014763167033195,-0.04593960525765017,-77.25833625888082,0.14951036861664863,-46.9296559503476,0.3196625855594684,67.7623657494356,-0.03635708494780777,-0.23795640833430962,-0.00037072,0.237105961926435,0.00017264,1,1.0
3440,1.3715563003861304,1.8243034207974191,-0.00033195,0.1936483754161056,5.296777267562481,-30.354314871864844,-0.21789562370390278,86.5469087261866,-0.04593960525765017,-62.25882164688779,0.14951036861664863,-53.344922933316084,0.3196625855594684,79.56856212604006,-0.03635708494780777,-0.2500883597028572,-0.00037072,0.24293747434388974,0.00017264,1,1.0
3441,-0.4707397776794011,1.4423146846449573,-0.00033195,0.1936483754161056,5.296777267562481,-2.7372032045559807,-0.21789562370390278,-35.21590228194909,-0.04593960525765017,-70.50377398060918,0.14951036861664863,-96.07318282083094,0.3196625855594684,7.579718393921946,-0.03635708494780777,-0.32308592842705697,-0.00037072,0.31828655596349376,0.00017264,1,1.0
3442,-0.2189908880271564,1.2392092102294932,-0.00033195,0.1936483754161056,5.296777267562481,1.2643053712998267,-0.21789562370390278,95.08243310626783,-0.04593960525765017,-36.59418009589772,0.14951036861664863,-21.93180181882017,0.3196625855594684,-3.2026830347307067,-0.03635708494780777,-0.38154108925759267,-0.00037072,0.3818665887151599,0.00017264,1,1.0
3443,-0.014353338727748743,0.3249322394083984,-0.00033195,0.1936483754161056,5.296777267562481,-4.844294699357925,-0.21789562370390278,-26.464691543399564,-0.04593960525765017,-30.6704027722664,0.14951036861664863,-45.58007329932273,0.3196625855594684,12.864984295155866,-0.03635708494780777,-0.17637437452490606,-0.00037072,0.1785655367559495,0.00017264,1,1.0
3444,0.9637044151276515,1.8439564564734505,-0.00033195,0.1936483754161056,5.296777267562481,-20.730777460536782,-0.21789562370390278,-2.1310929597667028,-0.04593960525765017,-43.14197437294248,0.14951036861664863,52.32067145064613,0.3196625855594684,54.2914346059096,-0.03635708494780777,-0.3082742118603395,-0.00037072,0.3116073759578241,0.00017264,1,1.0
3445,1.6622463402435315,3.8267539257518894,-0.00033195,0.1936483754161056,5.296777267562481,-31.954318493439533,-0.21789562370390278,21.747122372106503,-0.04593960525765017,-37.367665909320145,0.14951036861664863,41.743269984914136,0.3196625855594684,83.61556944712048,-0.03635708494780777,-0.44547654484861543,-0.00037072,0.46386743637002215,0.00017264,1,1.0
3446,0.06798789420638995,0.09982206089677567,-0.00033195,0.1936483754161056,5.296777267562481,-0.9406865046680771,-0.21789562370390278,40.19046656532129,-0.04593960525765017,-15.482133985213688,0.14951036861664863,52.30726336817875,0.3196625855594684,2.4445854452316116,-0.03635708494780777,-0.13943861007747194,-0.00037072,0.15478594605359053,0.00017264,1,1.0
3447,0.04693207787227843,0.007413760474275988,-0.00033195,0.1936483754161056,5.296777267562481,-1.544108952482638,-0.21789562370390278,13.231496288012417,-0.04593960525765017,-27.465876689893314,0.14951036861664863,100.0,0.3196625855594684,4.010037054026778,-0.03635708494780777,-0.05268227564438674,-0.00037072,0.05346322337027214,0.00017264,1,1.0
3448,1.9090808201672598,2.610170843564021,-0.00033195,0.1936483754161056,5.296777267562481,-29.901317669049178,-0.21789562370390278,70.67835594526147,-0.04593960525765017,-9.461583109255333,0.14951036861664863,97.56899462421939,0.3196625855594684,79.43928808013352,-0.03635708494780777,0.41348980211335407,-0.00037072,0.6130265946594028,0.00017264,0,1.0
3449,0.7613571284113673,0.8896851830748841,-0.00033195,0.1936483754161056,5.296777267562481,-15.037008387435645,-0.21789562370390278,5.260417386763629,-0.04593960525765017,-13.22166566593096,0.14951036861664863,-15.298538609122666,0.3196625855594684,39.36627029290514,-0.03635708494780777,-0.2122616220673789,-0.00037072,0.21235136930260798,0.00017264,1,1.0
3450,0.4047085309577033,4.546771587190961,-0.00033195,0.1936483754161056,5.296777267562481,2.3836454041014656,-0.21789562370390278,47.5684916198549,-0.04593960525765017,-1e-20,0.14951036861664863,-59.906931774783544,0.3196625855594684,9.547157604986872,-0.03635708494780777,0.09244056773464049,-0.00037072,11.157756967442928,0.00017264,0,1.0
3451,-1.2293561753537439,3.93171835555856,-0.00033195,0.1936483754161056,5.296777267562481,13.997714088879983,-0.21789562370390278,13.816457412167992,-0.04593960525765017,-66.4329396440209,0.14951036861664863,-6.945689371180001,0.3196625855594684,-36.31087427771546,-0.03635708494780777,-0.42374839019307153,-0.00037072,0.42744046604779284,0.00017264,1,1.0
3452,-1.7509135550896555,7.87088957812787,-0.00033195,0.1936483754161056,5.296777267562481,28.547215188156223,-0.21789562370390278,15.512655601389325,-0.04593960525765017,-4.680269959936789,0.14951036861664863,-87.38526833359128,0.3196625855594684,-74.46304235592402,-0.03635708494780777,-0.5907335713722457,-0.00037072,0.6083376482962906,0.00017264,1,1.0
3453,-1.2026560252368597,3.589481093823749,-0.00033195,0.1936483754161056,5.296777267562481,13.360837101095859,-0.21789562370390278,-3.6537876036980785,-0.04593960525765017,-58.642912205562226,0.14951036861664863,-38.524729582363754,0.3196625855594684,-34.62604227220505,-0.03635708494780777,-0.40335539266125414,-0.00037072,0.4057303821836025,0.00017264,1,1.0
3454,1.4034554409124835,1.6044641943790823,-0.00033195,0.1936483754161056,5.296777267562481,-27.8937544226008,-0.21789562370390278,85.96128050505455,-0.04593960525765017,-44.719841770875185,0.14951036861664863,-10.459328348601243,0.3196625855594684,73.16545069583451,-0.03635708494780777,-0.1980715145704369,-0.00037072,0.2994320019246243,0.00017264,1,1.0
3455,-0.3018103412945244,0.8992003833162142,-0.00033195,0.1936483754161056,5.296777267562481,1.4452586507305993,-0.21789562370390278,-60.85544021755792,-0.04593960525765017,-8.697132223288309,0.14951036861664863,-69.06751240357798,0.3196625855594684,-3.593290968677903,-0.03635708494780777,-0.2621797069795812,-0.00037072,0.27202515470697036,0.00017264,1,1.0
3456,0.24534010712684998,0.1471056715116548,-0.00033195,0.1936483754161056,5.296777267562481,-6.668326855415054,-0.21789562370390278,4.547022201983506,-0.04593960525765017,-13.537277201601578,0.14951036861664863,-43.10514285234697,0.3196625855594684,17.53144819055972,-0.03635708494780777,-0.060082472527402696,-0.00037072,0.059304636951063604,0.00017264,1,1.0
3457,-0.12210541070806075,0.7471660025128996,-0.00033195,0.1936483754161056,5.296777267562481,-2.6902670829048287,-0.21789562370390278,-60.091895441244084,-0.04593960525765017,-28.27357045566577,0.14951036861664863,-11.036451473639442,0.3196625855594684,7.216274375465148,-0.03635708494780777,-0.2759255910600035,-0.00037072,0.28369858720240376,0.00017264,1,1.0
3458,0.42700756553130254,2.0832621239929243,-0.00033195,0.1936483754161056,5.296777267562481,-16.00388771279223,-0.21789562370390278,-54.08499416134432,-0.04593960525765017,-80.77034218471047,0.14951036861664863,92.90012561709523,0.3196625855594684,42.027913788051094,-0.03635708494780777,-0.40355012393834794,-0.00037072,0.3705007625151306,0.00017264,1,1.0
3459,1.543176272921749,4.157418684083758,-0.00033195,0.1936483754161056,5.296777267562481,-32.695515401168784,-0.21789562370390278,11.0849275647339,-0.04593960525765017,-61.08949193070246,0.14951036861664863,48.16997004138786,0.3196625855594684,85.66267290621589,-0.03635708494780777,-0.4259588757644831,-0.00037072,0.454630510136116,0.00017264,1,1.0
3460,0.24051233385455242,0.18898863020221096,-0.00033195,0.1936483754161056,5.296777267562481,-10.130500751631939,-0.21789562370390278,26.11156362107142,-0.04593960525765017,-63.286947975856634,0.14951036861664863,36.144399366446585,0.3196625855594684,26.665945863502454,-0.03635708494780777,-0.015081055628738935,-0.00037072,0.016719881863152913,0.00017264,1,1.0
3461,1.7150019242277479,8.490443325903435,-0.00033195,0.1936483754161056,5.296777267562481,-35.31816367662143,-0.21789562370390278,-80.88236882057483,-0.04593960525765017,-40.821674489780655,0.14951036861664863,53.156146248344264,0.3196625855594684,92.48446468466052,-0.03635708494780777,-0.7688020842444189,-0.00037072,0.7860315264953103,0.00017264,1,1.0
3462,-0.24152878349498447,0.8760809753999017,-0.00033195,0.1936483754161056,5.296777267562481,-5.9926248703406175,-0.21789562370390278,-17.82795788973892,-0.04593960525765017,-86.92524945296506,0.14951036861664863,9.339367411719012,0.3196625855594684,15.997763250706289,-0.03635708494780777,-0.22117327198815695,-0.00037072,0.2101771486857708,0.00017264,1,1.0
3463,0.6599858595024795,0.6093663411294693,-0.00033195,0.1936483754161056,5.296777267562481,-11.501416728506133,-0.21789562370390278,0.7057613481857471,-0.04593960525765017,-8.381785869285032,0.14951036861664863,45.4741975830329,0.3196625855594684,30.044311015846883,-0.03635708494780777,-0.20434295854015946,-0.00037072,0.21219884088484345,0.00017264,1,1.0
3464,-0.5179605233995046,1.1416084358227132,-0.00033195,0.1936483754161056,5.296777267562481,7.06084640512969,-0.21789562370390278,-47.394687632386876,-0.04593960525765017,-22.738477952028312,0.14951036861664863,78.63517959281559,0.3196625855594684,-18.425260845571948,-0.03635708494780777,-0.16006264542958407,-0.00037072,0.15908492439090668,0.00017264,1,1.0
3465,-2.11763727788886,10.186631893033372,-0.00033195,0.1936483754161056,5.296777267562481,30.249243236104242,-0.21789562370390278,39.61910963674417,-0.04593960525765017,-74.80863831621316,0.14951036861664863,44.729159100178904,0.3196625855594684,-78.81654783352631,-0.03635708494780777,-0.7273860196320305,-0.00037072,0.7438310404387347,0.00017264,1,1.0
3466,1.3130136901557707,5.630939652690717,-0.00033195,0.1936483754161056,5.296777267562481,-26.016740871309057,-0.21789562370390278,-86.31365196052855,-0.04593960525765017,-27.181610396722306,0.14951036861664863,92.92456774635727,0.3196625855594684,68.03563228355388,-0.03635708494780777,-0.6895045106075316,-0.00037072,0.6785105411726952,0.00017264,1,1.0
3467,-0.6850417026594401,2.2303355715467243,-0.00033195,0.1936483754161056,5.296777267562481,2.859469841419037,-0.21789562370390278,69.18851115408276,-0.04593960525765017,-84.06857852677602,0.14951036861664863,-43.94377987445787,0.3196625855594684,-7.189464996812536,-0.03635708494780777,-0.40297493105989823,-0.00037072,0.36240340737139853,0.00017264,1,1.0
3468,0.7178004158941915,0.28668521406019287,-0.00033195,0.1936483754161056,5.296777267562481,-16.763867801591918,-0.21789562370390278,96.25622093751448,-0.04593960525765017,-56.530846483268725,0.14951036861664863,6.469111111187596,0.3196625855594684,43.959629918999646,-0.03635708494780777,-0.22379238610212826,-0.00037072,0.22713139793211767,0.00017264,1,1.0
3469,4.183751291164661e-05,0.0467629021302537,-0.00033195,0.1936483754161056,5.296777267562481,-0.24108603354775576,-0.21789562370390278,-22.724845328947765,-0.04593960525765017,-8.726090984088682,0.14951036861664863,59.07985238969273,0.3196625855594684,0.6164439630813483,-0.03635708494780777,-0.08696724381563747,-0.00037072,0.09296299594830859,0.00017264,1,1.0
3470,0.08444757434647523,0.06416131950782292,-0.00033195,0.1936483754161056,5.296777267562481,-7.268166074113445,-0.21789562370390278,29.625919539135012,-0.04593960525765017,-65.8117355992359,0.14951036861664863,52.127056155726216,0.3196625855594684,19.180930719547423,-0.03635708494780777,-0.03580702220085911,-0.00037072,0.043319538946681065,0.00017264,1,1.0
3471,0.830697945831708,0.8416799264022431,-0.00033195,0.1936483754161056,5.296777267562481,-15.341188175668082,-0.21789562370390278,15.704703342982965,-0.04593960525765017,-16.534760568825345,0.14951036861664863,33.80886338076397,0.3196625855594684,40.11094190336438,-0.03635708494780777,-0.22311695806562937,-0.00037072,0.2280304383146945,0.00017264,1,1.0
3472,1.095329564387793,1.0057338118689187,-0.00033195,0.1936483754161056,5.296777267562481,-18.96375363587697,-0.21789562370390278,48.17195862923498,-0.04593960525765017,-22.71869866524457,0.14951036861664863,76.01463693977695,0.3196625855594684,49.66380742244037,-0.03635708494780777,-0.18963016920537154,-0.00037072,0.2943089744214813,0.00017264,1,1.0
3473,0.5879910123633327,2.5495075506654534,-0.00033195,0.1936483754161056,5.296777267562481,-21.007899220786996,-0.21789562370390278,-35.80379463373726,-0.04593960525765017,-80.84107041883016,0.14951036861664863,-29.945273313127448,0.3196625855594684,55.314199562565264,-0.03635708494780777,-0.36628394495393407,-0.00037072,0.3812493150561605,0.00017264,1,1.0
3474,0.4497013325969496,0.1305412698054747,-0.00033195,0.1936483754161056,5.296777267562481,-9.728353421141753,-0.21789562370390278,86.43797794118545,-0.04593960525765017,-17.0099456490638,0.14951036861664863,-86.10233626632568,0.3196625855594684,25.543626367193628,-0.03635708494780777,-0.22564654342545315,-0.00037072,0.23238652968459456,0.00017264,1,1.0
3475,1.1274896278517397,4.360447253201745,-0.00033195,0.1936483754161056,5.296777267562481,-24.026786557471972,-0.21789562370390278,-68.6513823060332,-0.04593960525765017,-42.03258419065445,0.14951036861664863,95.10738017273765,0.3196625855594684,62.906071584599886,-0.03635708494780777,-0.5730209583777416,-0.00037072,0.5818401480620049,0.00017264,1,1.0
3476,1.0599061711882232,8.032910904960255,-0.00033195,0.1936483754161056,5.296777267562481,-0.08417543168167302,-0.21789562370390278,57.3888482318774,-0.04593960525765017,-54.49081960868602,0.14951036861664863,93.88053584765677,0.3196625855594684,35.104646855754844,-0.03635708494780777,0.2769211409327337,-0.00037072,24.620693897892124,0.00017264,0,1.0
3477,0.3598719286132902,2.239460071777333,-0.00033195,0.1936483754161056,5.296777267562481,-17.293900430733526,-0.21789562370390278,-51.798500491367534,-0.04593960525765017,-88.57503521237508,0.14951036861664863,16.070122910681537,0.3196625855594684,45.575136692439735,-0.03635708494780777,-0.3943822883275352,-0.00037072,0.3963135990342178,0.00017264,1,1.0
3478,1.2044798506009593,2.121453503478961,-0.00033195,0.1936483754161056,5.296777267562481,-30.158459516625044,-0.21789562370390278,62.33525784394746,-0.04593960525765017,-92.74544533632985,0.14951036861664863,8.329937988855145,0.3196625855594684,79.12715084294591,-0.03635708494780777,-0.21779884175661374,-0.00037072,0.21561356315415897,0.00017264,1,1.0
3479,-0.2356026616920945,0.5712262084385411,-0.00033195,0.1936483754161056,5.296777267562481,-3.240198321928887,-0.21789562370390278,45.61872953459519,-0.04593960525765017,-82.81289543653436,0.14951036861664863,53.68936642704665,0.3196625855594684,8.711944342751996,-0.03635708494780777,-0.17281214860154323,-0.00037072,0.18295397431680202,0.00017264,1,1.0
3480,-1.2573401934305612,3.2789737442597335,-0.00033195,0.1936483754161056,5.296777267562481,13.862237941140197,-0.21789562370390278,-84.08931929994607,-0.04593960525765017,-57.39780919523247,0.14951036861664863,17.71370635024749,0.3196625855594684,-35.96486167402595,-0.03635708494780777,-0.4281544948694261,-0.00037072,0.41986806928563997,0.00017264,1,1.0
3481,0.2588725546525938,0.35289269504506565,-0.00033195,0.1936483754161056,5.296777267562481,-13.267410670557487,-0.21789562370390278,33.19522912972461,-0.04593960525765017,-64.81534224910541,0.14951036861664863,-94.78850477789128,0.3196625855594684,35.04141733379312,-0.03635708494780777,-0.07175586760992556,-0.00037072,0.08124358020273875,0.00017264,1,1.0
3482,0.4857729804841046,0.3558730584704733,-0.00033195,0.1936483754161056,5.296777267562481,-18.97708431752135,-0.21789562370390278,85.10447577431982,-0.04593960525765017,-92.58919250804786,0.14951036861664863,-80.79401425492387,0.3196625855594684,50.00959124520981,-0.03635708494780777,-0.10948460816275868,-0.00037072,0.11391320631431934,0.00017264,1,1.0
3483,-0.7939699578785527,2.124147023183423,-0.00033195,0.1936483754161056,5.296777267562481,7.136105885138198,-0.21789562370390278,4.237791088672593,-0.04593960525765017,-43.37238897641261,0.14951036861664863,-86.1874153992529,0.3196625855594684,-18.35877740826059,-0.03635708494780777,-0.30602479940757,-0.00037072,0.3132902566043544,0.00017264,1,1.0
3484,0.8338245507021513,3.0521195030842088,-0.00033195,0.1936483754161056,5.296777267562481,-18.502495772260804,-0.21789562370390278,-71.03505986565476,-0.04593960525765017,-21.97295606950001,0.14951036861664863,7.618362136257328,0.3196625855594684,48.518154135860996,-0.03635708494780777,-0.4841435385089087,-0.00037072,0.5053293501244713,0.00017264,1,1.0
3485,0.264519195823736,0.052601653218978986,-0.00033195,0.1936483754161056,5.296777267562481,-8.625771141085446,-0.21789562370390278,63.060580359346396,-0.04593960525765017,-29.42148903989297,0.14951036861664863,-94.43542014038296,0.3196625855594684,22.73269864398128,-0.03635708494780777,-0.1423110918290413,-0.00037072,0.1431876275670181,0.00017264,1,1.0
3486,-0.003498561362062974,0.36179100050577817,-0.00033195,0.1936483754161056,5.296777267562481,-3.461493600671478,-0.21789562370390278,-44.2760577751414,-0.04593960525765017,-23.868474358853266,0.14951036861664863,9.708891853198882,0.3196625855594684,9.17113356979377,-0.03635708494780777,-0.21129032040988627,-0.00037072,0.2159824066568916,0.00017264,1,1.0
3487,-1.2135010708808978,6.151819087553569,-0.00033195,0.1936483754161056,5.296777267562481,18.70255584603928,-0.21789562370390278,82.89767161144887,-0.04593960525765017,-20.864654757020872,0.14951036861664863,-91.2565709135568,0.3196625855594684,-48.73313266751044,-0.03635708494780777,-0.6151971531743943,-0.00037072,0.6216536010234226,0.00017264,1,1.0
3488,-1.2072949427988415,3.1800448090454343,-0.00033195,0.1936483754161056,5.296777267562481,15.477909265551531,-0.21789562370390278,-80.65410259238924,-0.04593960525765017,-22.815299482154035,0.14951036861664863,-56.102440099388076,0.3196625855594684,-40.21307344542862,-0.03635708494780777,-0.4037118040508487,-0.00037072,0.4115626860313685,0.00017264,1,1.0
3489,0.6054629206420818,0.1531924386023058,-0.00033195,0.1936483754161056,5.296777267562481,-10.812500458217732,-0.21789562370390278,71.19202615395375,-0.04593960525765017,-1.6370375641975368,0.14951036861664863,-76.1027566613965,0.3196625855594684,28.304095309387225,-0.03635708494780777,-0.19508781133754408,-0.00037072,0.19456676655513247,0.00017264,1,1.0
3490,0.002396768989992762,0.822496402619921,-0.00033195,0.1936483754161056,5.296777267562481,-2.000244964611307,-0.21789562370390278,-91.31595743133795,-0.04593960525765017,-9.879063187253907,0.14951036861664863,56.98734149437887,0.3196625855594684,5.25602108296015,-0.03635708494780777,-0.37382407416617963,-0.00037072,0.36654408704281743,0.00017264,1,1.0
3491,1.607229576399439,3.1626001615356207,-0.00033195,0.1936483754161056,5.296777267562481,-28.73693770060918,-0.21789562370390278,19.749982715096554,-0.04593960525765017,-1.6881470851166938,0.14951036861664863,-42.00372976088686,0.3196625855594684,75.15046961262327,-0.03635708494780777,-0.427395607057602,-0.00037072,0.4309063567118396,0.00017264,1,1.0
3492,0.7903102005775858,0.9532847029764,-0.00033195,0.1936483754161056,5.296777267562481,-17.3920613081775,-0.21789562370390278,18.299859856122918,-0.04593960525765017,-23.31970940782337,0.14951036861664863,-60.883070812192095,0.3196625855594684,45.60782892620567,-0.03635708494780777,-0.1768260234974719,-0.00037072,0.1759399733504805,0.00017264,1,1.0
3493,0.01396763990176763,0.029233349077029642,-0.00033195,0.1936483754161056,5.296777267562481,-3.42012634482162,-0.21789562370390278,9.486810374496834,-0.04593960525765017,-18.206209825700174,0.14951036861664863,-60.2855654930417,0.3196625855594684,9.079954145729271,-0.03635708494780777,-0.053186140453155784,-0.00037072,0.05285249815756499,0.00017264,1,1.0
3494,0.6194176461168623,2.7840205963246225,-0.00033195,0.1936483754161056,5.296777267562481,-15.337041964092712,-0.21789562370390278,-86.78870052975007,-0.04593960525765017,-7.683559928296452,0.14951036861664863,-79.47253192032073,0.3196625855594684,40.295357907075626,-0.03635708494780777,-0.499533129613182,-0.00037072,0.5097797311132855,0.00017264,1,1.0
3495,-0.030178865384037037,0.21269655449641067,-0.00033195,0.1936483754161056,5.296777267562481,-6.186444300798577,-0.21789562370390278,79.79601351863325,-0.04593960525765017,-74.30092366213962,0.14951036861664863,2.969681651525191,0.3196625855594684,16.395886455848377,-0.03635708494780777,-0.24397778365432066,-0.00037072,0.24046764957264544,0.00017264,1,1.0
3496,-1.27719337171091,3.6803217997796778,-0.00033195,0.1936483754161056,5.296777267562481,20.52186416487739,-0.21789562370390278,-60.144452347372265,-0.04593960525765017,-18.227679914198077,0.14951036861664863,74.39169415272482,0.3196625855594684,-53.52674701592389,-0.03635708494780777,-0.3016728255134918,-0.00037072,0.3581008981098314,0.00017264,1,1.0
3497,0.47344858462040296,8.975901809669239,-0.00033195,0.1936483754161056,5.296777267562481,3.509986927050659,-0.21789562370390278,-65.39403836312326,-0.04593960525765017,-13.216855507694167,0.14951036861664863,90.51755077347251,0.3196625855594684,11.66788793467871,-0.03635708494780777,0.10396102691469622,-0.00037072,14.801705045516176,0.00017264,0,1.0
3498,0.32727867888671935,0.47339899425410814,-0.00033195,0.1936483754161056,5.296777267562481,-15.144076942446699,-0.21789562370390278,34.92862031654148,-0.04593960525765017,-70.94160989190281,0.14951036861664863,-95.2186197152371,0.3196625855594684,39.960843866378184,-0.03635708494780777,-0.07060999853004554,-0.00037072,0.07373426719980358,0.00017264,1,1.0
3499,1.162978358474774,5.442570267191441,-0.00033195,0.1936483754161056,5.296777267562481,-29.674209244782126,-0.21789562370390278,-58.56790332309129,-0.04593960525765017,-76.60955362440734,0.14951036861664863,36.296671998409714,0.3196625855594684,77.85158533229942,-0.03635708494780777,-0.5827267476623443,-0.00037072,0.5777562741568414,0.00017264,1,1.0
3500,0.06711312137335812,0.09862922184257283,-0.00033195,2.486815554790245,3.014456156746668,51.71668183037118,-0.21789562370390278,8.147789787178647,-0.04593960525765017,-20.31897861120557,0.14951036861664863,-36.57262453067531,0.3196625855594684,-6.14777804991732,-0.03635708494780777,-0.21551748891311992,-0.00037072,0.21814920150265557,0.00017264,1,1.0
3501,0.0017906088602346326,0.2368188244715425,-0.00033195,2.486815554790245,3.014456156746668,61.228129831851014,-0.21789562370390278,6.451276196220218,-0.04593960525765017,-52.61630785702651,0.14951036861664863,63.908868099576885,0.3196625855594684,-8.355829973450174,-0.03635708494780777,0.241411844322847,-0.00037072,0.812418943703958,0.00017264,0,1.0
3502,0.5421504796733347,0.12339720652796272,-0.00033195,2.486815554790245,3.014456156746668,-38.272294518149195,-0.21789562370390278,11.624605079381752,-0.04593960525765017,-98.10879743711462,0.14951036861664863,24.124155548503282,0.3196625855594684,83.05129503823382,-0.03635708494780777,-0.2385052565431691,-0.00037072,0.24089976728766135,0.00017264,1,1.0
3503,0.002489754508369857,0.10368297465578366,-0.00033195,2.486815554790245,3.014456156746668,40.16910509901992,-0.21789562370390278,6.834840423550486,-0.04593960525765017,-37.49266506532816,0.14951036861664863,5.205889841604741,0.3196625855594684,2.4378771267615438,-0.03635708494780777,0.02365753315397548,-0.00037072,0.2026791856045229,0.00017264,0,1.0
3504,0.8970486978662908,1.3944375867247072,-0.00033195,2.486815554790245,3.014456156746668,-41.89013889175492,-0.21789562370390278,-10.33001862384606,-0.04593960525765017,-3.960546080756837,0.14951036861664863,-19.163571514443436,0.3196625855594684,70.32195596742741,-0.03635708494780777,-0.5501724569223589,-0.00037072,0.6634705925252511,0.00017264,1,1.0
3505,0.6267474134147117,0.8089629673934224,-0.00033195,2.486815554790245,3.014456156746668,-99.59564075791612,-0.21789562370390278,-12.484639375737098,-0.04593960525765017,-23.17006690151418,0.14951036861664863,46.630407241615885,0.3196625855594684,87.16313672053728,-0.03635708494780777,-0.4446673836297407,-0.00037072,0.4685349006236551,0.00017264,1,1.0
3506,1.4216688181372945,0.5269990674135288,-0.00033195,2.486815554790245,3.014456156746668,-11.070252861376787,-0.21789562370390278,17.310480072057914,-0.04593960525765017,-72.49545796836217,0.14951036861664863,-88.2588997181121,0.3196625855594684,92.75325705459419,-0.03635708494780777,-0.4034698617286022,-0.00037072,0.4060798344112252,0.00017264,1,1.0
3507,-0.4470588506054738,1.880011924730522,-0.00033195,2.486815554790245,3.014456156746668,-3.521149096760182,-0.21789562370390278,11.75886831313234,-0.04593960525765017,-54.94719882499042,0.14951036861664863,75.40878714902134,0.3196625855594684,-9.210502198703285,-0.03635708494780777,-0.40667289506845716,-0.00037072,0.6910931838132705,0.00017264,1,1.0
3508,0.7392998246531037,0.7632584273041734,-0.00033195,2.486815554790245,3.014456156746668,99.27087478392788,-0.21789562370390278,21.751616071215157,-0.04593960525765017,-38.186959371103136,0.14951036861664863,-49.13541477772567,0.3196625855594684,-17.505359243409,-0.03635708494780777,0.18373187370316513,-0.00037072,0.9063046843089545,0.00017264,0,1.0
3509,0.0047536282484073045,0.20635033347032194,-0.00033195,2.486815554790245,3.014456156746668,69.18272841165152,-0.21789562370390278,7.437552172519271,-0.04593960525765017,-57.23863452198255,0.14951036861664863,63.995019306421284,0.3196625855594684,-9.242746057567071,-0.03635708494780777,0.2733321167813468,-0.00037072,0.8315217399967931,0.00017264,0,1.0
3510,0.6017687108546715,0.05584481568360586,-0.00033195,2.486815554790245,3.014456156746668,-64.01460180019387,-0.21789562370390278,1.6539928744869707,-0.04593960525765017,-32.11724284514086,0.14951036861664863,8.589927858054471,0.3196625855594684,61.19942931479054,-0.03635708494780777,-0.026247084445967628,-0.00037072,0.02714667591941705,0.00017264,1,1.0
3511,0.47503846702693064,0.23231038048409441,-0.00033195,2.486815554790245,3.014456156746668,47.262474318423166,-0.21789562370390278,13.297092533267337,-0.04593960525765017,-47.59460683901988,0.14951036861664863,-51.88799340463494,0.3196625855594684,23.385691981577384,-0.03635708494780777,-0.26600782876368223,-0.00037072,0.34230177810246754,0.00017264,1,1.0
3512,2.0240903705364905,2.8133392741995444,-0.00033195,2.486815554790245,3.014456156746668,-30.5797535553278,-0.21789562370390278,31.54201480168647,-0.04593960525765017,-75.77566830457376,0.14951036861664863,-89.2794006535577,0.3196625855594684,86.0087436531239,-0.03635708494780777,-0.3771825332101526,-0.00037072,1.1359115672904168,0.00017264,1,1.0
3513,0.7781994838413038,0.668866476004992,-0.00033195,2.486815554790245,3.014456156746668,-67.8396986558556,-0.21789562370390278,17.771700030404467,-0.04593960525765017,-92.07983740357632,0.14951036861664863,9.866906035469695,0.3196625855594684,84.65852472080651,-0.03635708494780777,-0.48153830158183686,-0.00037072,0.4879996443837529,0.00017264,1,1.0
3514,0.16284379516695824,0.046036554813118365,-0.00033195,2.486815554790245,3.014456156746668,-44.67897402974889,-0.21789562370390278,7.611680996717584,-0.04593960525765017,-90.53523105676966,0.14951036861664863,60.25244858644176,0.3196625855594684,67.25370419288302,-0.03635708494780777,-0.13984521801176678,-0.00037072,0.14620995586502886,0.00017264,1,1.0
3515,0.4366247562338239,0.4300308505654319,-0.00033195,2.486815554790245,3.014456156746668,22.77285927141149,-0.21789562370390278,0.5000575050084455,-0.04593960525765017,-22.1733778813166,0.14951036861664863,-11.754069263633909,0.3196625855594684,25.097211211388753,-0.03635708494780777,-0.13185273104317263,-0.00037072,0.452796410397716,0.00017264,1,1.0
3516,0.6659479185222008,1.0386675223858508,-0.00033195,2.486815554790245,3.014456156746668,75.9543958300867,-0.21789562370390278,3.6063500463387177,-0.04593960525765017,-80.55603015050683,0.14951036861664863,82.67419184232321,0.3196625855594684,28.938310347695147,-0.03635708494780777,0.262225148468911,-0.00037072,1.5843349707454863,0.00017264,0,1.0
3517,0.00302733856128512,0.06937900511946642,-0.00033195,2.486815554790245,3.014456156746668,90.27871626141692,-0.21789562370390278,13.598930574150238,-0.04593960525765017,-81.07532760420102,0.14951036861664863,53.34886793037029,0.3196625855594684,-6.049469466526777,-0.03635708494780777,0.39904839023237704,-0.00037072,0.6598329265649415,0.00017264,0,1.0
3518,0.8841639141175935,0.36038006999146166,-0.00033195,2.486815554790245,3.014456156746668,-85.93651091732369,-0.21789562370390278,10.983434087719463,-0.04593960525765017,-66.17005694136431,0.14951036861664863,6.408908235794266,0.3196625855594684,86.74594445532507,-0.03635708494780777,-0.32090061895248473,-0.00037072,0.3246785212368765,0.00017264,1,1.0
3519,0.36921346889084505,1.2634691376451386,-0.00033195,2.486815554790245,3.014456156746668,-3.547357953244794,-0.21789562370390278,-9.203973013714965,-0.04593960525765017,-20.061525869096457,0.14951036861664863,63.36495668158189,0.3196625855594684,30.39976337202201,-0.03635708494780777,-0.16794884521121545,-0.00037072,1.025448615635265,0.00017264,1,1.0
3520,0.002560860672998655,0.35728580825407824,-0.00033195,2.486815554790245,3.014456156746668,-41.62320148576196,-0.21789562370390278,-6.0829121782775495,-0.04593960525765017,-43.16007005238095,0.14951036861664863,75.13070062593388,0.3196625855594684,45.56940519501424,-0.03635708494780777,-0.20178087541106615,-0.00037072,0.37563969942707376,0.00017264,1,1.0
3521,1.01892722227524,0.5448366562470077,-0.00033195,2.486815554790245,3.014456156746668,98.02347148027762,-0.21789562370390278,24.637947356711763,-0.04593960525765017,-89.07761957053246,0.14951036861664863,-75.47676220979992,0.3196625855594684,37.54740133226513,-0.03635708494780777,-0.005905739378174624,-0.00037072,0.6553862967903671,0.00017264,1,1.0
3522,0.1728303332609631,0.19435897966498836,-0.00033195,2.486815554790245,3.014456156746668,16.700244123182273,-0.21789562370390278,13.892513788127026,-0.04593960525765017,-92.02662356837818,0.14951036861664863,19.813533439398014,0.3196625855594684,44.43676251123674,-0.03635708494780777,-0.22216380093578397,-0.00037072,0.31874458004227985,0.00017264,1,1.0
3523,-0.01097762323125695,0.46249325077689585,-0.00033195,2.486815554790245,3.014456156746668,-8.61448077586997,-0.21789562370390278,8.442273407823157,-0.04593960525765017,-69.8288293940294,0.14951036861664863,87.88782316904316,0.3196625855594684,20.747144600096846,-0.03635708494780777,-0.014367898979353977,-0.00037072,0.6989102489870417,0.00017264,1,1.0
3524,0.01198056548037707,0.17665106347854878,-0.00033195,2.486815554790245,3.014456156746668,51.52136169418088,-0.21789562370390278,5.6361817681767725,-0.04593960525765017,-46.50260472582326,0.14951036861664863,28.345414726146103,0.3196625855594684,2.446591067216306,-0.03635708494780777,0.15463465670086926,-0.00037072,0.3847605418878721,0.00017264,0,1.0
3525,1.431048789680655,3.034020271020297,-0.00033195,2.486815554790245,3.014456156746668,35.80600548250708,-0.21789562370390278,-4.9696977024630415,-0.04593960525765017,-40.97774047757812,0.14951036861664863,25.411295209237874,0.3196625855594684,63.31392533172887,-0.03635708494780777,-0.03741076052145331,-0.00037072,1.7666025326853307,0.00017264,1,1.0
3526,0.5661376621945144,1.459540739324171,-0.00033195,2.486815554790245,3.014456156746668,80.13025035787132,-0.21789562370390278,-2.070686402263849,-0.04593960525765017,-42.96939648671864,0.14951036861664863,72.44098317313976,0.3196625855594684,6.697020342694655,-0.03635708494780777,0.14090986106891268,-0.00037072,1.695875874087152,0.00017264,0,1.0
3527,0.7646062140936535,0.0895273721860405,-0.00033195,2.486815554790245,3.014456156746668,-55.74576740382167,-0.21789562370390278,4.364107126992035,-0.04593960525765017,-36.36004391779221,0.14951036861664863,-11.182027285946116,0.3196625855594684,65.92036995571706,-0.03635708494780777,-0.07231460334632313,-0.00037072,0.071849650204182,0.00017264,1,1.0
3528,0.5340440890486408,0.21542942612480467,-0.00033195,2.486815554790245,3.014456156746668,82.46899855596386,-0.21789562370390278,14.457005391960461,-0.04593960525765017,-81.27736902286124,0.14951036861664863,12.5643578876508,0.3196625855594684,20.548429275880967,-0.03635708494780777,0.4173455360439165,-0.00037072,0.6181592719419067,0.00017264,0,1.0
3529,0.35225331909244706,0.8433176888768728,-0.00033195,2.486815554790245,3.014456156746668,5.967734870367739,-0.21789562370390278,14.67205036127751,-0.04593960525765017,-10.26768111662748,0.14951036861664863,-49.42788849260901,0.3196625855594684,-2.3368166048434764,-0.03635708494780777,-0.5198011696083847,-0.00037072,0.5085155229552453,0.00017264,1,1.0
3530,0.1574137481216007,0.11023305935733763,-0.00033195,2.486815554790245,3.014456156746668,76.24262963955195,-0.21789562370390278,14.418068607905433,-0.04593960525765017,-89.29454629842073,0.14951036861664863,39.761027942923825,0.3196625855594684,12.627311585048421,-0.03635708494780777,0.420933284372266,-0.00037072,0.45286976399546636,0.00017264,0,1.0
3531,0.8092451787452971,0.28665404609050216,-0.00033195,2.486815554790245,3.014456156746668,-21.236757919322418,-0.21789562370390278,8.736635050468202,-0.04593960525765017,-3.647579634022231,0.14951036861664863,-64.23665486858548,0.3196625855594684,30.82454143541074,-0.03635708494780777,-0.24673630379642517,-0.00037072,0.23683312937669007,0.00017264,1,1.0
3532,1.2396828434396825,0.6477140199846347,-0.00033195,2.486815554790245,3.014456156746668,51.34875385453358,-0.21789562370390278,18.09511601906501,-0.04593960525765017,-66.41611358454962,0.14951036861664863,-97.80991146959974,0.3196625855594684,61.01163238944138,-0.03635708494780777,-0.2862314649036991,-0.00037072,0.5445975482484698,0.00017264,1,1.0
3533,0.0937523071582913,0.1613948699116343,-0.00033195,2.486815554790245,3.014456156746668,78.36515510551563,-0.21789562370390278,11.173364181678751,-0.04593960525765017,-37.89146310890563,0.14951036861664863,-21.734520313904174,0.3196625855594684,-10.562060391059788,-0.03635708494780777,0.04294622874178075,-0.00037072,0.3215231196193419,0.00017264,0,1.0
3534,0.8511835970896242,0.40908837160554506,-0.00033195,2.486815554790245,3.014456156746668,-44.839087044940946,-0.21789562370390278,-2.2457759377367603,-0.04593960525765017,-20.555441324101796,0.14951036861664863,-23.719553405679054,0.3196625855594684,68.44340698293813,-0.03635708494780777,-0.29649243107077394,-0.00037072,0.3044942510848281,0.00017264,1,1.0
3535,0.2396546269707137,0.029519855409102833,-0.00033195,2.486815554790245,3.014456156746668,-44.652764818503194,-0.21789562370390278,5.92937665033859,-0.04593960525765017,-79.02757514636417,0.14951036861664863,48.9248146257089,0.3196625855594684,65.91597284888341,-0.03635708494780777,-0.11521989293940807,-0.00037072,0.11507875762246159,0.00017264,1,1.0
3536,0.825485401043315,1.3723189952784485,-0.00033195,2.486815554790245,3.014456156746668,95.89204382307881,-0.21789562370390278,3.0406174934964247,-0.04593960525765017,-69.5539201278278,0.14951036861664863,62.18623145792002,0.3196625855594684,23.083637364495157,-0.03635708494780777,0.2520473707292028,-0.00037072,1.7370332179817713,0.00017264,0,1.0
3537,1.0752686414605612,1.8063137925881916,-0.00033195,2.486815554790245,3.014456156746668,-71.87743816960156,-0.21789562370390278,-13.44041271606263,-0.04593960525765017,-5.92167309192184,0.14951036861664863,-9.86745301291915,0.3196625855594684,91.71419758435151,-0.03635708494780777,-0.6318445336552154,-0.00037072,0.7339966281446886,0.00017264,1,1.0
3538,0.7267131879202686,0.09057718776535087,-0.00033195,2.486815554790245,3.014456156746668,-63.79231969024875,-0.21789562370390278,8.35126715619301,-0.04593960525765017,-82.88261614359419,0.14951036861664863,20.188381134753936,0.3196625855594684,91.71382915796157,-0.03635708494780777,-0.15689528649087586,-0.00037072,0.157595213689339,0.00017264,1,1.0
3539,1.3650182116460576,0.48467720939161335,-0.00033195,2.486815554790245,3.014456156746668,-39.48624567454338,-0.21789562370390278,5.680013835930682,-0.04593960525765017,-36.11806745712731,0.14951036861664863,-71.16821277193787,0.3196625855594684,89.80202884932889,-0.03635708494780777,-0.29606897734154336,-0.00037072,0.2992196162434536,0.00017264,1,1.0
3540,0.5813126913428263,0.2622686102694442,-0.00033195,2.486815554790245,3.014456156746668,42.83802289885503,-0.21789562370390278,14.205222261052633,-0.04593960525765017,-80.94168634759286,0.14951036861664863,-9.081982360835273,0.3196625855594684,42.98511332132561,-0.03635708494780777,0.051357512895421065,-0.00037072,0.4144561940191565,0.00017264,0,1.0
3541,0.2954331719695015,0.7922241588345484,-0.00033195,2.486815554790245,3.014456156746668,-1.1908879530227439,-0.21789562370390278,-2.657169343116806,-0.04593960525765017,-62.70160161662906,0.14951036861664863,92.85540350141542,0.3196625855594684,42.75937276306195,-0.03635708494780777,0.01441826444279376,-0.00037072,0.9538339341473692,0.00017264,0,1.0
3542,1.339593854079556,0.6825695059119196,-0.00033195,2.486815554790245,3.014456156746668,18.13695312046342,-0.21789562370390278,21.302650992033325,-0.04593960525765017,-90.63467266188658,0.14951036861664863,-94.01770138065378,0.3196625855594684,89.23712612631059,-0.03635708494780777,-0.5208121623160189,-0.00037072,0.5257060743309545,0.00017264,1,1.0
3543,0.8121378028506371,0.36035819775052436,-0.00033195,2.486815554790245,3.014456156746668,15.307814676885343,-0.21789562370390278,10.416059397384712,-0.04593960525765017,-72.19115730261441,0.14951036861664863,-12.879062769998114,0.3196625855594684,60.53781407020688,-0.03635708494780777,0.024839763614276755,-0.00037072,0.40784263260193987,0.00017264,0,1.0
3544,0.6641088208495755,0.057263423557030714,-0.00033195,2.486815554790245,3.014456156746668,-77.45738154045515,-0.21789562370390278,5.400356677979008,-0.04593960525765017,-74.95634400259789,0.14951036861664863,33.16046290407123,0.3196625855594684,90.704681140497,-0.03635708494780777,-0.08513327960778205,-0.00037072,0.08617880833622749,0.00017264,1,1.0
3545,0.15192740890972356,4.783585007272921,-0.00033195,2.486815554790245,3.014456156746668,-58.864148582799196,-0.21789562370390278,28.63073439738914,-0.04593960525765017,-75.16346260575156,0.14951036861664863,-27.187522418677318,0.3196625855594684,37.07148662863591,-0.03635708494780777,-1.5277362109634962,-0.00037072,0.8068197684413823,0.00017264,1,1.0
3546,-0.0005416598707756459,0.05527751554886696,-0.00033195,2.486815554790245,3.014456156746668,-27.7380668244959,-0.21789562370390278,-4.07531711136014,-0.04593960525765017,-8.626969846919488,0.14951036861664863,30.217529210097773,0.3196625855594684,18.05336136699182,-0.03635708494780777,-0.10939407213263065,-0.00037072,0.1276435128455185,0.00017264,1,1.0
3547,0.20210894389659445,0.04650349349061111,-0.00033195,2.486815554790245,3.014456156746668,25.03124708417175,-0.21789562370390278,6.092749342241235,-0.04593960525765017,-10.293013259610728,0.14951036861664863,-34.49070346907005,0.3196625855594684,1.8654713193042844,-0.03635708494780777,-0.14181408459021239,-0.00037072,0.14209062723246713,0.00017264,1,1.0
3548,1.4428583248556155,2.572762248015092,-0.00033195,2.486815554790245,3.014456156746668,32.015480247921225,-0.21789562370390278,-4.133544611635393,-0.04593960525765017,-20.292388701380823,0.14951036861664863,-28.512442376059788,0.3196625855594684,60.563130963904406,-0.03635708494780777,-0.16855714564742863,-0.00037072,1.3465520692730089,0.00017264,1,1.0
3549,0.262002910056538,0.7280839074028785,-0.00033195,2.486815554790245,3.014456156746668,80.84489692403311,-0.21789562370390278,22.68402951308299,-0.04593960525765017,-48.81299847386299,0.14951036861664863,-74.55458893226475,0.3196625855594684,-7.446235082663961,-0.03635708494780777,-0.5245140167906752,-0.00037072,0.5301762147937408,0.00017264,1,1.0
3550,0.002743862670427453,0.20327787066571124,-0.00033195,2.486815554790245,3.014456156746668,30.183070513480608,-0.21789562370390278,0.29244757941117827,-0.04593960525765017,-19.602337818818466,0.14951036861664863,16.250792887776853,0.3196625855594684,1.2916071026614162,-0.03635708494780777,-0.021450565269222982,-0.00037072,0.32936406773516236,0.00017264,1,1.0
3551,0.003057743911207167,0.08157565086719104,-0.00033195,2.486815554790245,3.014456156746668,38.25561365378248,-0.21789562370390278,4.622683434820243,-0.04593960525765017,-15.801865562568045,0.14951036861664863,-6.9895119090005275,0.3196625855594684,-7.8791454336974915,-0.03635708494780777,0.042624183780426046,-0.00037072,0.14337298596672576,0.00017264,0,1.0
3552,0.006993654059485044,0.20735035380758066,-0.00033195,2.486815554790245,3.014456156746668,78.58153866987966,-0.21789562370390278,6.539113250498587,-0.04593960525765017,-38.82295902652737,0.14951036861664863,38.493247810877385,0.3196625855594684,-19.633134090312243,-0.03635708494780777,0.2580925077965833,-0.00037072,0.7211612665062502,0.00017264,0,1.0
3553,0.4324325117213855,0.038005170216358936,-0.00033195,2.486815554790245,3.014456156746668,-52.663071836894645,-0.21789562370390278,-0.04013221189994144,-0.04593960525765017,-16.585487443884027,0.14951036861664863,8.059370198549678,0.3196625855594684,42.71971361182141,-0.03635708494780777,-0.04698545613672073,-0.00037072,0.04807404927287991,0.00017264,1,1.0
3554,0.3876438093703257,0.2525659808397344,-0.00033195,2.486815554790245,3.014456156746668,73.2047797183756,-0.21789562370390278,14.35208078022658,-0.04593960525765017,-42.50433691082398,0.14951036861664863,-55.70052888072763,0.3196625855594684,5.878738901068299,-0.03635708494780777,-0.171403557481142,-0.00037072,0.3811329936730429,0.00017264,1,1.0
3555,0.42093344060316695,0.1694157063548719,-0.00033195,2.486815554790245,3.014456156746668,-3.809754087256011,-0.21789562370390278,10.273959933162157,-0.04593960525765017,-89.41846802944809,0.14951036861664863,26.337132977933194,0.3196625855594684,61.93921957753062,-0.03635708494780777,-0.054843943593500394,-0.00037072,0.2849551401238528,0.00017264,1,1.0
3556,0.24087774512584792,0.6928759805314064,-0.00033195,2.486815554790245,3.014456156746668,-83.66669085197952,-0.21789562370390278,5.928656153780511,-0.04593960525765017,-31.896840270023716,0.14951036861664863,36.66753765156919,0.3196625855594684,41.082859509207104,-0.03635708494780777,-0.49874582872046386,-0.00037072,0.42024983748092953,0.00017264,1,1.0
3557,0.08441543511697787,0.019256905743704603,-0.00033195,2.486815554790245,3.014456156746668,-74.59277271628764,-0.21789562370390278,-1.052401373788016,-0.04593960525765017,-49.6778141995219,0.14951036861664863,71.86823846190562,0.3196625855594684,55.18802491651544,-0.03635708494780777,-0.09031098756220225,-0.00037072,0.08956913892538508,0.00017264,1,1.0
3558,-0.014825392198122511,2.0015274858183045,-0.00033195,2.486815554790245,3.014456156746668,-31.367567905318392,-0.21789562370390278,6.152292300813851,-0.04593960525765017,-78.87319532692854,0.14951036861664863,-2.4186747907916075,0.3196625855594684,69.55876534905673,-0.03635708494780777,-1.048057196436294,-0.00037072,0.19289740258698074,0.00017264,1,1.0
3559,-0.01725426454685075,0.6774059935215389,-0.00033195,2.486815554790245,3.014456156746668,-24.884303560561754,-0.21789562370390278,9.68206658546261,-0.04593960525765017,-48.083763320547625,0.14951036861664863,52.34882681777698,0.3196625855594684,14.690604348149968,-0.03635708494780777,-0.30158292360828587,-0.00037072,0.5792224665502848,0.00017264,1,1.0
3560,0.5401037508853055,1.0133623076579448,-0.00033195,2.486815554790245,3.014456156746668,-19.49442894415849,-0.21789562370390278,-2.1417501659837135,-0.04593960525765017,-30.579385084822228,0.14951036861664863,79.71175651543824,0.3196625855594684,29.152083738988143,-0.03635708494780777,0.02701291255865146,-0.00037072,1.1665931078245384,0.00017264,0,1.0
3561,0.12415694150365474,0.0330018762186298,-0.00033195,2.486815554790245,3.014456156746668,-36.984994060684805,-0.21789562370390278,-0.38696990006864757,-0.04593960525765017,-7.876593486653844,0.14951036861664863,18.090125028589945,0.3196625855594684,19.174732271935742,-0.03635708494780777,-0.11114337354027438,-0.00037072,0.11021050965157249,0.00017264,1,1.0
3562,0.1527116702221103,0.2826186281289859,-0.00033195,2.486815554790245,3.014456156746668,30.571014472199444,-0.21789562370390278,15.942118368282568,-0.04593960525765017,-75.95750345848975,0.14951036861664863,-5.713683070277654,0.3196625855594684,27.336979356600697,-0.03635708494780777,-0.32928558086827464,-0.00037072,0.35544522046039284,0.00017264,1,1.0
3563,-0.16620224195323985,6.609662494397069,-0.00033195,2.486815554790245,3.014456156746668,37.24342994220678,-0.21789562370390278,38.836903042931574,-0.04593960525765017,-69.7518024648218,0.14951036861664863,-23.839981496580588,0.3196625855594684,-34.922133332705954,-0.03635708494780777,-1.408830526230513,-0.00037072,1.4437768918842644,0.00017264,1,1.0
3564,-0.8624000718440947,3.793270828302185,-0.00033195,2.486815554790245,3.014456156746668,57.659192109769066,-0.21789562370390278,19.272146149905613,-0.04593960525765017,-66.86451003001176,0.14951036861664863,98.23271980440626,0.3196625855594684,-54.9124496809571,-0.03635708494780777,-0.45536075544800214,-0.00037072,1.1593091172494288,0.00017264,1,1.0
3565,-0.0002159131241992185,0.9013231417494553,-0.00033195,2.486815554790245,3.014456156746668,100.0,-0.21789562370390278,18.22147333583816,-0.04593960525765017,-6.067692318856392,0.14951036861664863,-46.79479580197926,0.3196625855594684,-58.075343417442525,-0.03635708494780777,-0.20565267508196072,-0.00037072,0.7329729726937675,0.00017264,1,1.0
3566,-0.5483736635456595,9.9125526479442,-0.00033195,2.486815554790245,3.014456156746668,-82.16321762135395,-0.21789562370390278,29.316885336440226,-0.04593960525765017,-66.42328273334208,0.14951036861664863,89.9835171977962,0.3196625855594684,-16.634780458789056,-0.03635708494780777,-1.723752755459818,-0.00037072,1.7269521177802716,0.00017264,1,1.0
3567,0.9770738055977009,0.5101701434124758,-0.00033195,2.486815554790245,3.014456156746668,50.45289561551773,-0.21789562370390278,19.945051909472525,-0.04593960525765017,-77.74712824973822,0.14951036861664863,-76.67775799195289,0.3196625855594684,54.551162666336026,-0.03635708494780777,-0.3162036586235184,-0.00037072,0.5102117398428325,0.00017264,1,1.0
3568,0.6166262146666248,0.30271916581870806,-0.00033195,2.486815554790245,3.014456156746668,-1.1359962191796478,-0.21789562370390278,8.797553219397729,-0.04593960525765017,-89.16909624362108,0.14951036861664863,27.88568629220686,0.3196625855594684,68.47312435770286,-0.03635708494780777,0.06141196097989854,-0.00037072,0.39425255696709216,0.00017264,0,1.0
3569,1.1092606977120856,1.3649224604684504,-0.00033195,2.486815554790245,3.014456156746668,-21.982945409557185,-0.21789562370390278,-4.741010673231725,-0.04593960525765017,-20.319238297561675,0.14951036861664863,-33.39443712633582,0.3196625855594684,74.85296938161275,-0.03635708494780777,-0.4099128886137671,-0.00037072,0.7031865305504101,0.00017264,1,1.0
3570,0.6035769629084982,3.619799834249841,-0.00033195,2.486815554790245,3.014456156746668,-94.99313310982848,-0.21789562370390278,24.69220461489135,-0.04593960525765017,-73.71653494329617,0.14951036861664863,-34.29002987240735,0.3196625855594684,71.22580610406072,-0.03635708494780777,-1.3559912062881385,-0.00037072,0.6597621570797938,0.00017264,1,1.0
3571,0.5976762323439376,0.5340720601479676,-0.00033195,2.486815554790245,3.014456156746668,-20.576639689153076,-0.21789562370390278,-3.091558938868704,-0.04593960525765017,-23.522867931592586,0.14951036861664863,-10.231594078207856,0.3196625855594684,53.81632204835339,-0.03635708494780777,-0.33942459029616545,-0.00037072,0.41061756977840747,0.00017264,1,1.0
3572,0.4797394157643843,0.18266221281806047,-0.00033195,2.486815554790245,3.014456156746668,-14.326159964740173,-0.21789562370390278,5.131485725067613,-0.04593960525765017,-60.73085974021131,0.14951036861664863,9.93009696216511,0.3196625855594684,57.74594226377555,-0.03635708494780777,-0.13016071877348137,-0.00037072,0.2529114615740733,0.00017264,1,1.0
3573,0.5022867546306162,0.40012772190539414,-0.00033195,2.486815554790245,3.014456156746668,40.62930859513816,-0.21789562370390278,1.8899630645363839,-0.04593960525765017,-8.088238676708228,0.14951036861664863,-42.063100540958885,0.3196625855594684,13.408768174511103,-0.03635708494780777,-0.14529936441160174,-0.00037072,0.4256278427112963,0.00017264,1,1.0
3574,0.24846990816035391,0.3093240771587278,-0.00033195,2.486815554790245,3.014456156746668,80.16195892176661,-0.21789562370390278,4.909503235592745,-0.04593960525765017,-19.897679641115115,0.14951036861664863,-9.404557650866924,0.3196625855594684,-13.27913817117001,-0.03635708494780777,0.15732314714851367,-0.00037072,0.577269078999475,0.00017264,0,1.0
3575,0.27465348794681144,0.396071866580634,-0.00033195,2.486815554790245,3.014456156746668,-16.7819344043602,-0.21789562370390278,-1.8166959632021147,-0.04593960525765017,-46.4273082998017,0.14951036861664863,44.59256532894792,0.3196625855594684,45.7987769355958,-0.03635708494780777,-0.11328840452621589,-0.00037072,0.4366271050053643,0.00017264,1,1.0
3576,0.2458645262555419,3.8758140955338467,-0.00033195,2.486815554790245,3.014456156746668,52.83058218762954,-0.21789562370390278,38.90377878616219,-0.04593960525765017,-90.83977869095632,0.14951036861664863,-56.296059859104865,0.3196625855594684,-1.581199126491465,-0.03635708494780777,-1.145785702071976,-0.00037072,1.1360836524737181,0.00017264,1,1.0
3577,0.21562953883503466,1.6102904408151422,-0.00033195,2.486815554790245,3.014456156746668,-40.43924843569384,-0.21789562370390278,-15.503026718191428,-0.04593960525765017,-17.9468528598328,0.14951036861664863,89.83623733224658,0.3196625855594684,44.38397912571703,-0.03635708494780777,-0.372904905719012,-0.00037072,1.0018101503773713,0.00017264,1,1.0
3578,0.5186524719755176,0.13500065549873452,-0.00033195,2.486815554790245,3.014456156746668,12.238274091349192,-0.21789562370390278,9.806775374918116,-0.04593960525765017,-45.140535458534714,0.14951036861664863,-35.76528154447611,0.3196625855594684,38.05967042885577,-0.03635708494780777,-0.24528991361318708,-0.00037072,0.24538195266682716,0.00017264,1,1.0
3579,-0.0009311217966880975,0.6447242931635053,-0.00033195,2.486815554790245,3.014456156746668,67.02996718992775,-0.21789562370390278,0.6912510130950528,-0.04593960525765017,-5.6799575696626725,0.14951036861664863,60.92210155451145,0.3196625855594684,-39.263523699249305,-0.03635708494780777,0.11668001760387292,-0.00037072,1.2229087511760526,0.00017264,0,1.0
3580,1.3985630549399422,0.8572431269171527,-0.00033195,2.486815554790245,3.014456156746668,-56.63301166300356,-0.21789562370390278,16.63881101891546,-0.04593960525765017,-34.25822803766758,0.14951036861664863,-82.72142836475045,0.3196625855594684,73.93827553432537,-0.03635708494780777,-0.4549393204072226,-0.00037072,0.4485237684537374,0.00017264,1,1.0
3581,0.3323274366514209,1.3949116981887397,-0.00033195,2.486815554790245,3.014456156746668,-80.83788677829745,-0.21789562370390278,8.176673974514202,-0.04593960525765017,-7.494283976282853,0.14951036861664863,-4.978301101477125,0.3196625855594684,27.631217259078607,-0.03635708494780777,-0.7289690471637478,-0.00037072,0.4684472145410173,0.00017264,1,1.0
3582,0.7049149620218678,0.19047019804957266,-0.00033195,2.486815554790245,3.014456156746668,3.6932259998770736,-0.21789562370390278,6.473038578041363,-0.04593960525765017,-31.31666609057297,0.14951036861664863,-48.65932885005844,0.3196625855594684,44.67391281606255,-0.03635708494780777,-0.2454755213625337,-0.00037072,0.25065589447682424,0.00017264,1,1.0
3583,1.1755686577252777,0.3276234259129128,-0.00033195,2.486815554790245,3.014456156746668,-21.1214719033134,-0.21789562370390278,14.027819381748406,-0.04593960525765017,-57.77353476487316,0.14951036861664863,-66.70051804674925,0.3196625855594684,77.84879462800048,-0.03635708494780777,-0.2995109259992681,-0.00037072,0.30086862354990096,0.00017264,1,1.0
3584,0.00025667519470040645,0.12410316178843996,-0.00033195,2.486815554790245,3.014456156746668,78.85770283264219,-0.21789562370390278,10.168177475916234,-0.04593960525765017,-83.55295597325484,0.14951036861664863,83.32180449239607,0.3196625855594684,-0.9786218545264371,-0.03635708494780777,0.35568477038852575,-0.00037072,0.9167072488347323,0.00017264,0,1.0
3585,0.011936336932932612,0.12882074070342736,-0.00033195,2.486815554790245,3.014456156746668,14.54726316620489,-0.21789562370390278,10.197434010226159,-0.04593960525765017,-95.14793805704265,0.14951036861664863,64.94029792335535,0.3196625855594684,38.80427386529451,-0.03635708494780777,0.1448312892790301,-0.00037072,0.2637080641404109,0.00017264,0,1.0
3586,0.48314511122728887,0.7541413112073078,-0.00033195,2.486815554790245,3.014456156746668,27.18651182287099,-0.21789562370390278,19.38109711720961,-0.04593960525765017,-37.20475018396085,0.14951036861664863,-61.45404054815817,0.3196625855594684,10.623299730422646,-0.03635708494780777,-0.499209291543251,-0.00037072,0.5101585954051219,0.00017264,1,1.0
3587,0.5785452911320006,0.045370195620628474,-0.00033195,2.486815554790245,3.014456156746668,-58.60245774476616,-0.21789562370390278,3.146024682789462,-0.04593960525765017,-44.477310179525894,0.14951036861664863,12.65030221313587,0.3196625855594684,65.27777994911631,-0.03635708494780777,-0.04475265302093176,-0.00037072,0.045221831125340034,0.00017264,1,1.0
3588,-0.23389285982030272,1.6254783085385949,-0.00033195,2.486815554790245,3.014456156746668,-46.05262317052436,-0.21789562370390278,9.98389595927901,-0.04593960525765017,-58.20601601886109,0.14951036861664863,91.16738101914817,0.3196625855594684,13.847911629764427,-0.03635708494780777,-0.46540945151250157,-0.00037072,0.7783504217075787,0.00017264,1,1.0
3589,-0.09812433517597141,1.6693798788012635,-0.00033195,2.486815554790245,3.014456156746668,-48.327822412621586,-0.21789562370390278,8.036610000067272,-0.04593960525765017,-1.987370655930085,0.14951036861664863,29.285467412794027,0.3196625855594684,-9.961439813526315,-0.03635708494780777,-0.6861255330175413,-0.00037072,0.733987604010788,0.00017264,1,1.0
3590,0.2695081892190645,0.1502873337799464,-0.00033195,2.486815554790245,3.014456156746668,55.84466559743635,-0.21789562370390278,8.224392533474903,-0.04593960525765017,-22.12595362413259,0.14951036861664863,-42.681430540204076,0.3196625855594684,0.6888797216831082,-0.03635708494780777,-0.11208191177629928,-0.00037072,0.2715031566616269,0.00017264,1,1.0
3591,0.46926195928935654,0.023103324119128157,-0.00033195,2.486815554790245,3.014456156746668,-98.4270686571114,-0.21789562370390278,3.6887484439143194,-0.04593960525765017,-90.66888595812934,0.14951036861664863,74.18471763574067,0.3196625855594684,99.29231481949387,-0.03635708494780777,-0.049696166613411114,-0.00037072,0.04968382184077738,0.00017264,1,1.0
3592,0.22852572581950137,0.32254929572631263,-0.00033195,2.486815554790245,3.014456156746668,47.47649579284331,-0.21789562370390278,12.065012764454153,-0.04593960525765017,-10.468069019701312,0.14951036861664863,-46.15818014419522,0.3196625855594684,-15.490243813781982,-0.03635708494780777,-0.17861444921060549,-0.00037072,0.3608347416889542,0.00017264,1,1.0
3593,-0.007613693215301032,0.7079271444453681,-0.00033195,2.486815554790245,3.014456156746668,36.5830553373297,-0.21789562370390278,11.416955476136597,-0.04593960525765017,-57.68986234606572,0.14951036861664863,79.14203667975247,0.3196625855594684,-10.786242841000396,-0.03635708494780777,0.04280084750138058,-0.00037072,1.0671126843419156,0.00017264,0,1.0
3594,0.18475226451357396,0.03578997538976865,-0.00033195,2.486815554790245,3.014456156746668,14.931407536620718,-0.21789562370390278,4.982055043986185,-0.04593960525765017,-20.99901967403754,0.14951036861664863,-18.393136449413337,0.3196625855594684,12.504905151495615,-0.03635708494780777,-0.13223075528387088,-0.00037072,0.1321832857528578,0.00017264,1,1.0
3595,0.044038136245436066,0.14951409440013053,-0.00033195,2.486815554790245,3.014456156746668,27.98125282434235,-0.21789562370390278,9.290825529938317,-0.04593960525765017,-21.516214295439138,0.14951036861664863,-21.446828098203756,0.3196625855594684,-4.104707972466196,-0.03635708494780777,-0.2292299889824743,-0.00037072,0.2305627836118276,0.00017264,1,1.0
3596,-0.4109835938849574,1.8425411622050123,-0.00033195,2.486815554790245,3.014456156746668,82.23192939093411,-0.21789562370390278,8.32765705483526,-0.04593960525765017,-13.54932237557353,0.14951036861664863,78.81661900216335,0.3196625855594684,-70.51041890696602,-0.03635708494780777,-0.017482530359710036,-0.00037072,1.3754037422912426,0.00017264,1,1.0
3597,1.1367731030159685,0.27304478049026293,-0.00033195,2.486815554790245,3.014456156746668,-20.47270816769322,-0.21789562370390278,10.801265092624494,-0.04593960525765017,-39.83481225497222,0.14951036861664863,-70.24780706852891,0.3196625855594684,68.71000998961689,-0.03635708494780777,-0.24120860388443566,-0.00037072,0.24341999598012198,0.00017264,1,1.0
3598,-0.0007489636308793679,0.567206272719616,-0.00033195,2.486815554790245,3.014456156746668,90.12278663944123,-0.21789562370390278,0.9168705196884916,-0.04593960525765017,-43.67489712772828,0.14951036861664863,80.21388702270855,0.3196625855594684,-19.505822088081548,-0.03635708494780777,0.19124402332165646,-0.00037072,1.2761913326278642,0.00017264,0,1.0
3599,0.0031953511651694466,0.08576569254366935,-0.00033195,2.486815554790245,3.014456156746668,-34.429599278268306,-0.21789562370390278,5.681558038350818,-0.04593960525765017,-93.98821288146345,0.14951036861664863,85.46265681107204,0.3196625855594684,59.43811740688056,-0.03635708494780777,0.05937377005589229,-0.00037072,0.12786797557085083,0.00017264,0,1.0
3600,-0.0019862272252049173,0.5719665361518744,-0.00033195,2.5734906374269797,3.4667613288606156,23.06089907734128,-0.21789562370390278,19.248551691847005,-0.04593960525765017,-77.45361077715326,0.14951036861664863,74.2102924394452,0.3196625855594684,-2.18178489406586,-0.03635708494780777,-0.16035861055817557,-0.00037072,0.574863821191022,0.00017264,1,1.0
3601,1.0428022684077496,0.7083122892896403,-0.00033195,2.5734906374269797,3.4667613288606156,24.520636299914536,-0.21789562370390278,5.124865557491762,-0.04593960525765017,-62.85804721331146,0.14951036861664863,-45.19675696681775,0.3196625855594684,83.2523120764386,-0.03635708494780777,-0.03328275536027114,-0.00037072,0.5707556754501825,0.00017264,1,1.0
3602,0.19308108672739088,2.2436582076765417,-0.00033195,2.5734906374269797,3.4667613288606156,-85.08804783003248,-0.21789562370390278,23.045670545054996,-0.04593960525765017,-5.867382222523488,0.14951036861664863,-78.11929995389224,0.3196625855594684,8.78937770273311,-0.03635708494780777,-0.9339317974934845,-0.00037072,0.48859232048952406,0.00017264,1,1.0
3603,1.0929800110766918,0.8270708631015979,-0.00033195,2.5734906374269797,3.4667613288606156,78.71346394608717,-0.21789562370390278,10.195042644672984,-0.04593960525765017,-95.43936109010663,0.14951036861664863,-3.114772646886312,0.3196625855594684,73.28125981898204,-0.03635708494780777,0.1657630366492216,-0.00037072,0.8120234349214912,0.00017264,0,1.0
3604,0.46981934914978746,0.24009490241475334,-0.00033195,2.5734906374269797,3.4667613288606156,62.30093248939296,-0.21789562370390278,13.241442169234386,-0.04593960525765017,-94.30096827729021,0.14951036861664863,5.025619052550236,0.3196625855594684,46.64711460585373,-0.03635708494780777,0.09481886433844142,-0.00037072,0.3686659125320797,0.00017264,0,1.0
3605,0.4975851937111213,0.4688022070875315,-0.00033195,2.5734906374269797,3.4667613288606156,-61.72799429037013,-0.21789562370390278,19.53691284063479,-0.04593960525765017,-66.48812656815369,0.14951036861664863,-17.045412358642782,0.3196625855594684,56.73111750141635,-0.03635708494780777,-0.3799836525875261,-0.00037072,0.3760174364636518,0.00017264,1,1.0
3606,0.0003248752521531062,0.06923495053261551,-0.00033195,2.5734906374269797,3.4667613288606156,5.713859519582871,-0.21789562370390278,1.5436271851121397,-0.04593960525765017,-6.972244058123551,0.14951036861664863,19.84000994971715,0.3196625855594684,-4.247565116669747,-0.03635708494780777,-0.00465620301349691,-0.00037072,0.13110009178385046,0.00017264,1,1.0
3607,0.2554949756797607,0.011739939605650541,-0.00033195,2.5734906374269797,3.4667613288606156,-67.70727278097714,-0.21789562370390278,5.994663046505839,-0.04593960525765017,-89.94883558761319,0.14951036861664863,62.53346542999043,0.3196625855594684,80.50529064115499,-0.03635708494780777,-0.06709002558538897,-0.00037072,0.06720185635350585,0.00017264,1,1.0
3608,0.4780528312580485,0.2763310207589535,-0.00033195,2.5734906374269797,3.4667613288606156,90.77195583941028,-0.21789562370390278,13.811140040710333,-0.04593960525765017,-86.82090831599693,0.14951036861664863,-13.40107333403494,0.3196625855594684,34.282414170463795,-0.03635708494780777,0.0932794216625962,-0.00037072,0.42783121768407206,0.00017264,0,1.0
3609,0.3979072338208053,0.019674294912531122,-0.00033195,2.5734906374269797,3.4667613288606156,-32.68751484067232,-0.21789562370390278,4.290232766975304,-0.04593960525765017,-26.215150477494173,0.14951036861664863,-24.097884477529078,0.3196625855594684,44.2906287483498,-0.03635708494780777,-0.05095860711419536,-0.00037072,0.051224449201703263,0.00017264,1,1.0
3610,0.9135997526737735,0.2237962560186191,-0.00033195,2.5734906374269797,3.4667613288606156,-44.03640085060829,-0.21789562370390278,19.165523076167563,-0.04593960525765017,-66.62276022179371,0.14951036861664863,-90.43905813546526,0.3196625855594684,84.92206727566405,-0.03635708494780777,-0.2505405413689305,-0.00037072,0.2501233155409683,0.00017264,1,1.0
3611,0.7605589245520739,0.20567698700276993,-0.00033195,2.5734906374269797,3.4667613288606156,-16.398499718455064,-0.21789562370390278,1.7594388378515622,-0.04593960525765017,-12.611643282662504,0.14951036861664863,-89.57549743350434,0.3196625855594684,62.01958223267976,-0.03635708494780777,-0.1904465199005379,-0.00037072,0.21931616545483673,0.00017264,1,1.0
3612,0.8482455148421661,0.12906613649337842,-0.00033195,2.5734906374269797,3.4667613288606156,-38.63966958818394,-0.21789562370390278,15.581897686108501,-0.04593960525765017,-75.36417249032705,0.14951036861664863,-72.90320759765896,0.3196625855594684,91.88845271290035,-0.03635708494780777,-0.20066117377488882,-0.00037072,0.20049951670353763,0.00017264,1,1.0
3613,0.02857829134490597,1.5427231018931413,-0.00033195,2.5734906374269797,3.4667613288606156,-46.324955283405544,-0.21789562370390278,23.114788453091002,-0.04593960525765017,-33.21998324259485,0.14951036861664863,5.719379130832378,0.3196625855594684,-7.516439365253076,-0.03635708494780777,-0.6893706103177936,-0.00037072,0.6467030717534067,0.00017264,1,1.0
3614,0.24463089286250403,0.010398856489632716,-0.00033195,2.5734906374269797,3.4667613288606156,-21.08860207716012,-0.21789562370390278,4.736508931658335,-0.04593960525765017,-35.67304114739065,0.14951036861664863,-4.7258729523967995,0.3196625855594684,37.24985409216867,-0.03635708494780777,-0.061189516911996054,-0.00037072,0.06118103578048641,0.00017264,1,1.0
3615,0.22038495199690072,0.18112973934496668,-0.00033195,2.5734906374269797,3.4667613288606156,92.56552709690781,-0.21789562370390278,5.4083723697535895,-0.04593960525765017,-8.833165095267983,0.14951036861664863,-65.94751658356788,0.3196625855594684,-11.070484891189512,-0.03635708494780777,-0.06328662730099577,-0.00037072,0.2885931422190688,0.00017264,1,1.0
3616,0.04845096318543585,0.3630688807097283,-0.00033195,2.5734906374269797,3.4667613288606156,-62.26402456328331,-0.21789562370390278,-15.131545151373128,-0.04593960525765017,-14.081592552693525,0.14951036861664863,76.31799848601912,0.3196625855594684,49.30121246227525,-0.03635708494780777,-0.30794521537098724,-0.00037072,0.3168067267884493,0.00017264,1,1.0
3617,0.16561538030679285,0.20167241076913348,-0.00033195,2.5734906374269797,3.4667613288606156,-21.593428751974404,-0.21789562370390278,-2.0883417960060857,-0.04593960525765017,-56.451726476339154,0.14951036861664863,68.18034576257867,0.3196625855594684,49.49842872790497,-0.03635708494780777,-0.06792863568584338,-0.00037072,0.2699537744689555,0.00017264,1,1.0
3618,0.4509062040014521,0.04318000258160261,-0.00033195,2.5734906374269797,3.4667613288606156,16.90193961232172,-0.21789562370390278,7.326269712675765,-0.04593960525765017,-4.9611306493939376,0.14951036861664863,-88.4817888914267,0.3196625855594684,20.54821827680762,-0.03635708494780777,-0.11391779734648655,-0.00037072,0.1140117879865194,0.00017264,1,1.0
3619,-0.0003657614794370821,0.1320273232988356,-0.00033195,2.5734906374269797,3.4667613288606156,-1.0412884703062242,-0.21789562370390278,0.07021773262170929,-0.04593960525765017,-25.379130799808593,0.14951036861664863,62.553755779116194,0.3196625855594684,6.499770138748576,-0.03635708494780777,0.01566278082184397,-0.00037072,0.24085138593304922,0.00017264,0,1.0
3620,0.1297376754323203,0.89159198375438,-0.00033195,2.5734906374269797,3.4667613288606156,66.32225128982213,-0.21789562370390278,28.640268848743556,-0.04593960525765017,-91.36235745614276,0.14951036861664863,45.59077951556442,0.3196625855594684,-13.664541368886182,-0.03635708494780777,-0.17173662573889564,-0.00037072,0.7579901885900033,0.00017264,1,1.0
3621,-0.0006789554540148901,0.09762387461609821,-0.00033195,2.5734906374269797,3.4667613288606156,-40.01436338362265,-0.21789562370390278,-3.1848130638063066,-0.04593960525765017,-52.64638304046425,0.14951036861664863,85.87586291051791,0.3196625855594684,44.45071101338882,-0.03635708494780777,-0.07143717717907583,-0.00037072,0.15919068189132055,0.00017264,1,1.0
3622,0.11619845232705797,0.040922128608991304,-0.00033195,2.5734906374269797,3.4667613288606156,-86.93136364737222,-0.21789562370390278,-0.2892273318212431,-0.04593960525765017,-35.15606114188316,0.14951036861664863,71.96792374153412,0.3196625855594684,46.320608899557456,-0.03635708494780777,-0.1307981516607621,-0.00037072,0.1308341429318117,0.00017264,1,1.0
3623,0.003196400399122945,0.5783063666161301,-0.00033195,2.5734906374269797,3.4667613288606156,15.32530176309626,-0.21789562370390278,23.798005460871913,-0.04593960525765017,-75.62240710677723,0.14951036861664863,-2.449655159764631,0.3196625855594684,7.981046573905949,-0.03635708494780777,-0.4205799645101788,-0.00037072,0.42070068564811053,0.00017264,1,1.0
3624,-0.021950592903419386,1.079511731469976,-0.00033195,2.5734906374269797,3.4667613288606156,-4.672671141600143,-0.21789562370390278,17.53478917717794,-0.04593960525765017,-0.04490953539576253,0.14951036861664863,-9.567253431684044,0.3196625855594684,-35.686841632311584,-0.03635708494780777,-0.5050043812038432,-0.00037072,0.5820869717862709,0.00017264,1,1.0
3625,0.10044186478972139,0.14144611338123836,-0.00033195,2.5734906374269797,3.4667613288606156,76.19133586676506,-0.21789562370390278,16.272441691861676,-0.04593960525765017,-74.38182389515782,0.14951036861664863,-35.64494671545563,0.3196625855594684,14.961856934851086,-0.03635708494780777,-0.180417955112889,-0.00037072,0.2655163885971971,0.00017264,1,1.0
3626,0.35781068252578363,0.21677036313735312,-0.00033195,2.5734906374269797,3.4667613288606156,83.9097711002549,-0.21789562370390278,22.85295942927215,-0.04593960525765017,-90.54812891008683,0.14951036861664863,-59.05052515836345,0.3196625855594684,26.77155163073834,-0.03635708494780777,-0.1413149018860317,-0.00037072,0.34555731912782883,0.00017264,1,1.0
3627,-0.0004722673644455,1.1626153168376985,-0.00033195,2.5734906374269797,3.4667613288606156,47.51047842820224,-0.21789562370390278,33.85771183456066,-0.04593960525765017,-90.90430235922979,0.14951036861664863,-25.962084319791245,0.3196625855594684,-6.221103182192676,-0.03635708494780777,-0.5655694769417852,-0.00037072,0.6065006742063006,0.00017264,1,1.0
3628,0.7111297031448541,0.06836606965843649,-0.00033195,2.5734906374269797,3.4667613288606156,-44.36960237521739,-0.21789562370390278,4.759473754196385,-0.04593960525765017,-5.12143836803859,0.14951036861664863,-76.47959262302174,0.3196625855594684,53.24960162567295,-0.03635708494780777,-0.053008561329536144,-0.00037072,0.05249622586364307,0.00017264,1,1.0
3629,0.9432173072684537,0.593552665499226,-0.00033195,2.5734906374269797,3.4667613288606156,-94.16552187649462,-0.21789562370390278,4.59285024901583,-0.04593960525765017,-60.504292113430495,0.14951036861664863,63.50702760366416,0.3196625855594684,91.54845919127672,-0.03635708494780777,0.021463672849978965,-0.00037072,0.5469351760318361,0.00017264,0,1.0
3630,0.25682882516360106,0.1726713106659329,-0.00033195,2.5734906374269797,3.4667613288606156,77.1872423320531,-0.21789562370390278,18.783059083567256,-0.04593960525765017,-87.86920251053874,0.14951036861664863,-41.52864805406343,0.3196625855594684,27.75848531478259,-0.03635708494780777,-0.14753237249191994,-0.00037072,0.30844064310686403,0.00017264,1,1.0
3631,0.2736942507177811,0.11684447139539061,-0.00033195,2.5734906374269797,3.4667613288606156,50.254533413263374,-0.21789562370390278,15.321951110453618,-0.04593960525765017,-65.48180676321103,0.14951036861664863,-60.131648115322186,0.3196625855594684,30.389750950019565,-0.03635708494780777,-0.23648373552137134,-0.00037072,0.24112910915544547,0.00017264,1,1.0
3632,0.08763753411644426,0.3150131739685036,-0.00033195,2.5734906374269797,3.4667613288606156,90.5576983985171,-0.21789562370390278,4.6165633177742995,-0.04593960525765017,-74.13060648937658,0.14951036861664863,90.83367119772657,0.3196625855594684,3.8869446951147677,-0.03635708494780777,0.14337864016247606,-0.00037072,0.6007447095549295,0.00017264,0,1.0
3633,0.23698401234251337,0.01287539153649243,-0.00033195,2.5734906374269797,3.4667613288606156,-90.07434666273825,-0.21789562370390278,0.4107600846878091,-0.04593960525765017,-52.79052385923743,0.14951036861664863,67.34214029048998,0.3196625855594684,66.50002173738591,-0.03635708494780777,-0.05381648457012527,-0.00037072,0.055931511082982215,0.00017264,1,1.0
3634,0.5219445433734997,0.3157498855725829,-0.00033195,2.5734906374269797,3.4667613288606156,-0.8199489478096597,-0.21789562370390278,-1.6159925109470252,-0.04593960525765017,-23.797970925623286,0.14951036861664863,-43.75366335715311,0.3196625855594684,53.97247981809963,-0.03635708494780777,-0.2327741290397886,-0.00037072,0.3136667761813266,0.00017264,1,1.0
3635,0.9339304976215728,0.27708926046418303,-0.00033195,2.5734906374269797,3.4667613288606156,-62.86828561495973,-0.21789562370390278,18.685634014380508,-0.04593960525765017,-61.25657470567434,0.14951036861664863,-82.39709229976937,0.3196625855594684,86.39865051680698,-0.03635708494780777,-0.267528242404841,-0.00037072,0.2649682353379987,0.00017264,1,1.0
3636,0.32021074925190457,0.06792576925733926,-0.00033195,2.5734906374269797,3.4667613288606156,54.00909288262717,-0.21789562370390278,10.661077336115063,-0.04593960525765017,-17.451471384550285,0.14951036861664863,-94.0549524717316,0.3196625855594684,8.185659068425625,-0.03635708494780777,-0.17652156402854816,-0.00037072,0.17907245061621638,0.00017264,1,1.0
3637,0.46369263641714215,0.07581422528511075,-0.00033195,2.5734906374269797,3.4667613288606156,-40.1568624693863,-0.21789562370390278,-1.831783075197223,-0.04593960525765017,-9.875454831618038,0.14951036861664863,-28.458088509095067,0.3196625855594684,49.73270927803425,-0.03635708494780777,-0.11420376682231309,-0.00037072,0.11519700627455842,0.00017264,1,1.0
3638,0.2503597425422589,0.06525494648759295,-0.00033195,2.5734906374269797,3.4667613288606156,15.30557669211463,-0.21789562370390278,12.271574671909802,-0.04593960525765017,-68.63734385217514,0.14951036861664863,-23.716969370198402,0.3196625855594684,41.68502545999588,-0.03635708494780777,-0.17885369595594036,-0.00037072,0.18012846263298776,0.00017264,1,1.0
3639,0.38413964693255864,0.047535655321323346,-0.00033195,2.5734906374269797,3.4667613288606156,-28.892172020573234,-0.21789562370390278,11.000527888206289,-0.04593960525765017,-84.57280062287967,0.14951036861664863,2.30958416616346,0.3196625855594684,71.36431141411018,-0.03635708494780777,-0.14900581633154558,-0.00037072,0.1493718207064832,0.00017264,1,1.0
3640,0.33116955267657644,0.1482403091309063,-0.00033195,2.5734906374269797,3.4667613288606156,17.85238399871036,-0.21789562370390278,7.950749207029106,-0.04593960525765017,-72.23836097838611,0.14951036861664863,-8.558797590011844,0.3196625855594684,52.6491586253179,-0.03635708494780777,-0.13202372370415638,-0.00037072,0.2430067995306155,0.00017264,1,1.0
3641,0.3311354527864771,0.0790992466092379,-0.00033195,2.5734906374269797,3.4667613288606156,56.94602604317503,-0.21789562370390278,11.782859589193093,-0.04593960525765017,-22.835640124058607,0.14951036861664863,-96.52321311523842,0.3196625855594684,10.359619911734326,-0.03635708494780777,-0.19393200614107112,-0.00037072,0.19476938863205664,0.00017264,1,1.0
3642,-0.0027111001189691966,0.3560814169017646,-0.00033195,2.5734906374269797,3.4667613288606156,-18.186591643397275,-0.21789562370390278,0.2973314851480575,-0.04593960525765017,-12.198458354228848,0.14951036861664863,93.23509252976596,0.3196625855594684,-7.329340267218412,-0.03635708494780777,-0.08909821537122681,-0.00037072,0.4969221087123285,0.00017264,1,1.0
3643,0.16335467959197641,0.020089038265177266,-0.00033195,2.5734906374269797,3.4667613288606156,-18.416928278747204,-0.21789562370390278,6.772033195903757,-0.04593960525765017,-64.25028297711782,0.14951036861664863,20.796055807625834,0.3196625855594684,47.20327047022263,-0.03635708494780777,-0.09767150749321357,-0.00037072,0.09807076267690396,0.00017264,1,1.0
3644,0.8258348222370976,0.09847292982145198,-0.00033195,2.5734906374269797,3.4667613288606156,-43.2379820282761,-0.21789562370390278,10.733761885060268,-0.04593960525765017,-52.84072614000557,0.14951036861664863,-72.78125181639024,0.3196625855594684,83.93691838866481,-0.03635708494780777,-0.14643050265842628,-0.00037072,0.1463184322263169,0.00017264,1,1.0
3645,0.09625391728213661,0.35488793515696215,-0.00033195,2.5734906374269797,3.4667613288606156,-28.502269222018782,-0.21789562370390278,-11.14915826285653,-0.04593960525765017,-16.695463980867032,0.14951036861664863,51.323233852164826,0.3196625855594684,39.347921141527955,-0.03635708494780777,-0.2557401148605425,-0.00037072,0.3358109638829472,0.00017264,1,1.0
3646,0.01830703893641661,0.3209622828378068,-0.00033195,2.5734906374269797,3.4667613288606156,-27.930031658504838,-0.21789562370390278,-9.625760740139889,-0.04593960525765017,-30.17168355985236,0.14951036861664863,91.89172434340092,0.3196625855594684,34.508920918685924,-0.03635708494780777,-0.15238850494319756,-0.00037072,0.36438459557974734,0.00017264,1,1.0
3647,0.4665680163418166,0.18640143690587635,-0.00033195,2.5734906374269797,3.4667613288606156,-73.65179023007954,-0.21789562370390278,11.840955620411115,-0.04593960525765017,-54.97354981702296,0.14951036861664863,3.150461450830281,0.3196625855594684,61.733758768578454,-0.03635708494780777,-0.2350523569248775,-0.00037072,0.23770128092254053,0.00017264,1,1.0
3648,0.532604480878867,0.7446037387844384,-0.00033195,2.5734906374269797,3.4667613288606156,-10.352273453409605,-0.21789562370390278,-8.280153871499277,-0.04593960525765017,-35.49141729111183,0.14951036861664863,37.036149856049455,0.3196625855594684,62.31926021942804,-0.03635708494780777,-0.18391341208613693,-0.00037072,0.5843665562690676,0.00017264,1,1.0
3649,0.01124604844494631,0.28581916540795665,-0.00033195,2.5734906374269797,3.4667613288606156,13.535147475603118,-0.21789562370390278,-6.160833426490974,-0.04593960525765017,-18.962630590390884,0.14951036861664863,68.99752789672831,0.3196625855594684,8.722714343212203,-0.03635708494780777,-0.06256207879483586,-0.00037072,0.39168537464501507,0.00017264,1,1.0
3650,0.043244096728285664,0.5355774515466372,-0.00033195,2.5734906374269797,3.4667613288606156,-22.907785471403116,-0.21789562370390278,22.49126186533865,-0.04593960525765017,-96.20814672825404,0.14951036861664863,36.34920550822134,0.3196625855594684,33.21009685429882,-0.03635708494780777,-0.4109074343775647,-0.00037072,0.4116736629570341,0.00017264,1,1.0
3651,0.5146933770401768,0.027955932439539463,-0.00033195,2.5734906374269797,3.4667613288606156,-76.74621210884482,-0.21789562370390278,4.176420394618865,-0.04593960525765017,-52.48581190249312,0.14951036861664863,9.273284556613609,0.3196625855594684,77.82673602511177,-0.03635708494780777,-0.037946624620407515,-0.00037072,0.037687811264167675,0.00017264,1,1.0
3652,0.7248221848580849,0.29961335888547563,-0.00033195,2.5734906374269797,3.4667613288606156,61.814819256204565,-0.21789562370390278,16.069804772287675,-0.04593960525765017,-79.46496273837789,0.14951036861664863,-87.23655419179671,0.3196625855594684,59.83990247839053,-0.03635708494780777,-0.14629970358077204,-0.00037072,0.3800874649299778,0.00017264,1,1.0
3653,0.1155564785607186,0.10232229754111327,-0.00033195,2.5734906374269797,3.4667613288606156,25.329099390926913,-0.21789562370390278,15.618838711972577,-0.04593960525765017,-90.33907879989059,0.14951036861664863,-2.8359492092856993,0.3196625855594684,39.57661656286987,-0.03635708494780777,-0.21570136520477526,-0.00037072,0.21606818115684126,0.00017264,1,1.0
3654,0.49256252534535616,0.030062532066079166,-0.00033195,2.5734906374269797,3.4667613288606156,-38.648109640779325,-0.21789562370390278,4.718531910254128,-0.04593960525765017,-26.87434209560366,0.14951036861664863,-33.88104574233348,0.3196625855594684,51.73381739536554,-0.03635708494780777,-0.056727490564392496,-0.00037072,0.05704309944711686,0.00017264,1,1.0
3655,1.4350737737611798,1.1637265236199756,-0.00033195,2.5734906374269797,3.4667613288606156,19.18519189106245,-0.21789562370390278,3.5544451592715722,-0.04593960525765017,-44.56554894462419,0.14951036861664863,-32.62481172651936,0.3196625855594684,83.71738122406197,-0.03635708494780777,0.13022412954077506,-0.00037072,0.8397918258496437,0.00017264,0,1.0
3656,0.6847688504399508,0.3072576318577941,-0.00033195,2.5734906374269797,3.4667613288606156,84.43813724242654,-0.21789562370390278,14.895473797970446,-0.04593960525765017,-60.91999024679732,0.14951036861664863,-98.6215013206296,0.3196625855594684,40.28312331692566,-0.03635708494780777,-0.10142940400180031,-0.00037072,0.39210114847022315,0.00017264,1,1.0
3657,-0.000322121362534844,0.13057364172969652,-0.00033195,2.5734906374269797,3.4667613288606156,-39.461289324551394,-0.21789562370390278,-3.576009113851404,-0.04593960525765017,-0.6840846718865414,0.14951036861664863,62.34953861737085,0.3196625855594684,6.2226401540561245,-0.03635708494780777,-0.09341071456508716,-0.00037072,0.24203560885283637,0.00017264,1,1.0
3658,0.4820615061887819,0.03391468143418903,-0.00033195,2.5734906374269797,3.4667613288606156,-56.98523820415815,-0.21789562370390278,7.817820938679096,-0.04593960525765017,-75.77612242252535,0.14951036861664863,8.593435534379344,0.3196625855594684,82.20104217219368,-0.03635708494780777,-0.10035103939981015,-0.00037072,0.1008795536488004,0.00017264,1,1.0
3659,0.30402307320694155,0.01985701968351935,-0.00033195,2.5734906374269797,3.4667613288606156,13.391397372650752,-0.21789562370390278,4.93439402392623,-0.04593960525765017,-0.9619479731349401,0.14951036861664863,-62.73534256762584,0.3196625855594684,11.90981867051298,-0.03635708494780777,-0.0765579766696713,-0.00037072,0.07657778421992269,0.00017264,1,1.0
3660,0.09143341379365211,0.3478508953813594,-0.00033195,2.5734906374269797,3.4667613288606156,-68.99660814808483,-0.21789562370390278,-15.419057203327913,-0.04593960525765017,-10.12071690912435,0.14951036861664863,71.50996024016551,0.3196625855594684,51.518012013210985,-0.03635708494780777,-0.30616893886960733,-0.00037072,0.3071224452500347,0.00017264,1,1.0
3661,0.776715690868485,0.8021803424701601,-0.00033195,2.5734906374269797,3.4667613288606156,71.39246364912889,-0.21789562370390278,-0.3568986865551779,-0.04593960525765017,-24.644202750187663,0.14951036861664863,-14.704138331330174,0.3196625855594684,29.659751953999596,-0.03635708494780777,0.029694910728923996,-0.00037072,0.7492751467627918,0.00017264,0,1.0
3662,0.0003239349597974339,0.11130625217504402,-0.00033195,2.5734906374269797,3.4667613288606156,14.388244409671803,-0.21789562370390278,7.155727502878641,-0.04593960525765017,-80.7770921328264,0.14951036861664863,84.00549152414243,0.3196625855594684,28.04704225698251,-0.03635708494780777,0.12825687942859837,-0.00037072,0.17691745678342247,0.00017264,0,1.0
3663,0.056519686280608106,0.6064849768392753,-0.00033195,2.5734906374269797,3.4667613288606156,-26.86166027399575,-0.21789562370390278,13.658837215238073,-0.04593960525765017,-7.521881279266821,0.14951036861664863,-6.643597081572087,0.3196625855594684,-11.13163335971969,-0.03635708494780777,-0.4264305504942353,-0.00037072,0.42533296015433253,0.00017264,1,1.0
3664,-0.007959101368618215,0.7780326365489107,-0.00033195,2.5734906374269797,3.4667613288606156,26.9492775390414,-0.21789562370390278,13.976473145939337,-0.04593960525765017,-28.293980986037408,0.14951036861664863,68.68898466237594,0.3196625855594684,-32.99140759691915,-0.03635708494780777,-0.18000029457116368,-0.00037072,0.7089435149318606,0.00017264,1,1.0
3665,0.7594861732603052,0.9102012670810635,-0.00033195,2.5734906374269797,3.4667613288606156,-1.7421043826487612,-0.21789562370390278,-7.294177023119283,-0.04593960525765017,-26.312540983178284,0.14951036861664863,33.15715471346384,0.3196625855594684,58.45069082006535,-0.03635708494780777,-0.07636860251034516,-0.00037072,0.7266669820047869,0.00017264,1,1.0
3666,0.21186106192021859,1.0102328904322646,-0.00033195,2.5734906374269797,3.4667613288606156,49.587925080741684,-0.21789562370390278,34.26205842402612,-0.04593960525765017,-83.60346278851952,0.14951036861664863,-70.50229922219236,0.3196625855594684,4.588367659614731,-0.03635708494780777,-0.555875082863383,-0.00037072,0.5620800311017965,0.00017264,1,1.0
3667,0.3840632580317703,0.2504692737351636,-0.00033195,2.5734906374269797,3.4667613288606156,57.67300805634934,-0.21789562370390278,10.534608036609596,-0.04593960525765017,-92.78712938345832,0.14951036861664863,28.497426489846365,0.3196625855594684,43.98215569067339,-0.03635708494780777,0.09623003026101412,-0.00037072,0.3884308179779763,0.00017264,0,1.0
3668,-0.00016591439437010913,0.023786256867564123,-0.00033195,2.5734906374269797,3.4667613288606156,16.535679802364996,-0.21789562370390278,2.9047557202243874,-0.04593960525765017,-14.763916614905005,0.14951036861664863,0.5371797535013197,0.3196625855594684,0.6042322018174191,-0.03635708494780777,-0.0029687700214544796,-0.00037072,0.04920376332291331,0.00017264,1,1.0
3669,0.9042136988915381,0.1818754567591627,-0.00033195,2.5734906374269797,3.4667613288606156,-77.79998118120214,-0.21789562370390278,7.524031019486103,-0.04593960525765017,-0.7044569429540048,0.14951036861664863,-87.33034397990016,0.3196625855594684,64.13449495400013,-0.03635708494780777,-0.1506728575016678,-0.00037072,0.15113405976114613,0.00017264,1,1.0
3670,0.32594997768396594,0.05611020235476618,-0.00033195,2.5734906374269797,3.4667613288606156,-0.8066666663272397,-0.21789562370390278,11.231656024075217,-0.04593960525765017,-69.87584989044433,0.14951036861664863,-20.39074747515769,0.3196625855594684,52.33906006669043,-0.03635708494780777,-0.16580942879039842,-0.00037072,0.16586190191110065,0.00017264,1,1.0
3671,0.9694283826015833,0.8478227127760797,-0.00033195,2.5734906374269797,3.4667613288606156,24.065734767176888,-0.21789562370390278,1.896569909486816,-0.04593960525765017,-63.453303213030516,0.14951036861664863,-31.316532258595323,0.3196625855594684,84.99192702891243,-0.03635708494780777,-0.11598107965924814,-0.00037072,0.6352599328247952,0.00017264,1,1.0
3672,0.780767116009478,1.0547396181548585,-0.00033195,2.5734906374269797,3.4667613288606156,17.521547643969285,-0.21789562370390278,-8.052939157284978,-0.04593960525765017,-21.243800787189926,0.14951036861664863,10.812397827224638,0.3196625855594684,55.63382380487026,-0.03635708494780777,-0.13143828030283478,-0.00037072,0.7665991305124549,0.00017264,1,1.0
3673,-0.2114249718038439,0.6503016279247533,-0.00033195,2.5734906374269797,3.4667613288606156,-19.26555190115145,-0.21789562370390278,10.45423489679217,-0.04593960525765017,-73.32525091372098,0.14951036861664863,99.22728082449929,0.3196625855594684,14.19553776656143,-0.03635708494780777,-0.16937563829057506,-0.00037072,0.29913812334248463,0.00017264,1,1.0
3674,0.29215274742989383,0.17727024718289758,-0.00033195,2.5734906374269797,3.4667613288606156,87.29448093373192,-0.21789562370390278,13.576029421999971,-0.04593960525765017,-68.4444858941261,0.14951036861664863,-28.855776558945117,0.3196625855594684,17.302535557086184,-0.03635708494780777,0.01601510851406676,-0.00037072,0.31280943761894564,0.00017264,0,1.0
3675,0.5384509776640776,1.1026929134859733,-0.00033195,2.5734906374269797,3.4667613288606156,-79.05922674450228,-0.21789562370390278,25.00081433415112,-0.04593960525765017,-64.0213684388621,0.14951036861664863,-28.087043317138043,0.3196625855594684,52.50428984820931,-0.03635708494780777,-0.5855197009337574,-0.00037072,0.5411680022122618,0.00017264,1,1.0
3676,0.05752581104717325,1.5992457083937452,-0.00033195,2.5734906374269797,3.4667613288606156,-49.67892714028712,-0.21789562370390278,20.497235947222055,-0.04593960525765017,-7.367267764745703,0.14951036861664863,-26.993798234375085,0.3196625855594684,-13.69475824553351,-0.03635708494780777,-0.717817806293565,-0.00037072,0.5709040060370756,0.00017264,1,1.0
3677,0.16061069106174852,0.016007183623932726,-0.00033195,2.5734906374269797,3.4667613288606156,22.01292337010408,-0.21789562370390278,5.378662677860943,-0.04593960525765017,-12.92027305799297,0.14951036861664863,-40.87558681819237,0.3196625855594684,7.760469988808496,-0.03635708494780777,-0.08734733040102584,-0.00037072,0.08736100382039498,0.00017264,1,1.0
3678,5.031803209987196e-06,0.10306890457480737,-0.00033195,2.5734906374269797,3.4667613288606156,55.26233127803825,-0.21789562370390278,8.303867615928713,-0.04593960525765017,-52.4484529421903,0.14951036861664863,27.15298339800758,0.3196625855594684,1.5273126624602236,-0.03635708494780777,0.11266353822715824,-0.00037072,0.16142452043096478,0.00017264,0,1.0
3679,0.26029291919512443,0.37579497897108377,-0.00033195,2.5734906374269797,3.4667613288606156,40.75804075445068,-0.21789562370390278,2.3388809043384544,-0.04593960525765017,-78.76952155501229,0.14951036861664863,79.31134838509259,0.3196625855594684,38.66825782481345,-0.03635708494780777,0.05018833761151004,-0.00037072,0.5206879486966594,0.00017264,0,1.0
3680,0.7885040684713533,1.0947689938690996,-0.00033195,2.5734906374269797,3.4667613288606156,-20.75488760506006,-0.21789562370390278,-11.370970076510982,-0.04593960525765017,-17.723911245784294,0.14951036861664863,-27.70317604998159,0.3196625855594684,82.62279313742417,-0.03635708494780777,-0.38068452293310967,-0.00037072,0.6201094125729589,0.00017264,1,1.0
3681,0.648724690495488,0.549473224325139,-0.00033195,2.5734906374269797,3.4667613288606156,-21.112508933008616,-0.21789562370390278,21.66854510390628,-0.04593960525765017,-99.95146801949997,0.14951036861664863,36.66593903382991,0.3196625855594684,59.31531821274842,-0.03635708494780777,-0.060667452573258285,-0.00037072,0.5582040387047622,0.00017264,1,1.0
3682,0.17615058913314574,0.0613567535367822,-0.00033195,2.5734906374269797,3.4667613288606156,37.742414647919254,-0.21789562370390278,10.90197694868528,-0.04593960525765017,-47.81208590769513,0.14951036861664863,-40.89600680029224,0.3196625855594684,20.872841566195977,-0.03635708494780777,-0.1718738623272007,-0.00037072,0.17419931380809917,0.00017264,1,1.0
3683,1.2128861940456783,0.7328783876722768,-0.00033195,2.5734906374269797,3.4667613288606156,70.98609992308617,-0.21789562370390278,27.511122882188808,-0.04593960525765017,-74.16570591260947,0.14951036861664863,-71.93435124178353,0.3196625855594684,40.55249209228338,-0.03635708494780777,0.22413496918448175,-0.00037072,0.6777626971752042,0.00017264,0,1.0
3684,-0.001372409267774155,0.1380768768097858,-0.00033195,2.5734906374269797,3.4667613288606156,27.896562897504005,-0.21789562370390278,12.466663579740937,-0.04593960525765017,-92.06653689033239,0.14951036861664863,78.12127766965212,0.3196625855594684,22.87701793844081,-0.03635708494780777,0.0844649497950558,-0.00037072,0.25257963901990155,0.00017264,0,1.0
3685,0.5021735564489149,0.35124182589441083,-0.00033195,2.5734906374269797,3.4667613288606156,60.320064160315766,-0.21789562370390278,9.725278982071595,-0.04593960525765017,-99.84157680736992,0.14951036861664863,50.583444127686015,0.3196625855594684,49.71941451731503,-0.03635708494780777,0.16136329482035788,-0.00037072,0.5253424713648174,0.00017264,0,1.0
3686,0.006090008292262417,0.029321812625209318,-0.00033195,2.5734906374269797,3.4667613288606156,-78.33683012682798,-0.21789562370390278,-5.890736857407819,-0.04593960525765017,-15.138153039380668,0.14951036861664863,78.089529140765,0.3196625855594684,33.14212277813024,-0.03635708494780777,-0.1162320671236722,-0.00037072,0.11644427174846164,0.00017264,1,1.0
3687,0.6302265578514152,0.46932669497878526,-0.00033195,2.5734906374269797,3.4667613288606156,-7.558308545431099,-0.21789562370390278,-2.173361491159554,-0.04593960525765017,-38.154657706640556,0.14951036861664863,-10.9234080533634,0.3196625855594684,65.56170144152296,-0.03635708494780777,-0.14654319391887177,-0.00037072,0.41712617521916234,0.00017264,1,1.0
3688,7.646318252085837e-05,0.048107266360033325,-0.00033195,2.5734906374269797,3.4667613288606156,6.428035004664271,-0.21789562370390278,8.113504112121236,-0.04593960525765017,-74.35129926227674,0.14951036861664863,39.30515805638148,0.3196625855594684,34.15242138344026,-0.03635708494780777,-0.07717651295166009,-0.00037072,0.12695825446695805,0.00017264,1,1.0
3689,0.07637104719536095,0.3684925561962074,-0.00033195,2.5734906374269797,3.4667613288606156,60.0140303076079,-0.21789562370390278,-2.2618499219066,-0.04593960525765017,-34.26250151254772,0.14951036861664863,59.47792755043235,0.3196625855594684,2.4026563173481086,-0.03635708494780777,-0.0022189276521896173,-0.00037072,0.5110708431392033,0.00017264,1,1.0
3690,0.30578351676909243,0.011067830376899462,-0.00033195,2.5734906374269797,3.4667613288606156,-34.67132632193226,-0.21789562370390278,2.067757001321511,-0.04593960525765017,-17.41830201926306,0.14951036861664863,-11.112752963714913,0.3196625855594684,35.76917541617672,-0.03635708494780777,-0.01953980709800014,-0.00037072,0.01938598158140035,0.00017264,1,1.0
3691,0.0761243193016782,0.0015484249531547713,-0.00033195,2.5734906374269797,3.4667613288606156,5.098247891273326,-0.21789562370390278,1.5248181947927129,-0.04593960525765017,-1e-20,0.14951036861664863,-17.675083776315727,0.3196625855594684,2.037651533719733,-0.03635708494780777,-0.022185081973910455,-0.00037072,0.022176564258280747,0.00017264,1,1.0
3692,0.258539358469281,0.015048361813596138,-0.00033195,2.5734906374269797,3.4667613288606156,-91.69254399309926,-0.21789562370390278,-0.7970409965480405,-0.04593960525765017,-58.09596602720348,0.14951036861664863,70.85331479219002,0.3196625855594684,74.19209710700834,-0.03635708494780777,-0.030339777189182043,-0.00037072,0.03192193056384992,0.00017264,1,1.0
3693,0.6441517831593987,0.7190129618336412,-0.00033195,2.5734906374269797,3.4667613288606156,9.816440484952809,-0.21789562370390278,-2.529110546989887,-0.04593960525765017,-61.21180702815348,0.14951036861664863,50.30293914033307,0.3196625855594684,65.68272385526824,-0.03635708494780777,-0.03983416509832721,-0.00037072,0.6548779375064178,0.00017264,1,1.0
3694,0.000808701195027281,0.1119946529877071,-0.00033195,2.5734906374269797,3.4667613288606156,11.822802092325832,-0.21789562370390278,1.4312490710108623,-0.04593960525765017,-15.166729465121668,0.14951036861664863,38.11640119037897,0.3196625855594684,-3.508185492981655,-0.03635708494780777,0.02200814597553484,-0.00037072,0.20311082286563958,0.00017264,0,1.0
3695,0.45507246549460534,0.1312861456619903,-0.00033195,2.5734906374269797,3.4667613288606156,31.908567131595948,-0.21789562370390278,13.774249984540841,-0.04593960525765017,-68.0377781316529,0.14951036861664863,-67.91988970829615,0.3196625855594684,50.61247249164678,-0.03635708494780777,-0.2401563477500314,-0.00037072,0.24979981727074332,0.00017264,1,1.0
3696,0.324511395247147,0.013771069651831162,-0.00033195,2.5734906374269797,3.4667613288606156,-55.05794756355287,-0.21789562370390278,5.989552797876684,-0.04593960525765017,-67.38188895584564,0.14951036861664863,27.8677895299683,0.3196625855594684,67.93126501877619,-0.03635708494780777,-0.06733908728755746,-0.00037072,0.06728808792796105,0.00017264,1,1.0
3697,0.6627651401046197,0.46422506224176974,-0.00033195,2.5734906374269797,3.4667613288606156,-37.28596739370631,-0.21789562370390278,22.015199120918776,-0.04593960525765017,-56.44882171171796,0.14951036861664863,-70.21414360879683,0.3196625855594684,53.54684301675256,-0.03635708494780777,-0.37148469488383196,-0.00037072,0.37020416538207157,0.00017264,1,1.0
3698,0.0920159479902779,0.2330457652361551,-0.00033195,2.5734906374269797,3.4667613288606156,-74.16084731337851,-0.21789562370390278,11.832717012724347,-0.04593960525765017,-79.88757329461032,0.14951036861664863,75.67534748324248,0.3196625855594684,51.91789773401493,-0.03635708494780777,-0.2775080229441989,-0.00037072,0.28194350730630485,0.00017264,1,1.0
3699,0.0016406782340654402,0.13595264436492194,-0.00033195,2.5734906374269797,3.4667613288606156,100.0,-0.21789562370390278,15.3563835676833,-0.04593960525765017,-84.15075421720594,0.14951036861664863,33.99749304949822,0.3196625855594684,-3.4160438935593582,-0.03635708494780777,0.1801975587890482,-0.00037072,0.27470727866407957,0.00017264,0,1.0
3700,0.0017865303497856463,0.02149277243572443,-0.00033195,1.9036383948009792,6.5219724594075945,8.813345225765852,-0.21789562370390278,-1.6524693502804624,-0.04593960525765017,-47.28249773160926,0.14951036861664863,0.49941782764307235,0.3196625855594684,24.969467224328103,-0.03635708494780777,-0.020773317249855514,-0.00037072,0.05229023674483331,0.00017264,1,1.0
3701,0.001737879040196481,0.037855301222680396,-0.00033195,1.9036383948009792,6.5219724594075945,50.67106627853413,-0.21789562370390278,1.2508152915382815,-0.04593960525765017,-53.61828530641597,0.14951036861664863,84.43812927903232,0.3196625855594684,6.566632300573074,-0.03635708494780777,-0.003952876742451983,-0.00037072,0.07189455894903175,0.00017264,1,1.0
3702,0.00044118698652406696,0.03596306813793596,-0.00033195,1.9036383948009792,6.5219724594075945,70.86361915290553,-0.21789562370390278,26.567411806603218,-0.04593960525765017,-44.45804593385386,0.14951036861664863,95.52876839740753,0.3196625855594684,-31.263157405740557,-0.03635708494780777,-0.004280986742275637,-0.00037072,0.06115905362301386,0.00017264,1,1.0
3703,0.0017153901436991192,0.0326237274391737,-0.00033195,1.9036383948009792,6.5219724594075945,70.17015182644474,-0.21789562370390278,21.00778831913535,-0.04593960525765017,-58.92646871473336,0.14951036861664863,-35.87832736084315,0.3196625855594684,-6.45546114650324,-0.03635708494780777,-0.0007204730714875651,-0.00037072,0.06518343205189679,0.00017264,1,1.0
3704,0.0008541888210867876,0.00257830725851003,-0.00033195,1.9036383948009792,6.5219724594075945,-3.7077020825205174,-0.21789562370390278,8.718935817610637,-0.04593960525765017,-17.951580332784157,0.14951036861664863,63.364633271306786,0.3196625855594684,-3.3371976557401655,-0.03635708494780777,-0.020243374317143417,-0.00037072,0.020289235536596117,0.00017264,1,1.0
3705,-8.312545812308447e-06,0.010588868718716492,-0.00033195,1.9036383948009792,6.5219724594075945,7.0978992593061525,-0.21789562370390278,17.25105778203698,-0.04593960525765017,-31.15940828062638,0.14951036861664863,68.0463177327254,0.3196625855594684,-8.560237702500375,-0.03635708494780777,-0.028582502882325,-0.00037072,0.03561443799934533,0.00017264,1,1.0
3706,0.1515007694379875,0.06231687215254456,-0.00033195,1.9036383948009792,6.5219724594075945,61.277527118535026,-0.21789562370390278,31.008669322077512,-0.04593960525765017,-99.67685291820382,0.14951036861664863,-66.54966257263729,0.3196625855594684,32.788938988597266,-0.03635708494780777,0.019087147626006953,-0.00037072,0.10933597327619364,0.00017264,0,1.0
3707,-9.5520228023116e-06,0.023723567734031864,-0.00033195,1.9036383948009792,6.5219724594075945,22.045392744183445,-0.21789562370390278,34.39621957872847,-0.04593960525765017,-71.81966537368815,0.14951036861664863,-56.648951939168164,0.3196625855594684,1.8607908384585792,-0.03635708494780777,-0.039105409808563335,-0.00037072,0.05787375764774874,0.00017264,1,1.0
3708,0.14696227489806055,0.0014190845274206628,-0.00033195,1.9036383948009792,6.5219724594075945,-94.68993247160216,-0.21789562370390278,1.7292783971473595,-0.04593960525765017,-35.9114271528001,0.14951036861664863,-14.586155034975878,0.3196625855594684,67.73115159637284,-0.03635708494780777,-0.005472674942155759,-0.00037072,0.00545981229370601,0.00017264,1,1.0
3709,0.024163005864422188,0.0003290053715933286,-0.00033195,1.9036383948009792,6.5219724594075945,-25.820263314363835,-0.21789562370390278,-2.162578200936168,-0.04593960525765017,-12.760101539421255,0.14951036861664863,84.29305571739212,0.3196625855594684,13.084728727756337,-0.03635708494780777,-0.008932989594330826,-0.00037072,0.008926081979260956,0.00017264,1,1.0
3710,0.09298006753835086,0.0076012459013843755,-0.00033195,1.9036383948009792,6.5219724594075945,-71.3332543699667,-0.21789562370390278,-13.305525750454038,-0.04593960525765017,-14.912593746266023,0.14951036861664863,-10.390212504934844,0.3196625855594684,56.781939245741405,-0.03635708494780777,-0.027798253838408615,-0.00037072,0.02786379956225927,0.00017264,1,1.0
3711,0.06289166031406673,0.0720566331372631,-0.00033195,1.9036383948009792,6.5219724594075945,55.31970571344701,-0.21789562370390278,49.07961377589393,-0.04593960525765017,-18.100682907464662,0.14951036861664863,-49.221219394358364,0.3196625855594684,-42.89382165205813,-0.03635708494780777,-0.07022170804203101,-0.00037072,0.10329582137974097,0.00017264,1,1.0
3712,0.00021562547757433305,0.00902283474192059,-0.00033195,1.9036383948009792,6.5219724594075945,8.981649158284235,-0.21789562370390278,2.1045450654939124,-0.04593960525765017,-24.271144557706833,0.14951036861664863,25.599868754700804,0.3196625855594684,6.3109645943171335,-0.03635708494780777,-0.0016885911846615462,-0.00037072,0.019294202335181407,0.00017264,1,1.0
3713,0.01134665934734369,0.0193417837799287,-0.00033195,1.9036383948009792,6.5219724594075945,-72.7111270325077,-0.21789562370390278,-13.535750557442837,-0.04593960525765017,-85.56299948625401,0.14951036861664863,57.71806887729141,0.3196625855594684,77.70236484924452,-0.03635708494780777,-0.05116359608648019,-0.00037072,0.05206254517085625,0.00017264,1,1.0
3714,0.005020094046896323,0.001024532343960577,-0.00033195,1.9036383948009792,6.5219724594075945,-20.059581621231292,-0.21789562370390278,9.52069516130287,-0.04593960525765017,-51.067441683933254,0.14951036861664863,-48.44857700151123,0.3196625855594684,28.25676295964961,-0.03635708494780777,-0.018990934502468422,-0.00037072,0.01902171746572396,0.00017264,1,1.0
3715,0.1263418454072845,0.013109772706369222,-0.00033195,1.9036383948009792,6.5219724594075945,-84.10675715627681,-0.21789562370390278,29.765070361659966,-0.04593960525765017,-88.21275062678893,0.14951036861664863,6.703354861621134,0.3196625855594684,59.296119223158804,-0.03635708494780777,-0.04833747123016499,-0.00037072,0.04843269174514754,0.00017264,1,1.0
3716,2.4864473288921385e-05,0.004815036100578975,-0.00033195,1.9036383948009792,6.5219724594075945,6.024547024218364,-0.21789562370390278,4.650115504006272,-0.04593960525765017,-18.41200856234566,0.14951036861664863,5.575269510976008,0.3196625855594684,2.996913640082847,-0.03635708494780777,-0.0016563963359378904,-0.00037072,0.011149511052726511,0.00017264,1,1.0
3717,0.07998252485789695,0.00027513304696233647,-0.00033195,1.9036383948009792,6.5219724594075945,-65.37657430560375,-0.21789562370390278,3.881700075899266,-0.04593960525765017,-46.11345723843078,0.14951036861664863,29.354358950777115,0.3196625855594684,49.0312501397677,-0.03635708494780777,-0.003466106593687436,-0.00037072,0.0034697925083917907,0.00017264,1,1.0
3718,0.0005044680505528476,0.014814797525420625,-0.00033195,1.9036383948009792,6.5219724594075945,9.716950856200988,-0.21789562370390278,18.39816718844174,-0.04593960525765017,-73.53870710292988,0.14951036861664863,3.7745887244551932,0.3196625855594684,17.81347122889656,-0.03635708494780777,-0.01272949452731889,-0.00037072,0.03893600423260411,0.00017264,1,1.0
3719,0.000737745200445783,0.01882292808551034,-0.00033195,1.9036383948009792,6.5219724594075945,13.894751932132193,-0.21789562370390278,25.871787287689894,-0.04593960525765017,-49.46898787661412,0.14951036861664863,51.65514986723975,0.3196625855594684,-7.993738622037968,-0.03635708494780777,-0.035455583560196784,-0.00037072,0.048590726150248016,0.00017264,1,1.0
3720,0.08066476018348478,0.030435258073548688,-0.00033195,1.9036383948009792,6.5219724594075945,-24.8594305407043,-0.21789562370390278,39.397413269338585,-0.04593960525765017,-51.77781065080128,0.14951036861664863,-83.79793007883319,0.3196625855594684,13.541514450362598,-0.03635708494780777,-0.06805436130976453,-0.00037072,0.06791664038135331,0.00017264,1,1.0
3721,0.20643008385679046,0.025200379239380365,-0.00033195,1.9036383948009792,6.5219724594075945,-81.23885547772421,-0.21789562370390278,30.145878577427066,-0.04593960525765017,-90.2860744992598,0.14951036861664863,-47.15524724167479,0.3196625855594684,75.67567782384657,-0.03635708494780777,-0.019222591023146045,-0.00037072,0.05357838850287102,0.00017264,1,1.0
3722,0.05101487506005309,0.0020337430630869065,-0.00033195,1.9036383948009792,6.5219724594075945,-73.76994632623708,-0.21789562370390278,2.4806850227352326,-0.04593960525765017,-82.62376425582605,0.14951036861664863,36.286221809828355,0.3196625855594684,67.66341941847091,-0.03635708494780777,-0.018005528320251984,-0.00037072,0.018016291418892105,0.00017264,1,1.0
3723,0.06447731049065011,0.00013625468334936658,-0.00033195,1.9036383948009792,6.5219724594075945,-40.94354350791384,-0.21789562370390278,4.753995947565045,-0.04593960525765017,-25.553119525635797,0.14951036861664863,-53.727106304084955,0.3196625855594684,34.65032483538387,-0.03635708494780777,-0.0060620650938466875,-0.00037072,0.006062242585570919,0.00017264,1,1.0
3724,0.007878235725161442,0.0019863436698559804,-0.00033195,1.9036383948009792,6.5219724594075945,-2.6827723155420764,-0.21789562370390278,12.05055518291837,-0.04593960525765017,-23.668699538350666,0.14951036861664863,-42.87888695834152,0.3196625855594684,5.887855161636284,-0.03635708494780777,-0.017998101511560543,-0.00037072,0.018088661023796884,0.00017264,1,1.0
3725,0.3856190884630204,0.08744842622356401,-0.00033195,1.9036383948009792,6.5219724594075945,-15.590334170419728,-0.21789562370390278,31.05301032052965,-0.04593960525765017,-91.73960519107695,0.14951036861664863,10.041123226111084,0.3196625855594684,79.01533819649322,-0.03635708494780777,0.06829804870407985,-0.00037072,0.09407031454568798,0.00017264,0,1.0
3726,0.14967355918331482,0.05865341140537915,-0.00033195,1.9036383948009792,6.5219724594075945,50.392589524408,-0.21789562370390278,24.447362995991025,-0.04593960525765017,-86.43028050550421,0.14951036861664863,-88.10792364747947,0.3196625855594684,36.98153169218839,-0.03635708494780777,0.013611964952398907,-0.00037072,0.10433147295685674,0.00017264,0,1.0
3727,2.1740827432253917e-05,0.011876303127547047,-0.00033195,1.9036383948009792,6.5219724594075945,0.1986467253653046,-0.21789562370390278,19.240218671394697,-0.04593960525765017,-78.74237639060021,0.14951036861664863,-37.944094200960265,0.3196625855594684,25.84361619580463,-0.03635708494780777,-0.020796191680873564,-0.00037072,0.03957772682945,0.00017264,1,1.0
3728,0.00012501675869601436,0.020167184555448775,-0.00033195,1.9036383948009792,6.5219724594075945,34.68375671330679,-0.21789562370390278,9.423476777013407,-0.04593960525765017,-41.96749231661979,0.14951036861664863,72.32989722805591,0.3196625855594684,-2.8345408196302273,-0.03635708494780777,0.008881387080043004,-0.00037072,0.032449785389154925,0.00017264,0,1.0
3729,0.0007789804927934296,0.027503538005908077,-0.00033195,1.9036383948009792,6.5219724594075945,26.553803752174954,-0.21789562370390278,34.36791797053781,-0.04593960525765017,-44.80122370477165,0.14951036861664863,-28.102364329698617,0.3196625855594684,-16.233113980139137,-0.03635708494780777,-0.05028563980742992,-0.00037072,0.061193996937912096,0.00017264,1,1.0
3730,0.10560252147053774,0.0007350425692468705,-0.00033195,1.9036383948009792,6.5219724594075945,-92.36354245485039,-0.21789562370390278,11.64774825226826,-0.04593960525765017,-83.21165367326839,0.14951036861664863,44.9219291961671,0.3196625855594684,71.29617822976223,-0.03635708494780777,-0.013791786369773996,-0.00037072,0.013833195591647921,0.00017264,1,1.0
3731,0.004117597280558199,0.00034620965829857417,-0.00033195,1.9036383948009792,6.5219724594075945,-17.627590704442632,-0.21789562370390278,-4.376979641405892,-0.04593960525765017,-11.46690561766417,0.14951036861664863,96.21756011389654,0.3196625855594684,8.346210326190597,-0.03635708494780777,-0.008400807842717432,-0.00037072,0.008412502731351483,0.00017264,1,1.0
3732,0.015162079929424973,0.01883609029088252,-0.00033195,1.9036383948009792,6.5219724594075945,3.792952491146389,-0.21789562370390278,2.986645470578388,-0.04593960525765017,-54.41529482619589,0.14951036861664863,21.84826264323197,0.3196625855594684,25.712933336827223,-0.03635708494780777,-0.010512336328757518,-0.00037072,0.04342287368079117,0.00017264,1,1.0
3733,0.027209321174253315,0.021669421522337612,-0.00033195,1.9036383948009792,6.5219724594075945,-16.945166300556647,-0.21789562370390278,33.36101902462116,-0.04593960525765017,-79.39884911670111,0.14951036861664863,40.545427580385095,0.3196625855594684,14.114099361503486,-0.03635708494780777,-0.05036880040404346,-0.00037072,0.05684546694267459,0.00017264,1,1.0
3734,0.0007589681571302243,0.026984575041363146,-0.00033195,1.9036383948009792,6.5219724594075945,25.787093569073324,-0.21789562370390278,16.04157876141836,-0.04593960525765017,-94.2146412918754,0.14951036861664863,68.10909353060833,0.3196625855594684,21.555610857571786,-0.03635708494780777,-0.003696464332944103,-0.00037072,0.0567161487833063,0.00017264,1,1.0
3735,6.363548052473744e-05,0.021699397791255213,-0.00033195,1.9036383948009792,6.5219724594075945,50.96267045532796,-0.21789562370390278,15.74583300892527,-0.04593960525765017,-34.50772813314979,0.14951036861664863,-15.578488989966672,0.3196625855594684,-10.714200749950376,-0.03635708494780777,0.001184892661001507,-0.00037072,0.04113958103432917,0.00017264,0,1.0
3736,0.1510098600627738,0.0014581946689587377,-0.00033195,1.9036383948009792,6.5219724594075945,-89.75388724339062,-0.21789562370390278,1.5031491936506791,-0.04593960525765017,-25.527592558672815,0.14951036861664863,-43.272441564594565,0.3196625855594684,63.935807213067356,-0.03635708494780777,-0.005544539171583824,-0.00037072,0.005544044445673554,0.00017264,1,1.0
3737,0.029068953549228227,0.0020135271954181463,-0.00033195,1.9036383948009792,6.5219724594075945,-17.305312017898277,-0.21789562370390278,14.900003511642648,-0.04593960525765017,-38.45793868683496,0.14951036861664863,-91.21277943125027,0.3196625855594684,22.27714364344346,-0.03635708494780777,-0.02170645979985869,-0.00037072,0.021746091140686603,0.00017264,1,1.0
3738,0.03747960176844743,0.0013380248007312857,-0.00033195,1.9036383948009792,6.5219724594075945,-54.004523596928564,-0.21789562370390278,15.232972764558443,-0.04593960525765017,-87.68108883161207,0.14951036861664863,1.7202301246308693,0.3196625855594684,52.50566568472313,-0.03635708494780777,-0.02172897875541616,-0.00037072,0.02178046871501021,0.00017264,1,1.0
3739,0.13266775238791145,0.0022114761216681295,-0.00033195,1.9036383948009792,6.5219724594075945,-75.32868097217582,-0.21789562370390278,-4.187347659718426,-0.04593960525765017,-5.2057035616786775,0.14951036861664863,-23.668897901180575,0.3196625855594684,50.34223563160377,-0.03635708494780777,-0.011143937486325466,-0.00037072,0.01124062433890486,0.00017264,1,1.0
3740,0.027861169510936173,0.02963277441111946,-0.00033195,1.9036383948009792,6.5219724594075945,71.35507822633929,-0.21789562370390278,21.000981242416653,-0.04593960525765017,-14.706454017509348,0.14951036861664863,-58.95972351941869,0.3196625855594684,-24.84436459243228,-0.03635708494780777,0.0044595577843059946,-0.00037072,0.05020019822126186,0.00017264,0,1.0
3741,0.001066257627394207,0.05623463176509812,-0.00033195,1.9036383948009792,6.5219724594075945,68.67246900778335,-0.21789562370390278,46.411814344527734,-0.04593960525765017,-24.721354236846967,0.14951036861664863,-80.91104086818291,0.3196625855594684,-47.003998861454825,-0.03635708494780777,-0.06588322995549159,-0.00037072,0.08859556273285513,0.00017264,1,1.0
3742,0.002872947946445853,0.054641881781189006,-0.00033195,1.9036383948009792,6.5219724594075945,94.13862663083897,-0.21789562370390278,36.28163534713568,-0.04593960525765017,-26.921061914799964,0.14951036861664863,96.57160435050564,0.3196625855594684,-57.055825856179204,-0.03635708494780777,-0.026573508316707496,-0.00037072,0.08610206586091274,0.00017264,1,1.0
3743,3.652013410956889e-05,0.011815629051970084,-0.00033195,1.9036383948009792,6.5219724594075945,6.519569660013951,-0.21789562370390278,21.310660450490865,-0.04593960525765017,-68.73488766755088,0.14951036861664863,-55.884778786529836,0.3196625855594684,18.002068928117897,-0.03635708494780777,-0.022545868355227976,-0.00037072,0.039241731679165295,0.00017264,1,1.0
3744,0.0029041357361690168,0.024314113064065966,-0.00033195,1.9036383948009792,6.5219724594075945,38.42299438180117,-0.21789562370390278,19.769906476354507,-0.04593960525765017,-55.86619950132533,0.14951036861664863,97.48665839272212,0.3196625855594684,-8.695098034101777,-0.03635708494780777,-0.00022051233129280479,-0.00037072,0.04375337005162727,0.00017264,1,1.0
3745,0.05019714183817124,0.0006067549786583962,-0.00033195,1.9036383948009792,6.5219724594075945,-40.64962582776497,-0.21789562370390278,10.433165440366146,-0.04593960525765017,-49.72702771960209,0.14951036861664863,-73.5678982549605,0.3196625855594684,41.28956537441777,-0.03635708494780777,-0.01666960623810136,-0.00037072,0.016669260949105896,0.00017264,1,1.0
3746,0.03748534755882299,0.012163499962108935,-0.00033195,1.9036383948009792,6.5219724594075945,-24.65928733676524,-0.21789562370390278,21.310917090873563,-0.04593960525765017,-44.480285591208904,0.14951036861664863,84.15191675276665,0.3196625855594684,7.759268985331056,-0.03635708494780777,-0.043955865349441195,-0.00037072,0.04426704512601827,0.00017264,1,1.0
3747,0.00011350874149761159,0.026868221027448572,-0.00033195,1.9036383948009792,6.5219724594075945,42.40154893520904,-0.21789562370390278,9.121925084128176,-0.04593960525765017,-53.74536380612452,0.14951036861664863,-19.63394767621886,0.3196625855594684,9.264639694000838,-0.03635708494780777,-0.00841434838308524,-0.00037072,0.05878777268679002,0.00017264,1,1.0
3748,0.06000713294478888,0.012904800385919913,-0.00033195,1.9036383948009792,6.5219724594075945,-30.17042468818288,-0.21789562370390278,-9.476441470595868,-0.04593960525765017,-13.151907316940925,0.14951036861664863,40.61242009821017,0.3196625855594684,31.04364619545,-0.03635708494780777,-0.014628351659156819,-0.00037072,0.031290629462834084,0.00017264,1,1.0
3749,0.08735485682469601,0.0002528689416583233,-0.00033195,1.9036383948009792,6.5219724594075945,-79.29229055286564,-0.21789562370390278,7.1892550924817415,-0.04593960525765017,-69.33085455493826,0.14951036861664863,32.531287874794465,0.3196625855594684,62.96411465345113,-0.03635708494780777,-0.007170938113563115,-0.00037072,0.0071787087739317084,0.00017264,1,1.0
3750,0.00044857828355818197,0.013969896941514043,-0.00033195,1.9036383948009792,6.5219724594075945,16.505277928678044,-0.21789562370390278,20.476621593326584,-0.04593960525765017,-28.3439365902066,0.14951036861664863,37.32809173919133,0.3196625855594684,-13.455455884559226,-0.03635708494780777,-0.03119213583510635,-0.00037072,0.040726951613585805,0.00017264,1,1.0
3751,0.0556352748399246,0.0011851520631699667,-0.00033195,1.9036383948009792,6.5219724594075945,-60.40289033220265,-0.21789562370390278,-2.726026775749375,-0.04593960525765017,-43.77904473254034,0.14951036861664863,75.73705810080256,0.3196625855594684,45.662959217582774,-0.03635708494780777,-0.007448889322100169,-0.00037072,0.007668994328415619,0.00017264,1,1.0
3752,0.00013561189951522,0.010883097296169982,-0.00033195,1.9036383948009792,6.5219724594075945,-14.079680229036814,-0.21789562370390278,17.08376949434185,-0.04593960525765017,-90.72931179524191,0.14951036861664863,81.29201415551509,0.3196625855594684,28.729660270459743,-0.03635708494780777,-0.012539275118038574,-0.00037072,0.03133962790587868,0.00017264,1,1.0
3753,0.0006209040413321515,0.03172954232073329,-0.00033195,1.9036383948009792,6.5219724594075945,74.45668418400373,-0.21789562370390278,12.149982623630079,-0.04593960525765017,-32.578403161349335,0.14951036861664863,67.83062338542021,0.3196625855594684,-21.551871681518932,-0.03635708494780777,0.018202472126139,-0.00037072,0.04806145099002049,0.00017264,0,1.0
3754,0.12164714152892943,0.002167881448459368,-0.00033195,1.9036383948009792,6.5219724594075945,-88.28449115318739,-0.21789562370390278,12.964424206926093,-0.04593960525765017,-65.85487203975481,0.14951036861664863,30.928504079738733,0.3196625855594684,62.97112343610055,-0.03635708494780777,-0.02025008660141324,-0.00037072,0.020374303477319167,0.00017264,1,1.0
3755,0.03701564313035847,0.04076251546387846,-0.00033195,1.9036383948009792,6.5219724594075945,46.30678141921923,-0.21789562370390278,-7.8984836475230455,-0.04593960525765017,-12.572292976905434,0.14951036861664863,80.12823494978527,0.3196625855594684,0.6838125242620017,-0.03635708494780777,-0.004146194674764604,-0.00037072,0.07190682561155787,0.00017264,1,1.0
3756,0.08771614512312818,0.0013292639225163498,-0.00033195,1.9036383948009792,6.5219724594075945,-53.48493601545091,-0.21789562370390278,-3.373274819709069,-0.04593960525765017,-10.20110076905458,0.14951036861664863,-42.28958707299361,0.3196625855594684,40.80966449824544,-0.03635708494780777,-0.008545307963068429,-0.00037072,0.008549226621922881,0.00017264,1,1.0
3757,0.17155594480340255,0.015379936935300645,-0.00033195,1.9036383948009792,6.5219724594075945,-94.31001113800767,-0.21789562370390278,18.740501837325795,-0.04593960525765017,-39.768065443431205,0.14951036861664863,81.1672459771297,0.3196625855594684,47.96571168049735,-0.03635708494780777,-0.05299057312894169,-0.00037072,0.05304892126380488,0.00017264,1,1.0
3758,0.01658608900723836,0.002819930883287189,-0.00033195,1.9036383948009792,6.5219724594075945,0.041089121475433504,-0.21789562370390278,14.605382399198133,-0.04593960525765017,-19.398827676241932,0.14951036861664863,-91.38416245458896,0.3196625855594684,5.503582836491906,-0.03635708494780777,-0.021867846599855335,-0.00037072,0.021884833241553908,0.00017264,1,1.0
3759,0.14289578869041153,0.026457680361615277,-0.00033195,1.9036383948009792,6.5219724594075945,-73.26389776271559,-0.21789562370390278,29.56058646511323,-0.04593960525765017,-51.084778513245986,0.14951036861664863,67.70418453082736,0.3196625855594684,33.79838501386379,-0.03635708494780777,-0.06682116186291277,-0.00037072,0.06704805779260618,0.00017264,1,1.0
3760,0.00039090818019138496,0.031077826342462738,-0.00033195,1.9036383948009792,6.5219724594075945,50.95285453010607,-0.21789562370390278,25.90589707020572,-0.04593960525765017,-87.81485951739442,0.14951036861664863,-54.92774618421495,0.3196625855594684,10.947698078763265,-0.03635708494780777,-0.013034831803362974,-0.00037072,0.07022047963819594,0.00017264,1,1.0
3761,0.11336528318767322,0.037482860275968956,-0.00033195,1.9036383948009792,6.5219724594075945,-7.16150908223982,-0.21789562370390278,36.67377244811244,-0.04593960525765017,-64.66596830185523,0.14951036861664863,-14.042556383035363,0.3196625855594684,17.40567580033897,-0.03635708494780777,-0.03335460198573163,-0.00037072,0.07155440611470612,0.00017264,1,1.0
3762,0.027667627116542276,0.02019881587284604,-0.00033195,1.9036383948009792,6.5219724594075945,-65.96469955423566,-0.21789562370390278,-19.251577663637786,-0.04593960525765017,-49.41968747199926,0.14951036861664863,37.86977163726247,0.3196625855594684,66.2297518054759,-0.03635708494780777,-0.0510642432162164,-0.00037072,0.05156112291731284,0.00017264,1,1.0
3763,1.7941095521251116e-05,0.01250823490428855,-0.00033195,1.9036383948009792,6.5219724594075945,32.527051116713444,-0.21789562370390278,13.33722765868372,-0.04593960525765017,-15.191535905214158,0.14951036861664863,-7.676904290953202,0.3196625855594684,-14.102103512310345,-0.03635708494780777,-0.006733521590247257,-0.00037072,0.027649040163545347,0.00017264,1,1.0
3764,0.0007471243239186576,0.03213015660747387,-0.00033195,1.9036383948009792,6.5219724594075945,0.9315347324409695,-0.21789562370390278,43.08856903625796,-0.04593960525765017,-88.28649107449823,0.14951036861664863,-21.089440991200714,0.3196625855594684,4.977391769104444,-0.03635708494780777,-0.06629243793335424,-0.00037072,0.06962024969071598,0.00017264,1,1.0
3765,0.0014816475921050273,0.0494606703256142,-0.00033195,1.9036383948009792,6.5219724594075945,40.713420134836326,-0.21789562370390278,6.864951894708317,-0.04593960525765017,-99.93936866257432,0.14951036861664863,-17.17717647832844,0.3196625855594684,37.02325540101347,-0.03635708494780777,-0.028672027500319053,-0.00037072,0.10210275630796747,0.00017264,1,1.0
3766,0.25413181726027595,0.08072111678832504,-0.00033195,1.9036383948009792,6.5219724594075945,-86.65692184001546,-0.21789562370390278,53.03241812697731,-0.04593960525765017,-86.84488027748377,0.14951036861664863,60.77568327038437,0.3196625855594684,50.02513353630742,-0.03635708494780777,-0.0854842265437276,-0.00037072,0.11651049561426462,0.00017264,1,1.0
3767,0.017745427903752817,0.006644050766469502,-0.00033195,1.9036383948009792,6.5219724594075945,-23.655481293949656,-0.21789562370390278,20.570972907532827,-0.04593960525765017,-60.98467870656506,0.14951036861664863,41.45629609244464,0.3196625855594684,17.73023056608976,-0.03635708494780777,-0.03300318648990892,-0.00037072,0.033041951477759235,0.00017264,1,1.0
3768,0.2631134257002036,0.06495726603776861,-0.00033195,1.9036383948009792,6.5219724594075945,9.089909772723871,-0.21789562370390278,10.141275075016157,-0.04593960525765017,-21.01994352395604,0.14951036861664863,48.311575964087936,0.3196625855594684,33.77968189076348,-0.03635708494780777,0.04862915429661963,-0.00037072,0.06954497937701297,0.00017264,0,1.0
3769,0.06171354632810684,0.01756861097451208,-0.00033195,1.9036383948009792,6.5219724594075945,-29.48652379326605,-0.21789562370390278,25.960932249936658,-0.04593960525765017,-88.63845341503016,0.14951036861664863,60.58724936068983,0.3196625855594684,33.7871053153656,-0.03635708494780777,-0.022999916717840144,-0.00037072,0.045324444633797506,0.00017264,1,1.0
3770,0.20825961709130567,0.03694159726932468,-0.00033195,1.9036383948009792,6.5219724594075945,-28.85702242308471,-0.21789562370390278,3.2216406345990953,-0.04593960525765017,-12.696497946553766,0.14951036861664863,-42.25870410157975,0.3196625855594684,46.45005576483803,-0.03635708494780777,0.019567529487941073,-0.00037072,0.04509732452581029,0.00017264,0,1.0
3771,0.23375750526832986,0.03919552196922763,-0.00033195,1.9036383948009792,6.5219724594075945,-76.2200480382992,-0.21789562370390278,-9.691069138740085,-0.04593960525765017,-14.572866721627175,0.14951036861664863,31.994313771492,0.3196625855594684,71.85648991894648,-0.03635708494780777,-0.004074449658545937,-0.00037072,0.056285207231924,0.00017264,1,1.0
3772,0.149607992224898,0.07133519079373649,-0.00033195,1.9036383948009792,6.5219724594075945,-57.00904253980821,-0.21789562370390278,50.713449370228695,-0.04593960525765017,-59.69667501629553,0.14951036861664863,31.80862394066907,0.3196625855594684,16.06248594392169,-0.03635708494780777,-0.1062085140537562,-0.00037072,0.10613548209100454,0.00017264,1,1.0
3773,0.1434999345517337,0.05047427978677761,-0.00033195,1.9036383948009792,6.5219724594075945,49.85619785844593,-0.21789562370390278,27.94490830587848,-0.04593960525765017,-64.17717474128948,0.14951036861664863,-63.90924983295318,0.3196625855594684,18.584379761049405,-0.03635708494780777,0.022173806780932965,-0.00037072,0.07995730940324088,0.00017264,0,1.0
3774,0.11383578091351032,0.04939163635455336,-0.00033195,1.9036383948009792,6.5219724594075945,-54.15016248339683,-0.21789562370390278,50.38491470690075,-0.04593960525765017,-89.73251730411504,0.14951036861664863,-26.724674529533427,0.3196625855594684,31.303398477478847,-0.03635708494780777,-0.0883013717812382,-0.00037072,0.08831594828718958,0.00017264,1,1.0
3775,0.0822057837290384,0.00023318356558990635,-0.00033195,1.9036383948009792,6.5219724594075945,-47.09231913611526,-0.21789562370390278,6.051151432742091,-0.04593960525765017,-25.402918277333082,0.14951036861664863,-90.38421238802758,0.3196625855594684,40.67383087791552,-0.03635708494780777,-0.008140001012336948,-0.00037072,0.008152355841970452,0.00017264,1,1.0
3776,0.16888304301117574,0.06816086836573873,-0.00033195,1.9036383948009792,6.5219724594075945,-45.74230338398904,-0.21789562370390278,50.914275957090894,-0.04593960525765017,-33.545590445582356,0.14951036861664863,-97.358214516959,0.3196625855594684,12.11871399253295,-0.03635708494780777,-0.10195649073119768,-0.00037072,0.10223357972407711,0.00017264,1,1.0
3777,0.287858010711729,0.06527040809728764,-0.00033195,1.9036383948009792,6.5219724594075945,0.18651920297349422,-0.21789562370390278,33.0770499382051,-0.04593960525765017,-53.91379874077444,0.14951036861664863,-43.58255436287511,0.3196625855594684,41.81012168433541,-0.03635708494780777,0.029942716615687738,-0.00037072,0.0833506366964652,0.00017264,0,1.0
3778,0.006883192917913478,0.04509765100776136,-0.00033195,1.9036383948009792,6.5219724594075945,-15.389009226889318,-0.21789562370390278,-27.443252722761056,-0.04593960525765017,-4.9026654140995305,0.14951036861664863,-83.96818220375665,0.3196625855594684,43.227754739115596,-0.03635708494780777,-0.06920903759010791,-0.00037072,0.08399526916005945,0.00017264,1,1.0
3779,0.045054558555381125,0.0009794004123348835,-0.00033195,1.9036383948009792,6.5219724594075945,-29.65644115381231,-0.21789562370390278,3.9981669929680677,-0.04593960525765017,-15.186189833545473,0.14951036861664863,47.8073611864865,0.3196625855594684,15.301650153486548,-0.03635708494780777,-0.013986142040625848,-0.00037072,0.014002507726787869,0.00017264,1,1.0
3780,0.05048650523542855,0.014068643806565785,-0.00033195,1.9036383948009792,6.5219724594075945,-0.6964213906884642,-0.21789562370390278,22.483917441183255,-0.04593960525765017,-3.5271058771844794,0.14951036861664863,-57.12284486125566,0.3196625855594684,-8.721872379411984,-0.03635708494780777,-0.04530276313768162,-0.00037072,0.04528256074110414,0.00017264,1,1.0
3781,0.0003810738874136521,0.019114075840764286,-0.00033195,1.9036383948009792,6.5219724594075945,52.05916797636346,-0.21789562370390278,22.11481314225857,-0.04593960525765017,-16.629812568232495,0.14951036861664863,-86.97476068613106,0.3196625855594684,-21.272528062799317,-0.03635708494780777,-0.016027093537340317,-0.00037072,0.042968307921106466,0.00017264,1,1.0
3782,0.0009041598514056004,0.032056506056345135,-0.00033195,1.9036383948009792,6.5219724594075945,70.19968946535215,-0.21789562370390278,20.071005714027752,-0.04593960525765017,-55.80842682445571,0.14951036861664863,-86.197070082627,0.3196625855594684,-3.1382919971038503,-0.03635708494780777,-0.007245087864819727,-0.00037072,0.06916906328291524,0.00017264,1,1.0
3783,0.1448915347880995,0.06695376750516079,-0.00033195,1.9036383948009792,6.5219724594075945,86.13346923854907,-0.21789562370390278,42.68570335137157,-0.04593960525765017,-52.13609632012251,0.14951036861664863,-59.291188315465355,0.3196625855594684,-13.550847544393047,-0.03635708494780777,0.01335717030066444,-0.00037072,0.09956581513594656,0.00017264,0,1.0
3784,0.13771960322880747,0.07064492010856989,-0.00033195,1.9036383948009792,6.5219724594075945,79.55489628418493,-0.21789562370390278,25.432501997872077,-0.04593960525765017,-97.82978315018013,0.14951036861664863,-75.6119898646177,0.3196625855594684,31.0239088641386,-0.03635708494780777,0.013163894463503509,-0.00037072,0.12799275626798107,0.00017264,0,1.0
3785,0.00021669066106970447,0.010217695873971774,-0.00033195,1.9036383948009792,6.5219724594075945,24.01307700966121,-0.21789562370390278,7.572433395390946,-0.04593960525765017,-18.519384633137065,0.14951036861664863,-34.87143736643715,0.3196625855594684,-1.6765451465166894,-0.03635708494780777,-0.0029907977537832007,-0.00037072,0.023061717611146317,0.00017264,1,1.0
3786,0.20200297112893084,0.042700410101121376,-0.00033195,1.9036383948009792,6.5219724594075945,-32.936239192987934,-0.21789562370390278,-1.4958037555059767,-0.04593960525765017,-23.95008806955437,0.14951036861664863,-80.28191671845173,0.3196625855594684,60.75130482827153,-0.03635708494780777,0.001180819121621872,-0.00037072,0.06596112449738367,0.00017264,0,1.0
3787,0.07116723499174482,0.00020261056744632638,-0.00033195,1.9036383948009792,6.5219724594075945,-58.88491103026348,-0.21789562370390278,4.072654565971191,-0.04593960525765017,-43.5244142048007,0.14951036861664863,24.845639820786445,0.3196625855594684,44.64601089594146,-0.03635708494780777,-0.0036998908738682993,-0.00037072,0.003712228207980422,0.00017264,1,1.0
3788,0.1270005371572685,0.007798314044715923,-0.00033195,1.9036383948009792,6.5219724594075945,-99.75331651826501,-0.21789562370390278,-11.942450894568386,-0.04593960525765017,-33.87532973309844,0.14951036861664863,19.0084857970539,0.3196625855594684,76.35424495835883,-0.03635708494780777,-0.025442782327949394,-0.00037072,0.025510483220131025,0.00017264,1,1.0
3789,0.040068051312361214,0.0014906570765255572,-0.00033195,1.9036383948009792,6.5219724594075945,-58.31872646741106,-0.21789562370390278,15.389610659848199,-0.04593960525765017,-89.74873014357617,0.14951036861664863,46.534467258065405,0.3196625855594684,51.36170223500068,-0.03635708494780777,-0.0203657537354262,-0.00037072,0.020300754266126958,0.00017264,1,1.0
3790,0.01976687595914682,0.002651754694302679,-0.00033195,1.9036383948009792,6.5219724594075945,-39.924988393204934,-0.21789562370390278,18.733246135858668,-0.04593960525765017,-88.09337952458401,0.14951036861664863,-29.804859218704483,0.3196625855594684,45.089375774215625,-0.03635708494780777,-0.027979418701134358,-0.00037072,0.028010626173259105,0.00017264,1,1.0
3791,0.2207881486318063,0.032535896730762744,-0.00033195,1.9036383948009792,6.5219724594075945,-76.67837510717023,-0.21789562370390278,24.725211923398543,-0.04593960525765017,-89.56837777607922,0.14951036861664863,63.56375551561897,0.3196625855594684,72.54893814033389,-0.03635708494780777,-0.002002759342229009,-0.00037072,0.05396047633957012,0.00017264,1,1.0
3792,0.0018521679572417876,0.04084244619510018,-0.00033195,1.9036383948009792,6.5219724594075945,-5.141671678129938,-0.21789562370390278,-13.600775672566273,-0.04593960525765017,-58.05306636325304,0.14951036861664863,33.154746320428316,0.3196625855594684,44.341982555588764,-0.03635708494780777,-0.04372583632700265,-0.00037072,0.0809470808374468,0.00017264,1,1.0
3793,0.14687053552932866,0.0619445132980927,-0.00033195,1.9036383948009792,6.5219724594075945,74.55237488592695,-0.21789562370390278,23.389859075498336,-0.04593960525765017,-63.01134449195552,0.14951036861664863,24.65262491361855,0.3196625855594684,8.799332544150912,-0.03635708494780777,0.03948054874228796,-0.00037072,0.09009256889736972,0.00017264,0,1.0
3794,0.1524124756757585,0.011104301413309946,-0.00033195,1.9036383948009792,6.5219724594075945,-76.90890682513856,-0.21789562370390278,18.3310032101981,-0.04593960525765017,-30.984432396288394,0.14951036861664863,6.4738112436365745,0.3196625855594684,42.0210945735947,-0.03635708494780777,-0.04355513407710987,-0.00037072,0.043455485285937734,0.00017264,1,1.0
3795,0.11254263702881333,0.0017920297455434736,-0.00033195,1.9036383948009792,6.5219724594075945,-74.76755351565157,-0.21789562370390278,-0.6663804833815652,-0.04593960525765017,-22.066314696548634,0.14951036861664863,70.05041121777232,0.3196625855594684,44.89118540078214,-0.03635708494780777,-0.016414556937445958,-0.00037072,0.016413695906400794,0.00017264,1,1.0
3796,0.07134177020197313,0.0009765736478419894,-0.00033195,1.9036383948009792,6.5219724594075945,-57.10137960154881,-0.21789562370390278,-1.9125888178113641,-0.04593960525765017,-24.13850821537374,0.14951036861664863,95.87914498799886,0.3196625855594684,33.96395480302491,-0.03635708494780777,-0.01277513464552392,-0.00037072,0.012779401945761184,0.00017264,1,1.0
3797,0.04002222702394905,0.0029327490172414315,-0.00033195,1.9036383948009792,6.5219724594075945,-51.09667832148585,-0.21789562370390278,13.778431542576689,-0.04593960525765017,-86.06161235583768,0.14951036861664863,0.041039202028482796,0.3196625855594684,52.82159059410955,-0.03635708494780777,-0.01865368259985163,-0.00037072,0.02256199227817033,0.00017264,1,1.0
3798,0.28568730906281964,0.052613863738789346,-0.00033195,1.9036383948009792,6.5219724594075945,-53.11553199717248,-0.21789562370390278,6.381553158525218,-0.04593960525765017,-41.67161426705121,0.14951036861664863,-10.559725578720661,0.3196625855594684,74.71787544741264,-0.03635708494780777,0.028913540360103605,-0.00037072,0.060161926299962476,0.00017264,0,1.0
3799,-1.2957813706748755e-05,0.014927787150378605,-0.00033195,1.9036383948009792,6.5219724594075945,3.7346948307389525,-0.21789562370390278,19.993585925234168,-0.04593960525765017,-86.86762909073866,0.14951036861664863,-55.04991856317396,0.3196625855594684,29.86680544427102,-0.03635708494780777,-0.022855763119402427,-0.00037072,0.047049307356978896,0.00017264,1,1.0
3800,1.0148759010251533,0.31707814533017775,-0.00033195,1.6665574929518563,3.485611170112556,52.5750996088477,-0.21789562370390278,32.02737776397467,-0.04593960525765017,-69.61350877080305,0.14951036861664863,-75.94458991372323,0.3196625855594684,34.19802603816846,-0.03635708494780777,0.3507642243901844,-0.00037072,0.8522373037383294,0.00017264,0,1.0
3801,0.04251881118261447,0.19532475192514445,-0.00033195,1.6665574929518563,3.485611170112556,19.256099282165277,-0.21789562370390278,18.15623247322026,-0.04593960525765017,-74.26027651955883,0.14951036861664863,54.31121063963716,0.3196625855594684,12.907253732893718,-0.03635708494780777,0.08823500581467097,-0.00037072,0.39362318047707895,0.00017264,0,1.0
3802,1.2212547961145408,1.2796744540939453,-0.00033195,1.6665574929518563,3.485611170112556,16.106098459316105,-0.21789562370390278,6.291028669014377,-0.04593960525765017,-100.0,0.14951036861664863,81.04128348563233,0.3196625855594684,74.89906969284837,-0.03635708494780777,0.3286890636780928,-0.00037072,1.4098661038896878,0.00017264,0,1.0
3803,0.6833931257792081,0.05971099613679365,-0.00033195,1.6665574929518563,3.485611170112556,-59.4701011938197,-0.21789562370390278,6.916852684704741,-0.04593960525765017,-49.564495894069886,0.14951036861664863,-16.5338880541604,0.3196625855594684,74.26731099319493,-0.03635708494780777,-0.08280748556808012,-0.00037072,0.08368536731372403,0.00017264,1,1.0
3804,0.19603439837513528,0.1590931526936067,-0.00033195,1.6665574929518563,3.485611170112556,7.530206324716778,-0.21789562370390278,9.243802731763482,-0.04593960525765017,-53.682295432811316,0.14951036861664863,29.13343222109866,0.3196625855594684,23.303839487672615,-0.03635708494780777,0.10285590229672831,-0.00037072,0.2995743808816683,0.00017264,0,1.0
3805,-0.8506165517042019,3.1421734984646355,-0.00033195,1.6665574929518563,3.485611170112556,81.56021663837991,-0.21789562370390278,36.380197994813784,-0.04593960525765017,-87.1029110561344,0.14951036861664863,88.40984826327862,0.3196625855594684,-57.98118937950368,-0.03635708494780777,-0.38789451177858314,-0.00037072,0.7692748900687197,0.00017264,1,1.0
3806,0.002045535161054879,0.06939863192538888,-0.00033195,1.6665574929518563,3.485611170112556,82.29522930656533,-0.21789562370390278,17.95305110403928,-0.04593960525765017,-60.5063673995512,0.14951036861664863,68.00517973333305,0.3196625855594684,-26.426045339376234,-0.03635708494780777,0.5217315624407737,-0.00037072,0.6210284273471687,0.00017264,0,1.0
3807,0.5300790895937694,0.05570372786904958,-0.00033195,1.6665574929518563,3.485611170112556,-49.76823967046743,-0.21789562370390278,1.1063639131083192,-0.04593960525765017,-33.02262704331272,0.14951036861664863,-4.81385603662696,0.3196625855594684,58.68522787512444,-0.03635708494780777,-0.056205982244620575,-0.00037072,0.055577830493644315,0.00017264,1,1.0
3808,0.008965739941493606,0.18068109966771692,-0.00033195,1.6665574929518563,3.485611170112556,21.31507249776256,-0.21789562370390278,6.290030784522319,-0.04593960525765017,-33.77217629100196,0.14951036861664863,-2.1648545652790268,0.3196625855594684,7.952108544939183,-0.03635708494780777,-0.09297450391143589,-0.00037072,0.31034098823669887,0.00017264,1,1.0
3809,0.015624946206101775,0.4120294042953262,-0.00033195,1.6665574929518563,3.485611170112556,40.958902726276825,-0.21789562370390278,26.759660063219947,-0.04593960525765017,-67.31672824358255,0.14951036861664863,10.47536842336531,0.3196625855594684,-2.904406264337134,-0.03635708494780777,-0.06561934231742833,-0.00037072,0.5454374932047372,0.00017264,1,1.0
3810,0.9231470387276486,0.6982606828183872,-0.00033195,1.6665574929518563,3.485611170112556,-31.011509014932173,-0.21789562370390278,33.82292287292898,-0.04593960525765017,-91.02488859021929,0.14951036861664863,-39.7160879802829,0.3196625855594684,71.74181801790728,-0.03635708494780777,-0.1971267955818446,-0.00037072,0.6215440592756847,0.00017264,1,1.0
3811,1.4219137110063549,1.3797277543364768,-0.00033195,1.6665574929518563,3.485611170112556,-10.588025591374683,-0.21789562370390278,2.4981929827083715,-0.04593960525765017,-68.15278119567036,0.14951036861664863,47.846517049940196,0.3196625855594684,80.7849882663878,-0.03635708494780777,0.27741595096595556,-0.00037072,1.2393993266621555,0.00017264,0,1.0
3812,0.6363432136981957,0.1709017866789235,-0.00033195,1.6665574929518563,3.485611170112556,80.16893568250492,-0.21789562370390278,33.13090385724207,-0.04593960525765017,-80.78243073723677,0.14951036861664863,-41.01540010852557,0.3196625855594684,11.186898596413576,-0.03635708494780777,0.3433211562100784,-0.00037072,0.9211697049259284,0.00017264,0,1.0
3813,0.2964071984810386,0.01513193929850482,-0.00033195,1.6665574929518563,3.485611170112556,-38.918019977406246,-0.21789562370390278,0.8869532590165066,-0.04593960525765017,-31.162251395397323,0.14951036861664863,22.61553281588793,0.3196625855594684,40.86600334169735,-0.03635708494780777,-0.020382603222764133,-0.00037072,0.020479350274324605,0.00017264,1,1.0
3814,1.1877379188937458,0.45279572308006466,-0.00033195,1.6665574929518563,3.485611170112556,-84.37214591719393,-0.21789562370390278,20.430788707420184,-0.04593960525765017,-49.7176108633087,0.14951036861664863,-72.38274196909191,0.3196625855594684,94.97978143094933,-0.03635708494780777,-0.3362551662574018,-0.00037072,0.33385431919910025,0.00017264,1,1.0
3815,0.7853287976863812,0.2614510037869441,-0.00033195,1.6665574929518563,3.485611170112556,-70.089592001214,-0.21789562370390278,-5.825304711912368,-0.04593960525765017,-16.445709071817035,0.14951036861664863,-22.42748705166588,0.3196625855594684,74.61063085207276,-0.03635708494780777,-0.170680307996128,-0.00037072,0.13762723100654944,0.00017264,1,1.0
3816,0.5636201666298399,0.24735774074400968,-0.00033195,1.6665574929518563,3.485611170112556,59.93295490796962,-0.21789562370390278,20.835774728711144,-0.04593960525765017,-20.335575653303135,0.14951036861664863,-73.54917785090473,0.3196625855594684,-3.7210327475371985,-0.03635708494780777,0.2621110413927387,-0.00037072,0.5776636178988275,0.00017264,0,1.0
3817,0.0006398739072723258,0.15330319109396967,-0.00033195,1.6665574929518563,3.485611170112556,-14.68186154194084,-0.21789562370390278,7.410649769569265,-0.04593960525765017,-25.260741395522867,0.14951036861664863,36.79044995714089,0.3196625855594684,7.739098883069849,-0.03635708494780777,-0.21107371542953274,-0.00037072,0.22669117059552818,0.00017264,1,1.0
3818,0.020361220902383792,0.13391078816206464,-0.00033195,1.6665574929518563,3.485611170112556,10.567491809162812,-0.21789562370390278,12.115763864459181,-0.04593960525765017,-43.13138438510201,0.14951036861664863,-12.188405980257672,0.3196625855594684,14.491669557282158,-0.03635708494780777,-0.17597709512878593,-0.00037072,0.25079273291602544,0.00017264,1,1.0
3819,0.7622658420545921,0.13615517039022726,-0.00033195,1.6665574929518563,3.485611170112556,-67.03523305498292,-0.21789562370390278,-1.3819661446853275,-0.04593960525765017,-26.124014233235194,0.14951036861664863,-13.413808372081093,0.3196625855594684,72.45176673115004,-0.03635708494780777,-0.06613955420746309,-0.00037072,0.08149293036346725,0.00017264,1,1.0
3820,0.27538124778313944,0.19034026401477536,-0.00033195,1.6665574929518563,3.485611170112556,-30.502945088408516,-0.21789562370390278,14.73873076891266,-0.04593960525765017,-50.583856860750466,0.14951036861664863,9.550227315658168,0.3196625855594684,36.81773783875338,-0.03635708494780777,-0.2501555677314083,-0.00037072,0.2567123746045407,0.00017264,1,1.0
3821,0.17355358814337685,2.4326796838089724,-0.00033195,1.6665574929518563,3.485611170112556,-70.56267264622308,-0.21789562370390278,21.551437105954406,-0.04593960525765017,-26.498209290548925,0.14951036861664863,-19.091946658677948,0.3196625855594684,31.633833100033073,-0.03635708494780777,-1.0461258461218246,-0.00037072,0.41515760590452266,0.00017264,1,1.0
3822,0.7094786131519929,0.2919629300293598,-0.00033195,1.6665574929518563,3.485611170112556,36.856903606374004,-0.21789562370390278,23.536671028584074,-0.04593960525765017,-50.135538001089245,0.14951036861664863,-57.99273627458276,0.3196625855594684,24.531653055787842,-0.03635708494780777,0.21586716848016618,-0.00037072,0.6043639437130218,0.00017264,0,1.0
3823,0.04352415899402273,0.03885544111054069,-0.00033195,1.6665574929518563,3.485611170112556,83.17273541760768,-0.21789562370390278,24.154071099750343,-0.04593960525765017,-83.61710510778032,0.14951036861664863,49.292611854928246,0.3196625855594684,-13.028955492884297,-0.03635708494780777,0.38050961442260445,-0.00037072,0.7298577111164989,0.00017264,0,1.0
3824,-0.0016915068226801555,1.561846907826543,-0.00033195,1.6665574929518563,3.485611170112556,-5.641207324193506,-0.21789562370390278,32.47109833653876,-0.04593960525765017,-70.5710486195328,0.14951036861664863,45.40844003538501,0.3196625855594684,4.66187120076555,-0.03635708494780777,-0.600668738515712,-0.00037072,0.7444033474993527,0.00017264,1,1.0
3825,0.6909026252556668,0.9017046498301511,-0.00033195,1.6665574929518563,3.485611170112556,-50.12321379416639,-0.21789562370390278,30.65671268506278,-0.04593960525765017,-93.11620475572552,0.14951036861664863,16.8691288381602,0.3196625855594684,66.74019892550774,-0.03635708494780777,-0.3738691249879665,-0.00037072,0.6258853263350326,0.00017264,1,1.0
3826,0.06981929993317115,0.015161814327023262,-0.00033195,1.6665574929518563,3.485611170112556,-46.86316821068065,-0.21789562370390278,6.090998388642773,-0.04593960525765017,-88.97369251900206,0.14951036861664863,90.98611956765882,0.3196625855594684,57.94194279835705,-0.03635708494780777,-0.0679675696343992,-0.00037072,0.06966707800431057,0.00017264,1,1.0
3827,0.03912798020500663,0.09166561692468791,-0.00033195,1.6665574929518563,3.485611170112556,-30.175883228613166,-0.21789562370390278,-8.52230890569666,-0.04593960525765017,-19.06114961937359,0.14951036861664863,61.09336261922112,0.3196625855594684,24.547371411261025,-0.03635708494780777,-0.1545344971020223,-0.00037072,0.1599454557725735,0.00017264,1,1.0
3828,0.011739248837811661,0.029848444966594823,-0.00033195,1.6665574929518563,3.485611170112556,-8.515899886492464,-0.21789562370390278,6.421469935293447,-0.04593960525765017,-40.24558237822154,0.14951036861664863,16.939423832920802,0.3196625855594684,20.94521141978597,-0.03635708494780777,-0.11114257290345685,-0.00037072,0.11322554828464197,0.00017264,1,1.0
3829,-0.07408945956484247,0.9998720066439815,-0.00033195,1.6665574929518563,3.485611170112556,100.0,-0.21789562370390278,34.110228694548155,-0.04593960525765017,-18.44665984477194,0.14951036861664863,-34.02810652207956,0.3196625855594684,-63.46206804299123,-0.03635708494780777,-0.03480992192684562,-0.00037072,0.8246560279271113,0.00017264,1,1.0
3830,0.9644053437089168,0.36574976640893253,-0.00033195,1.6665574929518563,3.485611170112556,50.28426897177465,-0.21789562370390278,36.37885428149403,-0.04593960525765017,-77.92733210036143,0.14951036861664863,-75.85015346670288,0.3196625855594684,34.38609526667916,-0.03635708494780777,0.27468993185436674,-0.00037072,0.8555259814711615,0.00017264,0,1.0
3831,0.30658473736368774,0.18830202243856203,-0.00033195,1.6665574929518563,3.485611170112556,-34.985339251422936,-0.21789562370390278,1.8213418230288525,-0.04593960525765017,-68.1417469589169,0.14951036861664863,62.424429273177964,0.3196625855594684,56.12845030384252,-0.03635708494780777,-0.013424422029178873,-0.00037072,0.2426009611542449,0.00017264,1,1.0
3832,0.6504712925947942,0.0796354945703481,-0.00033195,1.6665574929518563,3.485611170112556,-42.14995929178837,-0.21789562370390278,10.887167510721795,-0.04593960525765017,-42.298859129833545,0.14951036861664863,-48.79492846922302,0.3196625855594684,62.91769110480824,-0.03635708494780777,-0.16438401635800592,-0.00037072,0.1645707974393894,0.00017264,1,1.0
3833,0.03145097517632167,0.032947165333741306,-0.00033195,1.6665574929518563,3.485611170112556,100.0,-0.21789562370390278,29.74476064911461,-0.04593960525765017,-96.70286317749847,0.14951036861664863,39.381902801614494,0.3196625855594684,-15.79234801311128,-0.03635708494780777,0.35076812815844755,-0.00037072,0.8749156534541729,0.00017264,0,1.0
3834,0.5027947475818532,0.5158646895398471,-0.00033195,1.6665574929518563,3.485611170112556,-71.20851391956819,-0.21789562370390278,5.88721115660147,-0.04593960525765017,-27.523763385119697,0.14951036861664863,48.78837901707264,0.3196625855594684,46.83695773902609,-0.03635708494780777,-0.4192472758585641,-0.00037072,0.4109985467234731,0.00017264,1,1.0
3835,0.2745664718912406,0.11246332686998321,-0.00033195,1.6665574929518563,3.485611170112556,64.45068502514795,-0.21789562370390278,18.59803589142686,-0.04593960525765017,-75.05284082753471,0.14951036861664863,41.2148519570868,0.3196625855594684,3.587575688631921,-0.03635708494780777,0.3764422783250204,-0.00037072,0.7365061955277689,0.00017264,0,1.0
3836,1.144450279635355,0.3883728878840315,-0.00033195,1.6665574929518563,3.485611170112556,69.63845978534563,-0.21789562370390278,36.79943365565001,-0.04593960525765017,-94.14965093992936,0.14951036861664863,-87.37518908659548,0.3196625855594684,44.646891263831186,-0.03635708494780777,0.3226664132716062,-0.00037072,1.1323287421503725,0.00017264,0,1.0
3837,0.02599831591378099,0.25205601255893695,-0.00033195,1.6665574929518563,3.485611170112556,6.647716861676988,-0.21789562370390278,18.9593646427149,-0.04593960525765017,-53.64427127207493,0.14951036861664863,-10.402048624467882,0.3196625855594684,15.311664205345247,-0.03635708494780777,-0.26631067828582444,-0.00037072,0.31473980271711477,0.00017264,1,1.0
3838,-2.3623013034490548e-05,0.1000433048176864,-0.00033195,1.6665574929518563,3.485611170112556,14.640743243657095,-0.21789562370390278,6.960461490423829,-0.04593960525765017,-29.73702826629033,0.14951036861664863,22.861478258086848,0.3196625855594684,1.9306985171400892,-0.03635708494780777,0.07968454304789521,-0.00037072,0.17182156414806307,0.00017264,0,1.0
3839,-0.00032392353862631396,0.6918914726209547,-0.00033195,1.6665574929518563,3.485611170112556,100.0,-0.21789562370390278,33.83210435067706,-0.04593960525765017,-20.433395105333926,0.14951036861664863,-48.786902280761716,0.3196625855594684,-56.67996265607302,-0.03635708494780777,0.013457014510725951,-0.00037072,0.7839974223346249,0.00017264,0,1.0
3840,0.37654790486293876,0.1206615152433499,-0.00033195,1.6665574929518563,3.485611170112556,99.00750489536445,-0.21789562370390278,25.00379808021189,-0.04593960525765017,-33.15308209571606,0.14951036861664863,-52.579404178565696,0.3196625855594684,-25.51141047831013,-0.03635708494780777,0.36837192444141165,-0.00037072,0.7769706779865131,0.00017264,0,1.0
3841,0.7923814519834997,0.21129853502353188,-0.00033195,1.6665574929518563,3.485611170112556,-53.02099673786488,-0.21789562370390278,7.290483254098391,-0.04593960525765017,-53.31582829409634,0.14951036861664863,-53.7062433877051,0.3196625855594684,84.32048635572313,-0.03635708494780777,-0.2417949275855006,-0.00037072,0.2511713008691916,0.00017264,1,1.0
3842,0.3943953937437788,0.41937424334401996,-0.00033195,1.6665574929518563,3.485611170112556,-73.1794925074347,-0.21789562370390278,-8.342608890082532,-0.04593960525765017,-77.90794530760195,0.14951036861664863,85.20806776480079,0.3196625855594684,88.49261304607543,-0.03635708494780777,-0.27412978900465845,-0.00037072,0.30477283373334296,0.00017264,1,1.0
3843,0.00012024750770056603,0.046206226196896884,-0.00033195,1.6665574929518563,3.485611170112556,90.29000331429,-0.21789562370390278,21.448515818926552,-0.04593960525765017,-70.65337170003522,0.14951036861664863,50.95672981080394,0.3196625855594684,-23.42923731007035,-0.03635708494780777,0.43135025916877123,-0.00037072,0.7152886460252363,0.00017264,0,1.0
3844,0.2963375567931076,0.09238362774100471,-0.00033195,1.6665574929518563,3.485611170112556,54.14746818982404,-0.21789562370390278,22.34664622060913,-0.04593960525765017,-80.27985842801274,0.14951036861664863,43.187002253083065,0.3196625855594684,7.4032571048085085,-0.03635708494780777,0.41764972404537704,-0.00037072,0.6208048622397254,0.00017264,0,1.0
3845,0.27484720453210326,0.08250369062722485,-0.00033195,1.6665574929518563,3.485611170112556,-31.74498410099562,-0.21789562370390278,11.119825574977575,-0.04593960525765017,-72.29574252626976,0.14951036861664863,10.653305783151273,0.3196625855594684,56.28193846674309,-0.03635708494780777,-0.20021274971433867,-0.00037072,0.20017466774059872,0.00017264,1,1.0
3846,0.7886341054060672,0.6727110309435113,-0.00033195,1.6665574929518563,3.485611170112556,19.87469340786906,-0.21789562370390278,8.97269100289572,-0.04593960525765017,-24.408893466214618,0.14951036861664863,66.172851342758,0.3196625855594684,8.257893745720992,-0.03635708494780777,0.2781523637961789,-0.00037072,0.999463073121845,0.00017264,0,1.0
3847,0.9540380739859653,0.6640253800360585,-0.00033195,1.6665574929518563,3.485611170112556,16.608256019393384,-0.21789562370390278,10.873103422077994,-0.04593960525765017,-85.35020308188804,0.14951036861664863,67.07642607403892,0.3196625855594684,54.22620177066676,-0.03635708494780777,0.4063540684849665,-0.00037072,1.0093115893878597,0.00017264,0,1.0
3848,0.14083440516709744,0.18476177186923104,-0.00033195,1.6665574929518563,3.485611170112556,20.934766682206043,-0.21789562370390278,14.183922247564718,-0.04593960525765017,-32.13110387729212,0.14951036861664863,-46.45057882101489,0.3196625855594684,10.525207075062388,-0.03635708494780777,-0.17117479139471797,-0.00037072,0.31757844979815747,0.00017264,1,1.0
3849,0.178178750970444,0.08723523119394588,-0.00033195,1.6665574929518563,3.485611170112556,80.098999556211,-0.21789562370390278,20.204611246570444,-0.04593960525765017,-76.33305806918672,0.14951036861664863,39.20349449777172,0.3196625855594684,-6.29461432639125,-0.03635708494780777,0.3659040918941068,-0.00037072,0.8016763479395239,0.00017264,0,1.0
3850,0.6888817270979359,0.11498919025094752,-0.00033195,1.6665574929518563,3.485611170112556,-66.23501459190145,-0.21789562370390278,-0.9704025428373213,-0.04593960525765017,-36.862453980862604,0.14951036861664863,-2.3677725450386133,0.3196625855594684,74.73059301426444,-0.03635708494780777,-0.08496562930677046,-0.00037072,0.08547430053449465,0.00017264,1,1.0
3851,0.11650653866265959,0.17591022517985816,-0.00033195,1.6665574929518563,3.485611170112556,56.4991356546678,-0.21789562370390278,13.820751362536717,-0.04593960525765017,-7.943411212439644,0.14951036861664863,-25.495311294192526,0.3196625855594684,-25.406567475304882,-0.03635708494780777,0.21106504395056003,-0.00037072,0.3645452185981136,0.00017264,0,1.0
3852,0.003027043600971613,0.13123030826334742,-0.00033195,1.6665574929518563,3.485611170112556,-5.650827685923109,-0.21789562370390278,12.320856307874887,-0.04593960525765017,-94.60417011155985,0.14951036861664863,96.90479961435055,0.3196625855594684,34.42689383271078,-0.03635708494780777,0.11069134386234067,-0.00037072,0.26989856363888753,0.00017264,0,1.0
3853,0.056112792535622735,0.8941960473749214,-0.00033195,1.6665574929518563,3.485611170112556,-28.311797753566683,-0.21789562370390278,12.718200432608224,-0.04593960525765017,-17.684897469853176,0.14951036861664863,52.26679009817479,0.3196625855594684,0.5937949206897462,-0.03635708494780777,-0.541445553689595,-0.00037072,0.541204773593013,0.00017264,1,1.0
3854,0.49888694327664196,0.14132460210534875,-0.00033195,1.6665574929518563,3.485611170112556,-28.591922625912456,-0.21789562370390278,14.77662445285741,-0.04593960525765017,-58.395298150983294,0.14951036861664863,-46.020551115464144,0.3196625855594684,58.95128942929043,-0.03635708494780777,-0.26240207470271676,-0.00037072,0.2632363837851254,0.00017264,1,1.0
3855,0.6611920708993712,0.3357793234596609,-0.00033195,1.6665574929518563,3.485611170112556,-11.624365564766299,-0.21789562370390278,21.82777993475284,-0.04593960525765017,-64.97560567897139,0.14951036861664863,-79.003122474422,0.3196625855594684,59.63155541451718,-0.03635708494780777,-0.25601982004561563,-0.00037072,0.44321301746101804,0.00017264,1,1.0
3856,0.7222456017815652,0.2666033634404529,-0.00033195,1.6665574929518563,3.485611170112556,33.34897575345848,-0.21789562370390278,24.028070727773493,-0.04593960525765017,-63.278782676106246,0.14951036861664863,-34.17645418297314,0.3196625855594684,30.158187853867396,-0.03635708494780777,0.28386348608094536,-0.00037072,0.6199132984337422,0.00017264,0,1.0
3857,1.191017945005299,0.5884599770623882,-0.00033195,1.6665574929518563,3.485611170112556,-52.700526042810814,-0.21789562370390278,2.1738302372206753,-0.04593960525765017,-16.554590823268963,0.14951036861664863,-36.273125828338706,0.3196625855594684,72.87937079111191,-0.03635708494780777,0.09099363097896304,-0.00037072,0.39216036756734163,0.00017264,0,1.0
3858,0.4839189412025884,0.14332008093779142,-0.00033195,1.6665574929518563,3.485611170112556,87.39912597697706,-0.21789562370390278,25.92948488998621,-0.04593960525765017,-47.20876125409549,0.14951036861664863,-45.92352585049204,0.3196625855594684,-10.219014316534157,-0.03635708494780777,0.363228196326582,-0.00037072,0.8007371901842615,0.00017264,0,1.0
3859,0.23590878661518438,0.1581305296466378,-0.00033195,1.6665574929518563,3.485611170112556,77.58346060958094,-0.21789562370390278,10.114161861500808,-0.04593960525765017,-20.598946026606615,0.14951036861664863,18.432642663697255,0.3196625855594684,-26.350284873566014,-0.03635708494780777,0.38370707652144687,-0.00037072,0.7208356374397026,0.00017264,0,1.0
3860,-0.0001346788881926575,0.17911296127498863,-0.00033195,1.6665574929518563,3.485611170112556,-12.76427641427344,-0.21789562370390278,-1.2298158071540697,-0.04593960525765017,-35.57587501429532,0.14951036861664863,95.87422092616411,0.3196625855594684,12.289479592537491,-0.03635708494780777,-0.018342575457892446,-0.00037072,0.3167172238287035,0.00017264,1,1.0
3861,0.729162055616126,0.3932196945377001,-0.00033195,1.6665574929518563,3.485611170112556,-13.737176573802271,-0.21789562370390278,7.9939590516852315,-0.04593960525765017,-24.298577601073045,0.14951036861664863,7.9897098274869585,0.3196625855594684,33.05598148766849,-0.03635708494780777,0.1632850134000548,-0.00037072,0.4552454384747561,0.00017264,0,1.0
3862,0.511361195454271,0.42347124705034656,-0.00033195,1.6665574929518563,3.485611170112556,87.57000233470222,-0.21789562370390278,37.01224242384271,-0.04593960525765017,-51.63342099496034,0.14951036861664863,-94.74037130906261,0.3196625855594684,-9.51409493246299,-0.03635708494780777,0.12131108398463142,-0.00037072,0.8537993994387091,0.00017264,0,1.0
3863,0.0026101643514189893,0.1159065187104137,-0.00033195,1.6665574929518563,3.485611170112556,-15.895645228082625,-0.21789562370390278,1.0051368063905526,-0.04593960525765017,-44.12829119637277,0.14951036861664863,86.43523223816814,0.3196625855594684,18.879777465404874,-0.03635708494780777,0.011900090379344017,-0.00037072,0.2157005354262685,0.00017264,0,1.0
3864,0.03251829964106445,0.3087326640602307,-0.00033195,1.6665574929518563,3.485611170112556,96.08377751795287,-0.21789562370390278,30.702939877690405,-0.04593960525765017,-46.64939772043949,0.14951036861664863,19.346422355584316,0.3196625855594684,-45.87607724537758,-0.03635708494780777,0.28918258723078594,-0.00037072,0.8056190733059404,0.00017264,0,1.0
3865,0.8093110219100389,0.34559022730511096,-0.00033195,1.6665574929518563,3.485611170112556,-19.52658249247628,-0.21789562370390278,19.294353011199508,-0.04593960525765017,-100.0,0.14951036861664863,79.92538135614258,0.3196625855594684,62.857341939435436,-0.03635708494780777,0.3566677221439052,-0.00037072,0.6054281966890704,0.00017264,0,1.0
3866,-0.00023352742961746387,0.08726923135998173,-0.00033195,1.6665574929518563,3.485611170112556,12.466267623941421,-0.21789562370390278,7.66327736729802,-0.04593960525765017,-18.671890398749714,0.14951036861664863,4.337473939062125,0.3196625855594684,-1.9595697707988555,-0.03635708494780777,-0.013697673764322876,-0.00037072,0.1598408022049815,0.00017264,1,1.0
3867,0.10281430320848634,0.10015755265283793,-0.00033195,1.6665574929518563,3.485611170112556,64.22146861689738,-0.21789562370390278,12.792827042109753,-0.04593960525765017,-40.659603005267336,0.14951036861664863,52.27798429752998,0.3196625855594684,-20.633332046692992,-0.03635708494780777,0.4289241613517629,-0.00037072,0.5593012003837194,0.00017264,0,1.0
3868,-0.40136522929214713,1.1748199586297063,-0.00033195,1.6665574929518563,3.485611170112556,34.036891493127925,-0.21789562370390278,5.5844174111185705,-0.04593960525765017,-70.4590693800935,0.14951036861664863,64.85628056364634,0.3196625855594684,3.5436346122639213,-0.03635708494780777,-0.18566088834182093,-0.00037072,0.4261358948534303,0.00017264,1,1.0
3869,0.80178006065136,0.9692775227182536,-0.00033195,1.6665574929518563,3.485611170112556,83.55170257695785,-0.21789562370390278,38.846129201453365,-0.04593960525765017,-87.13583029161478,0.14951036861664863,87.37857762273026,0.3196625855594684,-13.035555029735395,-0.03635708494780777,0.6217854702181431,-0.00037072,1.411269658845661,0.00017264,0,1.0
3870,0.721347499089613,0.18473618237223519,-0.00033195,1.6665574929518563,3.485611170112556,-60.46567127925105,-0.21789562370390278,19.90126997285353,-0.04593960525765017,-87.30519502979327,0.14951036861664863,-23.321091170158287,0.3196625855594684,88.27178468553443,-0.03635708494780777,-0.2802798876234056,-0.00037072,0.2794227028535974,0.00017264,1,1.0
3871,0.0010996911034859558,0.06379119034223481,-0.00033195,1.6665574929518563,3.485611170112556,71.31555394346208,-0.21789562370390278,17.881588933589995,-0.04593960525765017,-79.60510290309024,0.14951036861664863,93.13718532433367,0.3196625855594684,-13.5953461736025,-0.03635708494780777,0.5053942519599075,-0.00037072,0.6376250193939326,0.00017264,0,1.0
3872,-0.03006280568505315,0.9208398119714645,-0.00033195,1.6665574929518563,3.485611170112556,68.68337180250168,-0.21789562370390278,27.61201171798403,-0.04593960525765017,-31.38860438589227,0.14951036861664863,43.40898787310536,0.3196625855594684,-48.10389087522195,-0.03635708494780777,-0.016680864495867476,-0.00037072,0.877248611311305,0.00017264,1,1.0
3873,0.5419963816640623,0.32299343643077916,-0.00033195,1.6665574929518563,3.485611170112556,-24.957075424284483,-0.21789562370390278,22.61887725342657,-0.04593960525765017,-80.38841829221487,0.14951036861664863,-63.58066448724843,0.3196625855594684,68.35937618538021,-0.03635708494780777,-0.3980933153489132,-0.00037072,0.4010748175908713,0.00017264,1,1.0
3874,0.47234797276815943,0.12559762938878788,-0.00033195,1.6665574929518563,3.485611170112556,-6.018378794324116,-0.21789562370390278,12.850747397826707,-0.04593960525765017,-18.099501346822926,0.14951036861664863,-90.9988420133619,0.3196625855594684,32.08707137731077,-0.03635708494780777,-0.24261766817005403,-0.00037072,0.24459387249034475,0.00017264,1,1.0
3875,0.5262897083311323,0.25918362085631197,-0.00033195,1.6665574929518563,3.485611170112556,26.138069627649354,-0.21789562370390278,24.26569437059262,-0.04593960525765017,-68.01289348748053,0.14951036861664863,-12.467978718877326,0.3196625855594684,26.10515020487809,-0.03635708494780777,0.18781430732667678,-0.00037072,0.5453311625186693,0.00017264,0,1.0
3876,0.4367683879476406,0.5982892991322436,-0.00033195,1.6665574929518563,3.485611170112556,41.12444388669519,-0.21789562370390278,23.73400173127636,-0.04593960525765017,-2.456607110313627,0.14951036861664863,-60.07236769461817,0.3196625855594684,-18.007797169961606,-0.03635708494780777,-0.02523498084483744,-0.00037072,0.606694812426329,0.00017264,1,1.0
3877,0.292781863115409,0.11050919822109914,-0.00033195,1.6665574929518563,3.485611170112556,77.48064158043964,-0.21789562370390278,20.83186337606607,-0.04593960525765017,-36.77651895784099,0.14951036861664863,-10.522521331367004,0.3196625855594684,-20.0626895852364,-0.03635708494780777,0.4254347043160337,-0.00037072,0.6056121662839097,0.00017264,0,1.0
3878,0.763527694124124,0.14325662386860127,-0.00033195,1.6665574929518563,3.485611170112556,-55.77633309380741,-0.21789562370390278,15.606388612459014,-0.04593960525765017,-71.83573995804184,0.14951036861664863,-43.38037622565841,0.3196625855594684,85.79327445864213,-0.03635708494780777,-0.24249105737398022,-0.00037072,0.24144518033480986,0.00017264,1,1.0
3879,1.14743156326651,1.6848867453650045,-0.00033195,1.6665574929518563,3.485611170112556,-48.982446773231324,-0.21789562370390278,29.182469782894806,-0.04593960525765017,-58.34329165499918,0.14951036861664863,16.009543773051103,0.3196625855594684,57.46028832838114,-0.03635708494780777,-0.26605530630227125,-0.00037072,0.975985129603975,0.00017264,1,1.0
3880,0.06163997670388721,0.10190068745018674,-0.00033195,1.6665574929518563,3.485611170112556,79.35472268672822,-0.21789562370390278,17.44145655185813,-0.04593960525765017,-29.07116656437175,0.14951036861664863,18.483781995398203,0.3196625855594684,-34.78384231460064,-0.03635708494780777,0.4424659582031961,-0.00037072,0.507522708665795,0.00017264,0,1.0
3881,0.2585437617945336,0.30060225116396433,-0.00033195,1.6665574929518563,3.485611170112556,-69.43500173920881,-0.21789562370390278,-10.745691363054847,-0.04593960525765017,-64.01924498596046,0.14951036861664863,100.0,0.3196625855594684,73.19222082224432,-0.03635708494780777,-0.25070010221814454,-0.00037072,0.25002862065902265,0.00017264,1,1.0
3882,0.8815084367453442,0.8560854553323658,-0.00033195,1.6665574929518563,3.485611170112556,-29.84288747428537,-0.21789562370390278,-1.6791368569243017,-0.04593960525765017,-65.03888042886173,0.14951036861664863,93.28633936842509,0.3196625855594684,66.59600337066111,-0.03635708494780777,0.13751188669196068,-0.00037072,0.8505594466966931,0.00017264,0,1.0
3883,0.04956728006796274,0.048004135913868866,-0.00033195,1.6665574929518563,3.485611170112556,-25.134328308698475,-0.21789562370390278,-1.8747530501546168,-0.04593960525765017,-12.436407524599478,0.14951036861664863,46.86739191934072,0.3196625855594684,13.342183992087133,-0.03635708494780777,-0.1416263776876438,-0.00037072,0.1443581776109793,0.00017264,1,1.0
3884,0.12256609720839173,0.1722517256622623,-0.00033195,1.6665574929518563,3.485611170112556,43.719952268703544,-0.21789562370390278,13.592573192496289,-0.04593960525765017,-26.19578100088551,0.14951036861664863,-19.577744784752063,0.3196625855594684,-8.217037092907296,-0.03635708494780777,0.10772526056320189,-0.00037072,0.37136769293621286,0.00017264,0,1.0
3885,0.6336085850214515,0.3730503794230707,-0.00033195,1.6665574929518563,3.485611170112556,29.7035428334266,-0.21789562370390278,20.4492059663079,-0.04593960525765017,-83.35961814885209,0.14951036861664863,-15.553992550464208,0.3196625855594684,43.39029840785702,-0.03635708494780777,0.13447330692127807,-0.00037072,0.7287792829011164,0.00017264,0,1.0
3886,0.1500275823545664,0.06631737656409757,-0.00033195,1.6665574929518563,3.485611170112556,5.132068458557981,-0.21789562370390278,6.771404348999914,-0.04593960525765017,-15.90151238501609,0.14951036861664863,-40.51576893166269,0.3196625855594684,13.49345677619967,-0.03635708494780777,-0.15582046318131837,-0.00037072,0.17679874206221063,0.00017264,1,1.0
3887,0.6177597278781946,0.15984714003494904,-0.00033195,1.6665574929518563,3.485611170112556,81.7663636423695,-0.21789562370390278,35.56257500811222,-0.04593960525765017,-94.35836232248488,0.14951036861664863,-31.085688325233313,0.3196625855594684,14.59522988023775,-0.03635708494780777,0.33769250103266024,-0.00037072,0.9693320537989184,0.00017264,0,1.0
3888,0.654611288181643,0.08042032893744294,-0.00033195,1.6665574929518563,3.485611170112556,-42.419602259664565,-0.21789562370390278,10.720598906755932,-0.04593960525765017,-42.04408738520052,0.14951036861664863,-49.26444181265127,0.3196625855594684,63.25972003711277,-0.03635708494780777,-0.16388567574150828,-0.00037072,0.16334549891266822,0.00017264,1,1.0
3889,0.19222649123850943,0.3973021704562366,-0.00033195,1.6665574929518563,3.485611170112556,25.524251470101763,-0.21789562370390278,24.975553205200768,-0.04593960525765017,-51.032569314274696,0.14951036861664863,-57.271272643378325,0.3196625855594684,12.906256736437259,-0.03635708494780777,-0.2630064442093169,-0.00037072,0.45893357887702385,0.00017264,1,1.0
3890,0.41098726299556976,0.19095552108613142,-0.00033195,1.6665574929518563,3.485611170112556,66.10493147236464,-0.21789562370390278,15.586913097767466,-0.04593960525765017,-9.679104491539368,0.14951036861664863,-44.58979060808355,0.3196625855594684,-17.816142685923232,-0.03635708494780777,0.3610769217550472,-0.00037072,0.5188793235624929,0.00017264,0,1.0
3891,0.3719948801842552,0.017263741580979923,-0.00033195,1.6665574929518563,3.485611170112556,-41.129307598662194,-0.21789562370390278,2.872198695924239,-0.04593960525765017,-34.422905796258284,0.14951036861664863,10.85289146936502,0.3196625855594684,46.29721264504579,-0.03635708494780777,-0.02033531624081526,-0.00037072,0.020526564185227244,0.00017264,1,1.0
3892,0.8799012424667391,0.2831183190372628,-0.00033195,1.6665574929518563,3.485611170112556,16.184321189894426,-0.21789562370390278,23.356970282208433,-0.04593960525765017,-81.7418695919054,0.14951036861664863,-5.850280782114416,0.3196625855594684,49.81714124967869,-0.03635708494780777,0.3874823686943713,-0.00037072,0.6249374271258402,0.00017264,0,1.0
3893,1.2026325231104686,0.7643802313007633,-0.00033195,1.6665574929518563,3.485611170112556,61.03355668587892,-0.21789562370390278,17.959490410077592,-0.04593960525765017,-23.4422683633697,0.14951036861664863,-61.25903676439979,0.3196625855594684,17.558795742092887,-0.03635708494780777,0.5582173881382722,-0.00037072,0.9806029174358675,0.00017264,0,1.0
3894,0.0018574965950288735,0.04476434073239527,-0.00033195,1.6665574929518563,3.485611170112556,95.3308788462446,-0.21789562370390278,19.50670722529284,-0.04593960525765017,-45.5609992919272,0.14951036861664863,20.800802440223894,0.3196625855594684,-34.60045025240428,-0.03635708494780777,0.40197419926024125,-0.00037072,0.6623256333154228,0.00017264,0,1.0
3895,0.5531487168136704,0.13903445127883376,-0.00033195,1.6665574929518563,3.485611170112556,-68.69598321913945,-0.21789562370390278,-4.630765567425478,-0.04593960525765017,-20.719231711511398,0.14951036861664863,33.731542155447386,0.3196625855594684,57.67138630785914,-0.03635708494780777,-0.16976425015855207,-0.00037072,0.17065715363941908,0.00017264,1,1.0
3896,0.25845143895484024,0.1887868409453074,-0.00033195,1.6665574929518563,3.485611170112556,24.406997256071936,-0.21789562370390278,13.073542994868031,-0.04593960525765017,-18.99181051490004,0.14951036861664863,-67.14460549420855,0.3196625855594684,8.828087510849835,-0.03635708494780777,-0.12597884212442872,-0.00037072,0.3315203589687085,0.00017264,1,1.0
3897,0.05960530563159194,0.22344104944726886,-0.00033195,1.6665574929518563,3.485611170112556,61.71517694865759,-0.21789562370390278,15.275969494367388,-0.04593960525765017,-0.17787560971377087,0.14951036861664863,-76.6182779243274,0.3196625855594684,-26.14186280759789,-0.03635708494780777,-0.05002109164696944,-0.00037072,0.3945351722960214,0.00017264,1,1.0
3898,1.0146002415472855,0.9145049587898306,-0.00033195,1.6665574929518563,3.485611170112556,11.69275991905571,-0.21789562370390278,36.68615792228263,-0.04593960525765017,-77.8143583979288,0.14951036861664863,2.124207009708426,0.3196625855594684,35.967219354422255,-0.03635708494780777,0.15461393138551266,-0.00037072,0.9793938974087117,0.00017264,0,1.0
3899,0.9655607203136549,0.30531451137531873,-0.00033195,1.6665574929518563,3.485611170112556,71.47491503350312,-0.21789562370390278,40.3314598335753,-0.04593960525765017,-83.70583002723599,0.14951036861664863,-81.90742852859366,0.3196625855594684,26.27019260298086,-0.03635708494780777,0.331543981450489,-0.00037072,0.9883005110645227,0.00017264,0,1.0
3900,0.033697140743053744,0.0664795437961051,-0.00033195,1.5827871768011013,2.639678061348063,81.98160539167945,-0.21789562370390278,24.79880476916822,-0.04593960525765017,-45.376923350025024,0.14951036861664863,-27.204490713939553,0.3196625855594684,-26.90411509634167,-0.03635708494780777,0.29169720771581786,-0.00037072,1.6867266212424865,0.00017264,0,1.0
3901,0.0007150076152804274,0.8289655273836904,-0.00033195,1.5827871768011013,2.639678061348063,82.42704559351306,-0.21789562370390278,18.641624886239843,-0.04593960525765017,-20.892496276505995,0.14951036861664863,17.26670187692164,0.3196625855594684,-52.050418611856756,-0.03635708494780777,1.1209338528316737,-0.00037072,2.159471174958121,0.00017264,0,1.0
3902,1.475884631414642,0.8655324962601681,-0.00033195,1.5827871768011013,2.639678061348063,40.534991717979814,-0.21789562370390278,17.798903335321594,-0.04593960525765017,-0.2761313643838942,0.14951036861664863,-87.04842970047495,0.3196625855594684,5.124050709024499,-0.03635708494780777,0.3154009307949923,-0.00037072,1.2193476951560551,0.00017264,0,1.0
3903,1.3895272525861917,4.514190318241024,-0.00033195,1.5827871768011013,2.639678061348063,74.57123759537438,-0.21789562370390278,6.567016887071062,-0.04593960525765017,-54.27107338352569,0.14951036861664863,-1.1480948366249988,0.3196625855594684,17.620689796970446,-0.03635708494780777,0.2714390056992375,-0.00037072,3.9327028564127087,0.00017264,0,1.0
3904,0.5521088938143646,6.126763218743049,-0.00033195,1.5827871768011013,2.639678061348063,-35.265580568689906,-0.21789562370390278,23.926155799806978,-0.04593960525765017,-71.32310870320855,0.14951036861664863,-28.043507040668352,0.3196625855594684,59.24729489290811,-0.03635708494780777,-2.153472188855284,-0.00037072,0.7791688359769064,0.00017264,1,1.0
3905,0.4337049884348479,0.06999097180526118,-0.00033195,1.5827871768011013,2.639678061348063,-42.788557560853356,-0.21789562370390278,0.8100276793604655,-0.04593960525765017,-48.971974845479245,0.14951036861664863,43.4948619509093,0.3196625855594684,51.279876268535716,-0.03635708494780777,-0.09955389888447509,-0.00037072,0.10018558411497323,0.00017264,1,1.0
3906,1.8410902888536043,1.085942988749199,-0.00033195,1.5827871768011013,2.639678061348063,9.18421198914356,-0.21789562370390278,22.314736724567375,-0.04593960525765017,-47.81375674914057,0.14951036861664863,-54.10486511809874,0.3196625855594684,47.27520747024711,-0.03635708494780777,0.3157875955883118,-0.00037072,1.2728367729727839,0.00017264,0,1.0
3907,2.3603265780936584,4.818288591975881,-0.00033195,1.5827871768011013,2.639678061348063,47.005393129173264,-0.21789562370390278,8.750770022275539,-0.04593960525765017,-26.005556876285905,0.14951036861664863,-60.94553179017311,0.3196625855594684,37.91115440845088,-0.03635708494780777,0.27591679083775134,-0.00037072,3.192150134446503,0.00017264,0,1.0
3908,0.37605702753265113,10.082857741352802,-0.00033195,1.5827871768011013,2.639678061348063,-82.84397440457258,-0.21789562370390278,22.802222995251338,-0.04593960525765017,-75.11460066292871,0.14951036861664863,-36.10302322572251,0.3196625855594684,86.69435514421751,-0.03635708494780777,-3.831838740114155,-0.00037072,0.3371063819381266,0.00017264,1,1.0
3909,1.2806563179908987,1.508843260642713,-0.00033195,1.5827871768011013,2.639678061348063,-21.77223880606633,-0.21789562370390278,7.1564052677674,-0.04593960525765017,-1e-20,0.14951036861664863,-72.6262416192909,0.3196625855594684,41.42524906531826,-0.03635708494780777,-0.8788293557572616,-0.00037072,0.28400575320992216,0.00017264,1,1.0
3910,1.309428038704862,0.5852964902251799,-0.00033195,1.5827871768011013,2.639678061348063,1.6544774905540707,-0.21789562370390278,16.839277848154854,-0.04593960525765017,-49.2218187927045,0.14951036861664863,-22.28128928466142,0.3196625855594684,41.85251926800938,-0.03635708494780777,0.33303209963188574,-0.00037072,0.9496353446680305,0.00017264,0,1.0
3911,0.5094557429515332,0.559652314532667,-0.00033195,1.5827871768011013,2.639678061348063,99.98472124617486,-0.21789562370390278,36.836264414365374,-0.04593960525765017,-46.14542759680174,0.14951036861664863,-64.06925063893121,0.3196625855594684,-32.27985331968174,-0.03635708494780777,0.28541468278587734,-0.00037072,2.1973397275188025,0.00017264,0,1.0
3912,1.4621592049977399,0.6833533140383882,-0.00033195,1.5827871768011013,2.639678061348063,29.032611303232027,-0.21789562370390278,27.89721731102018,-0.04593960525765017,-81.52022979753116,0.14951036861664863,-31.91213854954609,0.3196625855594684,44.91607483879794,-0.03635708494780777,0.28968760710495545,-0.00037072,1.7431150914747313,0.00017264,0,1.0
3913,0.6604772898204407,0.2627710335608981,-0.00033195,1.5827871768011013,2.639678061348063,57.42378899892199,-0.21789562370390278,18.078458537862616,-0.04593960525765017,-15.508381567065966,0.14951036861664863,-53.178386212396916,0.3196625855594684,-13.235290152700722,-0.03635708494780777,0.3129084954012088,-0.00037072,1.2969690527778401,0.00017264,0,1.0
3914,1.1817126732743477,1.5906975330325048,-0.00033195,1.5827871768011013,2.639678061348063,-38.7786122920552,-0.21789562370390278,0.1801995742242955,-0.04593960525765017,-65.36404780246131,0.14951036861664863,61.361849506530454,0.3196625855594684,68.19547536159668,-0.03635708494780777,0.17034926136109707,-0.00037072,1.4525599968007277,0.00017264,0,1.0
3915,0.8238950656147186,0.16685661074095257,-0.00033195,1.5827871768011013,2.639678061348063,-19.141079935011426,-0.21789562370390278,3.6310690752450165,-0.04593960525765017,-10.857412970997819,0.14951036861664863,-22.10667619227379,0.3196625855594684,31.540832309373005,-0.03635708494780777,-0.14090922405905643,-0.00037072,0.14220395064648023,0.00017264,1,1.0
3916,1.450438243730475,4.548479921565731,-0.00033195,1.5827871768011013,2.639678061348063,-51.2322153628391,-0.21789562370390278,-10.663695760809183,-0.04593960525765017,-28.221655971076792,0.14951036861664863,58.73491573432124,0.3196625855594684,63.41556839712617,-0.03635708494780777,-0.32031548742757376,-0.00037072,2.058451039799349,0.00017264,1,1.0
3917,0.3249949174569468,0.023093110185122306,-0.00033195,1.5827871768011013,2.639678061348063,-27.12341437814102,-0.21789562370390278,1.6833614528441025,-0.04593960525765017,-34.418567301634695,0.14951036861664863,25.25332318140888,0.3196625855594684,35.079069916338874,-0.03635708494780777,-0.03602297626060129,-0.00037072,0.03766695954916151,0.00017264,1,1.0
3918,-0.34325469244159135,1.5353602344137303,-0.00033195,1.5827871768011013,2.639678061348063,74.50097973841797,-0.21789562370390278,3.054319446117691,-0.04593960525765017,-4.248053229752901,0.14951036861664863,64.02766480411438,0.3196625855594684,-60.57340962256597,-0.03635708494780777,0.7054189674575655,-0.00037072,2.9709956329940725,0.00017264,0,1.0
3919,0.19785755880542882,1.6248364374956559,-0.00033195,1.5827871768011013,2.639678061348063,45.972234538858785,-0.21789562370390278,-5.576254852814847,-0.04593960525765017,-12.875491410757563,0.14951036861664863,57.85018758036727,0.3196625855594684,-19.838795945916928,-0.03635708494780777,0.2968977920978719,-0.00037072,2.9052253692207746,0.00017264,0,1.0
3920,0.23916715158167978,0.07307279372302772,-0.00033195,1.5827871768011013,2.639678061348063,38.46877406441823,-0.21789562370390278,12.611970933647902,-0.04593960525765017,-24.98732613112982,0.14951036861664863,-13.28377900141892,0.3196625855594684,-7.6256469143846255,-0.03635708494780777,0.3473322569240229,-0.00037072,0.8947860387108684,0.00017264,0,1.0
3921,1.1427653269795455,0.9681053665291185,-0.00033195,1.5827871768011013,2.639678061348063,57.297979393737855,-0.21789562370390278,18.875086584704206,-0.04593960525765017,-31.430721705334527,0.14951036861664863,-41.76047674470702,0.3196625855594684,1.6989038280784141,-0.03635708494780777,0.8229992643485116,-0.00037072,1.7088599775875288,0.00017264,0,1.0
3922,0.6261151816849884,0.6192328381431278,-0.00033195,1.5827871768011013,2.639678061348063,25.411930058793683,-0.21789562370390278,16.05751009095433,-0.04593960525765017,-28.1322570585126,0.14951036861664863,-33.22118284128251,0.3196625855594684,8.33423707237761,-0.03635708494780777,-0.020825430435728487,-0.00037072,0.9126259584444585,0.00017264,1,1.0
3923,-0.09646638674700769,0.9313496834285989,-0.00033195,1.5827871768011013,2.639678061348063,95.92244726431029,-0.21789562370390278,26.175958852800623,-0.04593960525765017,-42.06385002601705,0.14951036861664863,14.843337545106479,0.3196625855594684,-52.16630108917223,-0.03635708494780777,1.322526826425523,-0.00037072,2.1046466192529225,0.00017264,0,1.0
3924,0.6652667545966282,2.0594462662016966,-0.00033195,1.5827871768011013,2.639678061348063,2.716043879876458,-0.21789562370390278,-2.612661802913517,-0.04593960525765017,-70.82646263479977,0.14951036861664863,92.71448631850727,0.3196625855594684,38.99505741574694,-0.03635708494780777,0.2785354993205864,-0.00037072,2.6767501798139453,0.00017264,0,1.0
3925,2.522485264978548,7.414692797112296,-0.00033195,1.5827871768011013,2.639678061348063,21.58975853374442,-0.21789562370390278,15.005193604034373,-0.04593960525765017,-22.94267389206791,0.14951036861664863,15.668020399089206,0.3196625855594684,20.142963678581566,-0.03635708494780777,1.0151821832315209,-0.00037072,4.055302629525051,0.00017264,0,1.0
3926,1.6640135907611455,1.352553000522163,-0.00033195,1.5827871768011013,2.639678061348063,-21.653553459475468,-0.21789562370390278,5.433660069649775,-0.04593960525765017,-29.426072551624596,0.14951036861664863,-22.517387091332687,0.3196625855594684,57.02523428935207,-0.03635708494780777,0.19995330240404596,-0.00037072,0.8706655978649543,0.00017264,0,1.0
3927,1.1042888705392655,0.415856762336055,-0.00033195,1.5827871768011013,2.639678061348063,24.520160556359897,-0.21789562370390278,23.159819553394605,-0.04593960525765017,-69.84929091922112,0.14951036861664863,-18.841411996278005,0.3196625855594684,34.96134130099706,-0.03635708494780777,0.30365549481446263,-0.00037072,1.4149324481798367,0.00017264,0,1.0
3928,2.0770197019953565,2.910839426804406,-0.00033195,1.5827871768011013,2.639678061348063,-19.883251181143585,-0.21789562370390278,9.586837476604288,-0.04593960525765017,-29.646272332319008,0.14951036861664863,-76.86711636327105,0.3196625855594684,73.06513274171564,-0.03635708494780777,-0.7508279434467435,-0.00037072,1.1079035920771299,0.00017264,1,1.0
3929,-0.0008586741770402195,0.1477013982015903,-0.00033195,1.5827871768011013,2.639678061348063,60.37783503691757,-0.21789562370390278,14.999150200782609,-0.04593960525765017,-40.693379285923186,0.14951036861664863,13.884837628237044,0.3196625855594684,-20.496550119329914,-0.03635708494780777,0.9375950209516726,-0.00037072,1.2853887932724166,0.00017264,0,1.0
3930,-0.0008209685723223892,0.022662220565219385,-0.00033195,1.5827871768011013,2.639678061348063,34.64004956757684,-0.21789562370390278,15.262271080068023,-0.04593960525765017,-60.62901996548663,0.14951036861664863,25.270538289450805,0.3196625855594684,3.870324524246554,-0.03635708494780777,0.46932531703724173,-0.00037072,1.0313722158058691,0.00017264,0,1.0
3931,2.350764567514865,3.422729120689814,-0.00033195,1.5827871768011013,2.639678061348063,-22.8902382339963,-0.21789562370390278,16.48367472013165,-0.04593960525765017,-73.20508589465251,0.14951036861664863,20.268276317785748,0.3196625855594684,75.21719042425681,-0.03635708494780777,0.9533268912384629,-0.00037072,2.064490570991251,0.00017264,0,1.0
3932,0.36939815493633754,0.31590627320200587,-0.00033195,1.5827871768011013,2.639678061348063,-14.577255327359994,-0.21789562370390278,9.745517940550783,-0.04593960525765017,-50.650018218987974,0.14951036861664863,13.088851140757221,0.3196625855594684,35.82954774575805,-0.03635708494780777,-0.2950853133476991,-0.00037072,0.4207879051735674,0.00017264,1,1.0
3933,0.9594138019074917,0.29108327344254026,-0.00033195,1.5827871768011013,2.639678061348063,-5.420584031209999,-0.21789562370390278,17.80192960806189,-0.04593960525765017,-83.22579508870561,0.14951036861664863,18.953311043879996,0.3196625855594684,53.383647541829994,-0.03635708494780777,0.3325707401365536,-0.00037072,0.9931371303344898,0.00017264,0,1.0
3934,0.9949003288083058,2.597987572448773,-0.00033195,1.5827871768011013,2.639678061348063,-16.951160073346525,-0.21789562370390278,-5.95045446735585,-0.04593960525765017,-16.830125786819973,0.14951036861664863,44.010863292179714,0.3196625855594684,29.877817745181797,-0.03635708494780777,-0.022137992707666254,-0.00037072,1.961004590267886,0.00017264,1,1.0
3935,-0.277623266205576,13.520181512803868,-0.00033195,1.5827871768011013,2.639678061348063,23.75483186579307,-0.21789562370390278,31.057877356101077,-0.04593960525765017,-47.01194627013579,0.14951036861664863,51.78654699285947,0.3196625855594684,-32.42899029003233,-0.03635708494780777,-1.3251178041527485,-0.00037072,3.103394632233096,0.00017264,1,1.0
3936,-0.00681891403919388,0.763803879921628,-0.00033195,1.5827871768011013,2.639678061348063,95.96974948467336,-0.21789562370390278,16.67125333409405,-0.04593960525765017,-10.692384193014114,0.14951036861664863,5.8684243291747675,0.3196625855594684,-60.92303453005614,-0.03635708494780777,1.3469427414180108,-0.00037072,2.1263898891787187,0.00017264,0,1.0
3937,0.6815553117272937,1.1777590540548586,-0.00033195,1.5827871768011013,2.639678061348063,15.715104581473966,-0.21789562370390278,24.118172511643202,-0.04593960525765017,-69.5367926797657,0.14951036861664863,37.656142367014624,0.3196625855594684,15.258149757750868,-0.03635708494780777,0.2766740315221824,-0.00037072,2.0395498734933892,0.00017264,0,1.0
3938,0.0007117694613183456,0.03648361435391631,-0.00033195,1.5827871768011013,2.639678061348063,20.625351597201735,-0.21789562370390278,5.957576470670906,-0.04593960525765017,-25.33538622562017,0.14951036861664863,18.08365124690768,0.3196625855594684,-3.0686096992614784,-0.03635708494780777,0.43779022698218584,-0.00037072,0.5926609229348039,0.00017264,0,1.0
3939,2.481752565886331,2.2970748122672164,-0.00033195,1.5827871768011013,2.639678061348063,52.69599751149895,-0.21789562370390278,32.52759169269525,-0.04593960525765017,-76.24305611409164,0.14951036861664863,-89.14395239241736,0.3196625855594684,54.88829828027602,-0.03635708494780777,0.28377994036262755,-0.00037072,2.683513276776316,0.00017264,0,1.0
3940,1.7714035654216902,5.494879215757253,-0.00033195,1.5827871768011013,2.639678061348063,52.55304102553741,-0.21789562370390278,2.622808619268692,-0.04593960525765017,-34.28435980184015,0.14951036861664863,13.515901051493053,0.3196625855594684,18.887360436281323,-0.03635708494780777,0.6973729703506417,-0.00037072,3.892541790945826,0.00017264,0,1.0
3941,0.5608317628397208,1.6384422193471995,-0.00033195,1.5827871768011013,2.639678061348063,-0.34745183430517723,-0.21789562370390278,4.61383861412341,-0.04593960525765017,-31.85759159264546,0.14951036861664863,65.7983902019643,0.3196625855594684,7.8697687233807345,-0.03635708494780777,0.14810785919063263,-0.00037072,2.2718794731280783,0.00017264,0,1.0
3942,-0.16884982286466044,1.161107598820895,-0.00033195,1.5827871768011013,2.639678061348063,55.39527935002049,-0.21789562370390278,7.339223681694438,-0.04593960525765017,-30.672902631322117,0.14951036861664863,77.1346778110241,0.3196625855594684,-37.37696341017079,-0.03635708494780777,0.7254108280563647,-0.00037072,2.7653114882000196,0.00017264,0,1.0
3943,0.000689464914934268,0.13567799703443612,-0.00033195,1.5827871768011013,2.639678061348063,27.580124819555813,-0.21789562370390278,6.552333913981389,-0.04593960525765017,-24.707357073030128,0.14951036861664863,28.697221950202543,0.3196625855594684,-10.800157704298698,-0.03635708494780777,0.524678485147666,-0.00037072,1.038118618425251,0.00017264,0,1.0
3944,1.05788023534059,1.0512286706565401,-0.00033195,1.5827871768011013,2.639678061348063,2.550342847207947,-0.21789562370390278,5.8567048469289364,-0.04593960525765017,-49.80548100298469,0.14951036861664863,18.438261311068054,0.3196625855594684,39.79899480535659,-0.03635708494780777,0.3929303907527386,-0.00037072,1.4680914741553146,0.00017264,0,1.0
3945,0.381343754692659,1.756943466010071,-0.00033195,1.5827871768011013,2.639678061348063,-55.00006606598677,-0.21789562370390278,-15.410129390872585,-0.04593960525765017,-15.994241808382363,0.14951036861664863,59.24977786368816,0.3196625855594684,46.23030857405997,-0.03635708494780777,-0.7792707668926283,-0.00037072,0.7866439340208501,0.00017264,1,1.0
3946,0.41750092164420916,5.167062761482363,-0.00033195,1.5827871768011013,2.639678061348063,-31.99626822559021,-0.21789562370390278,19.245423592273273,-0.04593960525765017,-47.367920319098126,0.14951036861664863,-30.37720938096857,0.3196625855594684,43.60246978193622,-0.03635708494780777,-1.984924033712779,-0.00037072,0.5967640819855287,0.00017264,1,1.0
3947,1.1335079596186834,0.6370175053915119,-0.00033195,1.5827871768011013,2.639678061348063,39.78187863981929,-0.21789562370390278,16.049114759072136,-0.04593960525765017,-28.735922523829228,0.14951036861664863,-48.508393444468005,0.3196625855594684,13.492832845530963,-0.03635708494780777,0.2941723931778901,-0.00037072,1.4435057065351284,0.00017264,0,1.0
3948,0.9642314021594953,9.250144972049887,-0.00033195,1.5827871768011013,2.639678061348063,-10.14414167969894,-0.21789562370390278,38.577664696277324,-0.04593960525765017,-73.84063894838006,0.14951036861664863,-41.77814368959895,0.3196625855594684,40.848018493371136,-0.03635708494780777,-1.9241983919016126,-0.00037072,1.8395554001855454,0.00017264,1,1.0
3949,-0.6548079138199867,9.028185373311363,-0.00033195,1.5827871768011013,2.639678061348063,16.400089032056542,-0.21789562370390278,29.398023015188237,-0.04593960525765017,-73.73669368867844,0.14951036861664863,48.998883181596526,0.3196625855594684,-10.656553920755627,-0.03635708494780777,-1.3348102758177227,-0.00037072,1.9405326821209055,0.00017264,1,1.0
3950,0.39560743152100974,0.6724676184086442,-0.00033195,1.5827871768011013,2.639678061348063,-14.81023249521917,-0.21789562370390278,-1.3914894183656057,-0.04593960525765017,-31.13021848257374,0.14951036861664863,40.744956877260314,0.3196625855594684,26.738632605949697,-0.03635708494780777,0.04569490842511903,-0.00037072,0.8793782182227314,0.00017264,0,1.0
3951,-0.072316215778925,1.019672652468529,-0.00033195,1.5827871768011013,2.639678061348063,64.84805181662952,-0.21789562370390278,21.020846870873772,-0.04593960525765017,-31.434197016923942,0.14951036861664863,25.090493174368707,0.3196625855594684,-41.53860071653166,-0.03635708494780777,0.631889961492288,-0.00037072,2.1024003171449337,0.00017264,0,1.0
3952,0.9367594868183282,0.2814376505029425,-0.00033195,1.5827871768011013,2.639678061348063,-2.4517751256487963,-0.21789562370390278,17.899519978737974,-0.04593960525765017,-80.61707154790169,0.14951036861664863,16.26068770563801,0.3196625855594684,50.25877203097883,-0.03635708494780777,0.3331981193517252,-0.00037072,1.0078850444189424,0.00017264,0,1.0
3953,-0.2852925490353606,2.466972031712409,-0.00033195,1.5827871768011013,2.639678061348063,-43.70449441631308,-0.21789562370390278,-18.11486589331313,-0.04593960525765017,-1.8724480628028448,0.14951036861664863,79.78662460089176,0.3196625855594684,17.564911905661656,-0.03635708494780777,-0.9257238081840788,-0.00037072,0.9166379298464311,0.00017264,1,1.0
3954,0.3053599213321702,0.3138707176936294,-0.00033195,1.5827871768011013,2.639678061348063,-67.70448842774047,-0.21789562370390278,-2.3844101468632313,-0.04593960525765017,-76.17699887065825,0.14951036861664863,91.69254534718628,0.3196625855594684,72.48411388433223,-0.03635708494780777,-0.3330390335926071,-0.00037072,0.3204266435274925,0.00017264,1,1.0
3955,0.00026708077814563413,0.11976066177552984,-0.00033195,1.5827871768011013,2.639678061348063,9.275987920553996,-0.21789562370390278,8.855504838007528,-0.04593960525765017,-60.5612637363809,0.14951036861664863,65.33903307764777,0.3196625855594684,12.34046618782701,-0.03635708494780777,0.5082371291304275,-0.00037072,1.1469567083463752,0.00017264,0,1.0
3956,0.9828368896932396,1.0524565543118785,-0.00033195,1.5827871768011013,2.639678061348063,42.81365288736903,-0.21789562370390278,24.87007300258346,-0.04593960525765017,-23.151869444385103,0.14951036861664863,-52.667435024234784,0.3196625855594684,-4.051496701993463,-0.03635708494780777,0.21392259818444415,-0.00037072,1.4548357801515241,0.00017264,0,1.0
3957,1.8663665998792167,2.334954601339147,-0.00033195,1.5827871768011013,2.639678061348063,78.27999293821519,-0.21789562370390278,27.67993630356182,-0.04593960525765017,-80.79145604874132,0.14951036861664863,-60.729199217465414,0.3196625855594684,34.735166113905294,-0.03635708494780777,0.29147851355724885,-0.00037072,3.2258979350835344,0.00017264,0,1.0
3958,2.8675590861402327,3.1802333540454044,-0.00033195,1.5827871768011013,2.639678061348063,-21.112364119188292,-0.21789562370390278,30.296468288899664,-0.04593960525765017,-60.655390898210314,0.14951036861664863,-65.47722230014313,0.3196625855594684,80.21410181587342,-0.03635708494780777,0.2068196430100826,-0.00037072,1.663496704589788,0.00017264,0,1.0
3959,1.1071794807260056,1.1211757661986663,-0.00033195,1.5827871768011013,2.639678061348063,-87.43932152580436,-0.21789562370390278,-5.54671703469161,-0.04593960525765017,-46.504461947713516,0.14951036861664863,48.97064915406428,0.3196625855594684,86.99036105047007,-0.03635708494780777,-0.5695322494312929,-0.00037072,0.21621309613450534,0.00017264,1,1.0
3960,0.7493821005455953,0.5078436385072643,-0.00033195,1.5827871768011013,2.639678061348063,17.2129021057283,-0.21789562370390278,11.423699537465923,-0.04593960525765017,-7.221055764011441,0.14951036861664863,-43.86230290904719,0.3196625855594684,6.709442670270596,-0.03635708494780777,0.0013979682858709097,-0.00037072,0.6452733084709412,0.00017264,0,1.0
3961,0.7181546743298438,3.1654665953013605,-0.00033195,1.5827871768011013,2.639678061348063,-53.28780072360921,-0.21789562370390278,10.80908675317051,-0.04593960525765017,-30.552612352548493,0.14951036861664863,-19.182768759609186,0.3196625855594684,52.336049829975074,-0.03635708494780777,-1.5736044122755248,-0.00037072,0.28163991040289704,0.00017264,1,1.0
3962,0.09421504637500133,0.8020474632798751,-0.00033195,1.5827871768011013,2.639678061348063,33.07445338091791,-0.21789562370390278,26.136471983256662,-0.04593960525765017,-81.93459221891403,0.14951036861664863,56.829463278123164,0.3196625855594684,-0.09776563852272352,-0.03635708494780777,0.35077992430129135,-0.00037072,2.063483278002804,0.00017264,0,1.0
3963,1.4882528197123714,2.379891638539412,-0.00033195,1.5827871768011013,2.639678061348063,72.18296997431585,-0.21789562370390278,22.558601559404405,-0.04593960525765017,-92.56422333683642,0.14951036861664863,-22.91151167920856,0.3196625855594684,36.63196831920225,-0.03635708494780777,0.28039841143885713,-0.00037072,3.290644651130096,0.00017264,0,1.0
3964,0.9174274318925808,3.204275433183193,-0.00033195,1.5827871768011013,2.639678061348063,89.15053595264104,-0.21789562370390278,32.841538737450264,-0.04593960525765017,-70.59791552218913,0.14951036861664863,40.161543786376456,0.3196625855594684,-27.914125904742214,-0.03635708494780777,1.7551284290524216,-0.00037072,3.5467126967231084,0.00017264,0,1.0
3965,-0.39377660940673165,1.7862338500886068,-0.00033195,1.5827871768011013,2.639678061348063,65.95066294123465,-0.21789562370390278,20.91127811587571,-0.04593960525765017,-38.17817673201565,0.14951036861664863,-14.290414849159136,0.3196625855594684,-29.74762851994503,-0.03635708494780777,-0.10722128544204812,-0.00037072,1.2485820454996728,0.00017264,1,1.0
3966,0.4302664507046393,0.120843843504133,-0.00033195,1.5827871768011013,2.639678061348063,-20.99299501312998,-0.21789562370390278,5.912006488802162,-0.04593960525765017,-41.37207957591725,0.14951036861664863,11.905969882352583,0.3196625855594684,37.696348481578795,-0.03635708494780777,-0.23056688320115143,-0.00037072,0.23529164536530606,0.00017264,1,1.0
3967,-0.9205229765486098,4.001786178135564,-0.00033195,1.5827871768011013,2.639678061348063,-9.068047880269283,-0.21789562370390278,1.36817114386734,-0.04593960525765017,-17.392386466286325,0.14951036861664863,69.34873867908091,0.3196625855594684,-17.22677224520466,-0.03635708494780777,-0.9053612334231882,-0.00037072,0.9133528504130255,0.00017264,1,1.0
3968,-0.21653096398810368,5.9558186255234755,-0.00033195,1.5827871768011013,2.639678061348063,83.87861839578007,-0.21789562370390278,33.747441508922705,-0.04593960525765017,-8.113516980397097,0.14951036861664863,-65.71746953341487,0.3196625855594684,-59.920843742235796,-0.03635708494780777,-0.8326180932397702,-0.00037072,1.9086392555611016,0.00017264,1,1.0
3969,-0.0048508558640378285,0.3700960791801246,-0.00033195,1.5827871768011013,2.639678061348063,12.127457365325844,-0.21789562370390278,1.0254839152984447,-0.04593960525765017,-37.1122133876596,0.14951036861664863,72.95625021714052,0.3196625855594684,0.07702072762396159,-0.03635708494780777,0.2945022800162014,-0.00037072,1.7540362568756267,0.00017264,0,1.0
3970,0.5251273349126007,0.3282367919129444,-0.00033195,1.5827871768011013,2.639678061348063,71.48739054846635,-0.21789562370390278,19.330248450466968,-0.04593960525765017,-46.23976338707346,0.14951036861664863,-30.02803248464312,0.3196625855594684,-6.571962998395686,-0.03635708494780777,0.28853134609874187,-0.00037072,1.9432036453715509,0.00017264,0,1.0
3971,3.0907598963708938,7.898866993435997,-0.00033195,1.5827871768011013,2.639678061348063,-4.517702096765004,-0.21789562370390278,14.537766687730006,-0.04593960525765017,-30.970241425917447,0.14951036861664863,-1.6921949543157035,0.3196625855594684,52.8908391304391,-0.03635708494780777,0.9838652959889449,-0.00037072,3.5547368210932166,0.00017264,0,1.0
3972,-0.051416245689425155,2.361472574840673,-0.00033195,1.5827871768011013,2.639678061348063,-60.048999342478666,-0.21789562370390278,-10.726136512126622,-0.04593960525765017,-0.27723296884788545,0.14951036861664863,58.55412968415883,0.3196625855594684,24.8295970051467,-0.03635708494780777,-1.1778097462450274,-0.00037072,0.5359912689413201,0.00017264,1,1.0
3973,-0.3589922210940466,4.224154422090526,-0.00033195,1.5827871768011013,2.639678061348063,-46.88906541609928,-0.21789562370390278,2.29350263668371,-0.04593960525765017,-20.60124209147996,0.14951036861664863,40.74996689856612,0.3196625855594684,19.014140902721298,-0.03635708494780777,-1.5306776614932005,-0.00037072,0.3672230781138689,0.00017264,1,1.0
3974,1.428206928050638,1.7504503195974257,-0.00033195,1.5827871768011013,2.639678061348063,-78.02931244780262,-0.21789562370390278,13.943846254558505,-0.04593960525765017,-83.07892280647167,0.14951036861664863,19.627233586798443,0.3196625855594684,100.0,-0.03635708494780777,-0.8976354598242677,-0.00037072,0.5087468903566403,0.00017264,1,1.0
3975,2.0106100464838694,1.1945461730727747,-0.00033195,1.5827871768011013,2.639678061348063,5.1804660615969516,-0.21789562370390278,26.047501827606226,-0.04593960525765017,-75.33204012414525,0.14951036861664863,-43.160225565001575,0.3196625855594684,65.17148952297434,-0.03635708494780777,0.29727931682462416,-0.00037072,1.5224056684986051,0.00017264,0,1.0
3976,1.8223604183248576,1.1088638771667547,-0.00033195,1.5827871768011013,2.639678061348063,-41.25883313838626,-0.21789562370390278,12.081074380442812,-0.04593960525765017,-46.836898587050236,0.14951036861664863,-43.79585476315229,0.3196625855594684,80.44879241424401,-0.03635708494780777,-0.5368276383515792,-0.00037072,0.564607076978744,0.00017264,1,1.0
3977,0.0005459914202758931,0.007767634871405249,-0.00033195,1.5827871768011013,2.639678061348063,51.23883372016415,-0.21789562370390278,22.282778528731097,-0.04593960525765017,-80.68409605490108,0.14951036861664863,18.96134605794328,0.3196625855594684,4.545033764515105,-0.03635708494780777,0.30022623865083786,-0.00037072,1.5008983841677577,0.00017264,0,1.0
3978,1.5927263527536897,0.8571690931531257,-0.00033195,1.5827871768011013,2.639678061348063,56.69857304796967,-0.21789562370390278,37.29787073985143,-0.04593960525765017,-86.81348305317061,0.14951036861664863,-57.029326498641474,0.3196625855594684,33.1858914404286,-0.03635708494780777,0.2853536466001102,-0.00037072,2.274608059958213,0.00017264,0,1.0
3979,1.317600270627187,0.5341566233698605,-0.00033195,1.5827871768011013,2.639678061348063,-18.789262174156626,-0.21789562370390278,16.96540211319497,-0.04593960525765017,-79.211959479014,0.14951036861664863,10.208606426709611,0.3196625855594684,65.50792756288953,-0.03635708494780777,0.3306187442574737,-0.00037072,0.8963533246673556,0.00017264,0,1.0
3980,0.473538493645021,0.8462158810106641,-0.00033195,1.5827871768011013,2.639678061348063,-63.723365689432526,-0.21789562370390278,-8.559890175516157,-0.04593960525765017,-38.41381186230079,0.14951036861664863,68.31205500903344,0.3196625855594684,58.11738532574393,-0.03635708494780777,-0.5551244713428329,-0.00037072,0.5569357313401693,0.00017264,1,1.0
3981,0.4660365365550281,0.15732404623954702,-0.00033195,1.5827871768011013,2.639678061348063,53.07496126567514,-0.21789562370390278,16.806000208480384,-0.04593960525765017,-24.005489224480538,0.14951036861664863,-35.61174007411776,0.3196625855594684,-10.89093932778546,-0.03635708494780777,0.3152148576390967,-0.00037072,1.228453441118193,0.00017264,0,1.0
3982,1.4134284744312735,1.744214076511366,-0.00033195,1.5827871768011013,2.639678061348063,-61.405006874706494,-0.21789562370390278,-9.880038249039583,-0.04593960525765017,-9.349707090449705,0.14951036861664863,2.161850116013658,0.3196625855594684,68.88703651937098,-0.03635708494780777,-0.5940232281089608,-0.00037072,0.5874737539023573,0.00017264,1,1.0
3983,1.0880238133242808,1.001511490592162,-0.00033195,1.5827871768011013,2.639678061348063,-24.174703288782133,-0.21789562370390278,4.780213144931166,-0.04593960525765017,-74.5626554995124,0.14951036861664863,49.22248983975131,0.3196625855594684,64.76251794880486,-0.03635708494780777,0.3262646729903492,-0.00037072,1.2889730270051185,0.00017264,0,1.0
3984,1.5525574147443728,2.4090279871882396,-0.00033195,1.5827871768011013,2.639678061348063,33.165900964805566,-0.21789562370390278,12.508971388144397,-0.04593960525765017,-56.9189937498084,0.14951036861664863,2.746538265985114,0.3196625855594684,33.82470409218616,-0.03635708494780777,0.8701144808994444,-0.00037072,2.381394443378274,0.00017264,0,1.0
3985,1.3766500173414733,3.8357974024489843,-0.00033195,1.5827871768011013,2.639678061348063,60.440796779118465,-0.21789562370390278,12.115312227046852,-0.04593960525765017,-83.94837326291541,0.14951036861664863,36.73632555171179,0.3196625855594684,29.417357308921094,-0.03635708494780777,0.9159036932917393,-0.00037072,3.636075324819831,0.00017264,0,1.0
3986,0.5854379814385208,3.783888764389422,-0.00033195,1.5827871768011013,2.639678061348063,6.33037857713559,-0.21789562370390278,-10.845312748996387,-0.04593960525765017,-11.256692629506075,0.14951036861664863,72.85724821836897,0.3196625855594684,5.877420946384494,-0.03635708494780777,-0.05114723273814015,-0.00037072,2.8869267371083076,0.00017264,1,1.0
3987,0.3503744974057126,0.527519397867455,-0.00033195,1.5827871768011013,2.639678061348063,91.42651177762988,-0.21789562370390278,43.36721943928923,-0.04593960525765017,-100.0,0.14951036861664863,-17.19575041636613,0.3196625855594684,-10.411319657005054,-0.03635708494780777,0.32671640282487036,-0.00037072,2.4993278170498217,0.00017264,0,1.0
3988,1.833396584375691,1.1191209519411263,-0.00033195,1.5827871768011013,2.639678061348063,67.42107836476953,-0.21789562370390278,38.196040024788154,-0.04593960525765017,-83.55703032323554,0.14951036861664863,-75.74505489693873,0.3196625855594684,33.235680058040096,-0.03635708494780777,0.2778451876262875,-0.00037072,2.5474712049610098,0.00017264,0,1.0
3989,2.3400670180455982,2.991682064685207,-0.00033195,1.5827871768011013,2.639678061348063,-29.70823895545685,-0.21789562370390278,6.21186844409945,-0.04593960525765017,-56.742732591496825,0.14951036861664863,-9.494187183862149,0.3196625855594684,86.97301863908922,-0.03635708494780777,0.27440880687941316,-0.00037072,1.6963292551512867,0.00017264,0,1.0
3990,0.1372119863971284,1.734491040283376,-0.00033195,1.5827871768011013,2.639678061348063,-13.871083786889303,-0.21789562370390278,17.37710320522253,-0.04593960525765017,-62.99670547816988,0.14951036861664863,20.010052584026095,0.3196625855594684,30.35395589364404,-0.03635708494780777,-0.8375542444508053,-0.00037072,0.810645974938804,0.00017264,1,1.0
3991,0.369372588158411,2.6001202666719063,-0.00033195,1.5827871768011013,2.639678061348063,-38.82511650995621,-0.21789562370390278,5.900385573919128,-0.04593960525765017,-6.823377660210045,0.14951036861664863,-10.244888133382425,0.3196625855594684,25.31255960248793,-0.03635708494780777,-1.2758247876154145,-0.00037072,0.3081114595176113,0.00017264,1,1.0
3992,-2.7477756903411494,13.397577394225124,-0.00033195,1.5827871768011013,2.639678061348063,20.467914640637183,-0.21789562370390278,-9.797764076633772,-0.04593960525765017,-12.847051758131478,0.14951036861664863,67.85054308896608,0.3196625855594684,-47.09635214255511,-0.03635708494780777,-1.5978465934535424,-0.00037072,-0.41616354581652637,0.00017264,1,1.0
3993,1.517028282672341,4.5747359547841615,-0.00033195,1.5827871768011013,2.639678061348063,-67.72778559184823,-0.21789562370390278,-15.694331116348746,-0.04593960525765017,-17.981136427502964,0.14951036861664863,7.690828693835735,0.3196625855594684,85.64381619440408,-0.03635708494780777,-1.1322361913254504,-0.00037072,1.0649255843022698,0.00017264,1,1.0
3994,2.0438800672308375,0.9971348364610568,-0.00033195,1.5827871768011013,2.639678061348063,-46.17843987025568,-0.21789562370390278,7.94840506104933,-0.04593960525765017,-18.91242537237063,0.14951036861664863,-58.6953886891512,0.3196625855594684,73.82326024974824,-0.03635708494780777,-0.2964897558201576,-0.00037072,0.2962318867030771,0.00017264,1,1.0
3995,1.6435894483526705,2.9138372322167543,-0.00033195,1.5827871768011013,2.639678061348063,81.70521006608641,-0.21789562370390278,17.732179456301832,-0.04593960525765017,-51.46046097883146,0.14951036861664863,-53.29325635909431,0.3196625855594684,17.18506012685699,-0.03635708494780777,0.2962811553683402,-0.00037072,3.3130444453244197,0.00017264,0,1.0
3996,0.003774654487247675,0.20510169297713945,-0.00033195,1.5827871768011013,2.639678061348063,31.947259738869935,-0.21789562370390278,15.036886367030133,-0.04593960525765017,-99.78492031668117,0.14951036861664863,66.486132178249,0.3196625855594684,23.759115911797476,-0.03635708494780777,0.6290268048716467,-0.00037072,1.54711254551192,0.00017264,0,1.0
3997,-0.8669706350609631,2.4317312884063895,-0.00033195,1.5827871768011013,2.639678061348063,98.06064727724386,-0.21789562370390278,10.602309862266846,-0.04593960525765017,-15.326608856326292,0.14951036861664863,79.89010368260828,0.3196625855594684,-84.88418049452035,-0.03635708494780777,0.9046702366234154,-0.00037072,3.1761218863752116,0.00017264,0,1.0
3998,-1.922669934606122,9.31369329083951,-0.00033195,1.5827871768011013,2.639678061348063,39.50047472907165,-0.21789562370390278,4.659342088231637,-0.04593960525765017,-42.60675626789671,0.14951036861664863,33.50162261042768,0.3196625855594684,-29.254466883946435,-0.03635708494780777,-1.5634587231659594,-0.00037072,0.4708261251886974,0.00017264,1,1.0
3999,1.7397286583641576,3.019885123315377,-0.00033195,1.5827871768011013,2.639678061348063,27.604204193339594,-0.21789562370390278,5.115268591027081,-0.04593960525765017,-31.853110502383196,0.14951036861664863,-21.717340106822817,0.3196625855594684,36.04013596388652,-0.03635708494780777,0.2815749908141951,-0.00037072,2.5352679078089393,0.00017264,0,1.0
4000,1.3839708954110754,0.7278326144325515,-0.00033195,1.6458958588694845,2.9575606284736997,-23.959922984546342,-0.21789562370390278,20.340686226772604,-0.04593960525765017,-73.22828088757223,0.14951036861664863,-38.13885817670893,0.3196625855594684,76.84174497172282,-0.03635708494780777,-0.05661071612346125,-0.00037072,0.7068920070786675,0.00017264,1,1.0
4001,0.2784996657636308,0.7659031428530785,-0.00033195,1.6458958588694845,2.9575606284736997,-22.64362440569645,-0.21789562370390278,-5.9497517383236,-0.04593960525765017,-27.626468821019454,0.14951036861664863,72.39199237067857,0.3196625855594684,25.29264921895111,-0.03635708494780777,-0.0980396326585895,-0.00037072,0.8287143468317558,0.00017264,1,1.0
4002,0.23632605000652684,0.6195093672738703,-0.00033195,1.6458958588694845,2.9575606284736997,89.06020392915799,-0.21789562370390278,17.56055584778141,-0.04593960525765017,-65.98215004442594,0.14951036861664863,68.18579374210955,0.3196625855594684,-25.34291879681482,-0.03635708494780777,1.058693686126131,-0.00037072,1.7491146950798888,0.00017264,0,1.0
4003,0.880061296887992,0.5255964549155546,-0.00033195,1.6458958588694845,2.9575606284736997,1.3683976257771433,-0.21789562370390278,14.041132310215573,-0.04593960525765017,-21.10293865648199,0.14951036861664863,-76.40961165592505,0.3196625855594684,34.13964425996606,-0.03635708494780777,-0.36990044871432615,-0.00037072,0.520104599473124,0.00017264,1,1.0
4004,1.3892683072179186,1.3349356685450091,-0.00033195,1.6458958588694845,2.9575606284736997,85.97586651475146,-0.21789562370390278,21.15157254984921,-0.04593960525765017,-52.80073839845409,0.14951036861664863,-75.84236599398245,0.3196625855594684,20.39187644156362,-0.03635708494780777,0.29102264609590955,-0.00037072,2.0989851162843967,0.00017264,0,1.0
4005,0.0017644019527787158,0.029452320560807113,-0.00033195,1.6458958588694845,2.9575606284736997,14.348811728450993,-0.21789562370390278,12.683890429279131,-0.04593960525765017,-79.64868205108253,0.14951036861664863,75.00066699517798,0.3196625855594684,18.45664705029563,-0.03635708494780777,0.4820297475573476,-0.00037072,0.5751314470941018,0.00017264,0,1.0
4006,2.235265295997662,7.001934965891419,-0.00033195,1.6458958588694845,2.9575606284736997,59.63256164973578,-0.21789562370390278,54.445515593733454,-0.04593960525765017,-85.02215047491289,0.14951036861664863,31.955702330514978,0.3196625855594684,4.626348659913697,-0.03635708494780777,0.5745210455733638,-0.00037072,3.8852202459034766,0.00017264,0,1.0
4007,0.3106979263554619,0.02248926900869466,-0.00033195,1.6458958588694845,2.9575606284736997,-44.977380560693085,-0.21789562370390278,4.337407337772821,-0.04593960525765017,-66.60904256511172,0.14951036861664863,53.32676733454403,0.3196625855594684,57.29541136762638,-0.03635708494780777,-0.07010825651738646,-0.00037072,0.07279667137789815,0.00017264,1,1.0
4008,0.6574781062757119,0.3095749536759844,-0.00033195,1.6458958588694845,2.9575606284736997,-2.000296400633684,-0.21789562370390278,7.904659306874383,-0.04593960525765017,-47.81969970615996,0.14951036861664863,19.29522603953333,0.3196625855594684,34.69601256033252,-0.03635708494780777,0.3410770082954835,-0.00037072,0.5866211529789571,0.00017264,0,1.0
4009,0.4248338575808184,0.1554247423818761,-0.00033195,1.6458958588694845,2.9575606284736997,-0.24885782157649763,-0.21789562370390278,11.291448875076101,-0.04593960525765017,-65.05882516904641,0.14951036861664863,40.254834959247205,0.3196625855594684,32.82755461784462,-0.03635708494780777,0.4295414336039952,-0.00037072,0.469070670818465,0.00017264,0,1.0
4010,0.02028315001326053,0.3849438139459197,-0.00033195,1.6458958588694845,2.9575606284736997,44.5254829443686,-0.21789562370390278,23.60831662976944,-0.04593960525765017,-66.49202795332073,0.14951036861664863,44.195504904051475,0.3196625855594684,-10.321348888935594,-0.03635708494780777,0.2657621399402964,-0.00037072,1.1130118705663623,0.00017264,0,1.0
4011,1.6750263562322583,0.5194683437777082,-0.00033195,1.6458958588694845,2.9575606284736997,-56.09853630506158,-0.21789562370390278,7.809975393113131,-0.04593960525765017,-16.04664554597688,0.14951036861664863,-78.1696496428736,0.3196625855594684,79.8509888400863,-0.03635708494780777,-0.1825032238610927,-0.00037072,0.18156164730801255,0.00017264,1,1.0
4012,1.412590012824401,1.1488688546184451,-0.00033195,1.6458958588694845,2.9575606284736997,-22.04208502078284,-0.21789562370390278,14.672585872688414,-0.04593960525765017,-47.05563642061626,0.14951036861664863,13.498507439820534,0.3196625855594684,50.93505389045222,-0.03635708494780777,0.2917715176429366,-0.00037072,1.1753740850842826,0.00017264,0,1.0
4013,1.6631247355138354,2.501695490535907,-0.00033195,1.6458958588694845,2.9575606284736997,-42.529178045407534,-0.21789562370390278,14.696174991818635,-0.04593960525765017,-7.8474041262830205,0.14951036861664863,-36.44352418046163,0.3196625855594684,48.3747700514616,-0.03635708494780777,-0.29235059098325356,-0.00037072,1.1635637417039153,0.00017264,1,1.0
4014,0.33925912648127565,0.10130695408416564,-0.00033195,1.6458958588694845,2.9575606284736997,77.24967903216385,-0.21789562370390278,22.638542263660874,-0.04593960525765017,-41.555017349487706,0.14951036861664863,-37.41242299424552,0.3196625855594684,-15.825416722531422,-0.03635708494780777,0.32239190128606443,-0.00037072,1.1129001141333377,0.00017264,0,1.0
4015,1.8470188007081083,3.3662600068653488,-0.00033195,1.6458958588694845,2.9575606284736997,80.64225791093507,-0.21789562370390278,17.009023327598463,-0.04593960525765017,-90.45131474428504,0.14951036861664863,-35.11982708711135,0.3196625855594684,54.54526830508156,-0.03635708494780777,0.27512675043520174,-0.00037072,2.9695718353782263,0.00017264,0,1.0
4016,0.7309189903021978,0.2082186269463802,-0.00033195,1.6458958588694845,2.9575606284736997,53.92692842517811,-0.21789562370390278,27.484190352977382,-0.04593960525765017,-77.35623099428184,0.14951036861664863,-25.339310752498747,0.3196625855594684,20.01672110298472,-0.03635708494780777,0.3134316949997905,-0.00037072,1.2232296859091218,0.00017264,0,1.0
4017,0.2898051136977524,2.858076736780677,-0.00033195,1.6458958588694845,2.9575606284736997,72.97604608209559,-0.21789562370390278,39.30729309818999,-0.04593960525765017,-38.32157335243197,0.14951036861664863,-96.95197638229409,0.3196625855594684,-22.703478554970207,-0.03635708494780777,-0.7016469410175117,-0.00037072,1.3170470759821975,0.00017264,1,1.0
4018,1.1412863058742078,1.017276517873639,-0.00033195,1.6458958588694845,2.9575606284736997,-74.86387721750735,-0.21789562370390278,-7.722922958879471,-0.04593960525765017,-38.9523514224276,0.14951036861664863,13.466323763780123,0.3196625855594684,91.1012237460082,-0.03635708494780777,-0.4409821698222518,-0.00037072,0.4225995116604865,0.00017264,1,1.0
4019,0.9956912029816696,1.1062852390930649,-0.00033195,1.6458958588694845,2.9575606284736997,-44.50481908282718,-0.21789562370390278,10.114867751940666,-0.04593960525765017,-3.0585606463119333,0.14951036861664863,-62.90407690858218,0.3196625855594684,45.116214552532874,-0.03635708494780777,-0.6347104086570882,-0.00037072,0.2557311053390503,0.00017264,1,1.0
4020,0.00017361920822719923,0.3874304056370326,-0.00033195,1.6458958588694845,2.9575606284736997,24.585029402658154,-0.21789562370390278,0.9599041599847672,-0.04593960525765017,-20.376224764480448,0.14951036861664863,67.27838793274724,0.3196625855594684,-14.087534902892374,-0.03635708494780777,0.20455525813548686,-0.00037072,1.09528084572076,0.00017264,0,1.0
4021,1.4021870515115689,2.2484997174881127,-0.00033195,1.6458958588694845,2.9575606284736997,14.783705745553931,-0.21789562370390278,-0.018582130810822273,-0.04593960525765017,-35.98790240742023,0.14951036861664863,39.2435601240468,0.3196625855594684,37.33123551793796,-0.03635708494780777,0.3958843472166348,-0.00037072,2.069995128850426,0.00017264,0,1.0
4022,0.16011305700787182,0.016123998900475375,-0.00033195,1.6458958588694845,2.9575606284736997,-4.4060397289219715,-0.21789562370390278,2.68015439885525,-0.04593960525765017,-10.091736232855636,0.14951036861664863,-7.372564026387212,0.3196625855594684,11.184230298695855,-0.03635708494780777,-0.08615345220375221,-0.00037072,0.08640997703555815,0.00017264,1,1.0
4023,0.8144634392721397,0.28020359826541963,-0.00033195,1.6458958588694845,2.9575606284736997,45.01878780586902,-0.21789562370390278,19.48880065531367,-0.04593960525765017,-32.766506652728545,0.14951036861664863,-50.84385534157413,0.3196625855594684,8.653031046914116,-0.03635708494780777,0.3429863299175097,-0.00037072,0.9047226044221393,0.00017264,0,1.0
4024,0.7681971837972763,0.24744102597741985,-0.00033195,1.6458958588694845,2.9575606284736997,67.434577416649,-0.21789562370390278,26.323082212293883,-0.04593960525765017,-54.452439272475175,0.14951036861664863,-52.622228058860415,0.3196625855594684,5.8351127149972175,-0.03635708494780777,0.312026104797884,-0.00037072,1.2534456914480985,0.00017264,0,1.0
4025,0.1440365466444642,0.3531767265055573,-0.00033195,1.6458958588694845,2.9575606284736997,99.804265452483,-0.21789562370390278,34.53370499605115,-0.04593960525765017,-52.064155665229464,0.14951036861664863,-34.223189364375685,0.3196625855594684,-37.38562835818689,-0.03635708494780777,0.31905178120367816,-0.00037072,1.3833995101962102,0.00017264,0,1.0
4026,0.963445967255653,0.5744226261797455,-0.00033195,1.6458958588694845,2.9575606284736997,75.85760132675368,-0.21789562370390278,35.25201251575622,-0.04593960525765017,-44.2603758829331,0.14951036861664863,-81.72799940149199,0.3196625855594684,-5.439416015888938,-0.03635708494780777,0.31205995062389447,-0.00037072,1.3747231532462618,0.00017264,0,1.0
4027,0.12461043511127434,0.1140801798119282,-0.00033195,1.6458958588694845,2.9575606284736997,42.609986504013854,-0.21789562370390278,9.805360171488143,-0.04593960525765017,-10.20592398988999,0.14951036861664863,-5.478263344635339,0.3196625855594684,-19.951795070579276,-0.03635708494780777,0.4330766307228143,-0.00037072,0.5090948716436504,0.00017264,0,1.0
4028,0.6033544134146198,2.288754541407359,-0.00033195,1.6458958588694845,2.9575606284736997,-86.07721686951335,-0.21789562370390278,-23.766466194303714,-0.04593960525765017,-26.419476495288666,0.14951036861664863,85.14417257810531,0.3196625855594684,78.07181932492243,-0.03635708494780777,-0.8231879749894981,-0.00037072,0.7931203551575796,0.00017264,1,1.0
4029,0.6737424999035282,0.12910296354518577,-0.00033195,1.6458958588694845,2.9575606284736997,-22.79417143778737,-0.21789562370390278,7.215812662966196,-0.04593960525765017,-26.765520815357057,0.14951036861664863,-27.32188824964263,0.3196625855594684,41.332466939026055,-0.03635708494780777,-0.20779118630095858,-0.00037072,0.207468127027953,0.00017264,1,1.0
4030,1.5730175757434457,0.8040916783040434,-0.00033195,1.6458958588694845,2.9575606284736997,-50.14616148797818,-0.21789562370390278,17.703261415603425,-0.04593960525765017,-35.38129568368508,0.14951036861664863,-76.42424613419644,0.3196625855594684,77.02046411628038,-0.03635708494780777,-0.4621558729326752,-0.00037072,0.45923033546069664,0.00017264,1,1.0
4031,-0.019732060206121727,1.2170201032519299,-0.00033195,1.6458958588694845,2.9575606284736997,77.91425076747572,-0.21789562370390278,31.45202376311819,-0.04593960525765017,-66.06519693908959,0.14951036861664863,78.7648568061985,0.3196625855594684,-44.89548406641991,-0.03635708494780777,0.358952775866033,-0.00037072,2.126707706030298,0.00017264,0,1.0
4032,0.006163229157868655,0.1347091582370149,-0.00033195,1.6458958588694845,2.9575606284736997,-39.4471569813828,-0.21789562370390278,-5.087827947703975,-0.04593960525765017,-32.46465387949393,0.14951036861664863,69.2617765897303,0.3196625855594684,30.993419477770217,-0.03635708494780777,-0.2428212581652242,-0.00037072,0.24314244392333667,0.00017264,1,1.0
4033,-0.000695314810744585,0.2599381844608925,-0.00033195,1.6458958588694845,2.9575606284736997,48.77743740213676,-0.21789562370390278,10.316865787380094,-0.04593960525765017,-78.54583891873027,0.14951036861664863,93.36334080132303,0.3196625855594684,0.2565330590179419,-0.03635708494780777,0.6481841215451445,-0.00037072,1.3113518624325906,0.00017264,0,1.0
4034,0.0004266784950607283,0.03737786325891789,-0.00033195,1.6458958588694845,2.9575606284736997,53.57116250184787,-0.21789562370390278,13.735552212533937,-0.04593960525765017,-49.56549447831096,0.14951036861664863,20.520323800034333,0.3196625855594684,-9.33784383431131,-0.03635708494780777,0.39403327070537986,-0.00037072,0.8265201765024649,0.00017264,0,1.0
4035,0.8096447202135375,1.7604871222333411,-0.00033195,1.6458958588694845,2.9575606284736997,-26.24014564060434,-0.21789562370390278,11.93522028033108,-0.04593960525765017,-11.269750873652644,0.14951036861664863,-0.4711981205277438,0.3196625855594684,21.390167798360203,-0.03635708494780777,-0.43035970910926447,-0.00037072,0.9755298574421237,0.00017264,1,1.0
4036,0.23723056727254346,0.16593132564357435,-0.00033195,1.6458958588694845,2.9575606284736997,-53.215970821019006,-0.21789562370390278,-2.7668321146212698,-0.04593960525765017,-65.83473674233603,0.14951036861664863,75.39693018822302,0.3196625855594684,62.189987537418475,-0.03635708494780777,-0.16899639064911723,-0.00037072,0.167844698730181,0.00017264,1,1.0
4037,2.127239652073381,2.1952000677870345,-0.00033195,1.6458958588694845,2.9575606284736997,-33.82319336774962,-0.21789562370390278,22.2097721762704,-0.04593960525765017,-52.55355232904692,0.14951036861664863,-14.618545433892452,0.3196625855594684,72.00589043095059,-0.03635708494780777,0.29427733815384216,-0.00037072,1.509528705725719,0.00017264,0,1.0
4038,0.5901013206804882,3.3574141393079744,-0.00033195,1.6458958588694845,2.9575606284736997,95.97510403817165,-0.21789562370390278,52.23562598215489,-0.04593960525765017,-67.11495335081484,0.14951036861664863,-90.25872624968754,0.3196625855594684,-23.414591226619873,-0.03635708494780777,-0.372436885861259,-0.00037072,1.8820796283260797,0.00017264,1,1.0
4039,-0.00031038568046493076,0.17274089612269974,-0.00033195,1.6458958588694845,2.9575606284736997,85.95746024683596,-0.21789562370390278,28.047948107660403,-0.04593960525765017,-89.53101105062655,0.14951036861664863,49.227040130057745,0.3196625855594684,-19.030881126568268,-0.03635708494780777,0.9151980841571496,-0.00037072,1.256586915957768,0.00017264,0,1.0
4040,0.7465758590071064,0.5135477535930203,-0.00033195,1.6458958588694845,2.9575606284736997,-12.788026195325832,-0.21789562370390278,11.158137804959019,-0.04593960525765017,-75.6743153953686,0.14951036861664863,76.49392719532484,0.3196625855594684,43.662250112508126,-0.03635708494780777,0.4021432461628436,-0.00037072,1.1004586288523388,0.00017264,0,1.0
4041,0.5069081957898802,0.3640530877577399,-0.00033195,1.6458958588694845,2.9575606284736997,11.762613597219213,-0.21789562370390278,11.928678897050151,-0.04593960525765017,-100.0,0.14951036861664863,63.679818842624876,0.3196625855594684,48.342285397957,-0.03635708494780777,0.3191641996643525,-0.00037072,1.104191858122566,0.00017264,0,1.0
4042,-0.010834329131077958,2.133263747988191,-0.00033195,1.6458958588694845,2.9575606284736997,66.2522643829094,-0.21789562370390278,36.76212184282557,-0.04593960525765017,-64.80313866370078,0.14951036861664863,-7.300287067409009,0.3196625855594684,-25.19099361168585,-0.03635708494780777,-0.25720657138464076,-0.00037072,1.4274236358076762,0.00017264,1,1.0
4043,1.8372407987667598,2.415930794307353,-0.00033195,1.6458958588694845,2.9575606284736997,44.563622872437755,-0.21789562370390278,6.591532712637711,-0.04593960525765017,-12.03348195520021,0.14951036861664863,-70.09517846717891,0.3196625855594684,33.8226601336721,-0.03635708494780777,0.30044314796980365,-0.00037072,1.9888818684337894,0.00017264,0,1.0
4044,0.5012170230981312,0.3510764425459664,-0.00033195,1.6458958588694845,2.9575606284736997,86.79299980786884,-0.21789562370390278,19.016909713962594,-0.04593960525765017,-52.270063206780605,0.14951036861664863,-28.958100175056128,0.3196625855594684,-6.71761796053124,-0.03635708494780777,0.3093803806861968,-0.00037072,1.5699375568362268,0.00017264,0,1.0
4045,0.6692393733672255,0.2708135265266294,-0.00033195,1.6458958588694845,2.9575606284736997,26.953667300646508,-0.21789562370390278,9.92127366740166,-0.04593960525765017,-17.52307531593442,0.14951036861664863,-25.371245252425215,0.3196625855594684,7.989012310787127,-0.03635708494780777,0.3982317996352464,-0.00037072,0.644758463462263,0.00017264,0,1.0
4046,0.881196325821239,0.5013746734763631,-0.00033195,1.6458958588694845,2.9575606284736997,-90.57820510822592,-0.21789562370390278,-6.450756003874206,-0.04593960525765017,-53.2067607360683,0.14951036861664863,66.63108977925259,0.3196625855594684,88.86597452992345,-0.03635708494780777,-0.32081397536536455,-0.00037072,0.3196135059195557,0.00017264,1,1.0
4047,0.5240287487299482,0.048916703397457365,-0.00033195,1.6458958588694845,2.9575606284736997,-34.838506091918894,-0.21789562370390278,1.8967242169492358,-0.04593960525765017,-28.184449586934598,0.14951036861664863,8.027332997804582,0.3196625855594684,42.575367364444574,-0.03635708494780777,-0.012470787584004538,-0.00037072,0.014365482479572882,0.00017264,1,1.0
4048,1.475627567611931,1.1088353793750352,-0.00033195,1.6458958588694845,2.9575606284736997,-72.07423163095703,-0.21789562370390278,10.45313777283491,-0.04593960525765017,-20.00583167356592,0.14951036861664863,-58.02825461024681,0.3196625855594684,77.8715435418803,-0.03635708494780777,-0.5678047303813667,-0.00037072,0.2667805458238976,0.00017264,1,1.0
4049,0.582080389133529,0.23440072221896185,-0.00033195,1.6458958588694845,2.9575606284736997,36.250718369707165,-0.21789562370390278,21.775223426113197,-0.04593960525765017,-51.60647573871808,0.14951036861664863,-15.18808186015249,0.3196625855594684,10.395945406261069,-0.03635708494780777,0.33468995714788846,-0.00037072,0.8598428145559636,0.00017264,0,1.0
4050,0.10803608974336676,0.02724993812426627,-0.00033195,1.6458958588694845,2.9575606284736997,71.98526441345538,-0.21789562370390278,28.13464475813647,-0.04593960525765017,-97.8945446236875,0.14951036861664863,18.820672937190164,0.3196625855594684,3.195064010283237,-0.03635708494780777,0.3113123121833289,-0.00037072,1.2943386033072248,0.00017264,0,1.0
4051,-0.4823593403429345,3.3452358419344614,-0.00033195,1.6458958588694845,2.9575606284736997,-12.95244050299599,-0.21789562370390278,15.428950301687665,-0.04593960525765017,-50.80031433432968,0.14951036861664863,77.48543355046631,0.3196625855594684,-4.030194846962619,-0.03635708494780777,-0.8719928603420773,-0.00037072,0.9316571830786476,0.00017264,1,1.0
4052,0.0029774583618709105,0.07882883817453099,-0.00033195,1.6458958588694845,2.9575606284736997,63.97385936674435,-0.21789562370390278,15.232454126998055,-0.04593960525765017,-48.098956218988796,0.14951036861664863,26.017518419594534,0.3196625855594684,-18.322106310716595,-0.03635708494780777,0.6338974643630924,-0.00037072,0.8803180579545333,0.00017264,0,1.0
4053,2.071469512344673,3.3942366227830876,-0.00033195,1.6458958588694845,2.9575606284736997,4.529941415849819,-0.21789562370390278,-1.9039656503665894,-0.04593960525765017,-13.860305767750345,0.14951036861664863,-16.843552808142295,0.3196625855594684,54.85007598105522,-0.03635708494780777,0.2835406449393816,-0.00037072,2.1663370421746198,0.00017264,0,1.0
4054,1.3877352987367733,0.7981481685079719,-0.00033195,1.6458958588694845,2.9575606284736997,-13.989235983084178,-0.21789562370390278,14.91663466837146,-0.04593960525765017,-82.95256550004495,0.14951036861664863,-3.1845036560719753,0.3196625855594684,77.49265496782425,-0.03635708494780777,0.2739917143932656,-0.00037072,0.9689611713871915,0.00017264,0,1.0
4055,0.3420313158282071,0.21302509899714067,-0.00033195,1.6458958588694845,2.9575606284736997,11.122928765968753,-0.21789562370390278,9.320001173794548,-0.04593960525765017,-5.390382851890924,0.14951036861664863,-52.45367953821598,0.3196625855594684,7.367829839375405,-0.03635708494780777,-0.3179817549084631,-0.00037072,0.31691944895597407,0.00017264,1,1.0
4056,0.3539885884636318,0.08531484060193391,-0.00033195,1.6458958588694845,2.9575606284736997,71.59376190211545,-0.21789562370390278,27.181059024659053,-0.04593960525765017,-77.23861848907808,0.14951036861664863,-11.920881981701223,0.3196625855594684,1.6348410134212488,-0.03635708494780777,0.31159598670758704,-0.00037072,1.2648743729372767,0.00017264,0,1.0
4057,1.2084091661745882,0.8106813832622997,-0.00033195,1.6458958588694845,2.9575606284736997,17.513611833409794,-0.21789562370390278,27.449314453227473,-0.04593960525765017,-61.88593532613431,0.14951036861664863,-61.46173566435518,0.3196625855594684,43.34927165720044,-0.03635708494780777,0.021606832586586078,-0.00037072,0.9924786517967348,0.00017264,0,1.0
4058,0.912011217262054,0.3648782750385175,-0.00033195,1.6458958588694845,2.9575606284736997,41.713773835403416,-0.21789562370390278,15.916506283134416,-0.04593960525765017,-6.801528389319478,0.14951036861664863,-71.06930884020237,0.3196625855594684,2.1515785481864222,-0.03635708494780777,0.3600524149541011,-0.00037072,0.7543128757151005,0.00017264,0,1.0
4059,0.6093308371019202,0.23527040220541817,-0.00033195,1.6458958588694845,2.9575606284736997,52.82410929339768,-0.21789562370390278,19.033472472726388,-0.04593960525765017,-60.38496336088383,0.14951036861664863,-16.933876075693263,0.3196625855594684,13.765485643570003,-0.03635708494780777,0.31750782397592714,-0.00037072,1.1643729814163368,0.00017264,0,1.0
4060,0.00040320964539697357,0.021546073017969174,-0.00033195,1.6458958588694845,2.9575606284736997,69.32439652326708,-0.21789562370390278,20.04164218412116,-0.04593960525765017,-58.39567012792081,0.14951036861664863,5.6111303729358015,0.3196625855594684,-13.87331026847875,-0.03635708494780777,0.33309330467772663,-0.00037072,1.0046112234570876,0.00017264,0,1.0
4061,1.4041000078233297,1.8083324410531167,-0.00033195,1.6458958588694845,2.9575606284736997,18.731945415540675,-0.21789562370390278,11.014077045953508,-0.04593960525765017,-99.76190067150414,0.14951036861664863,28.81874417335971,0.3196625855594684,72.2368434248601,-0.03635708494780777,0.28474835976907853,-0.00037072,1.9563371179424451,0.00017264,0,1.0
4062,0.7128905624489237,7.550785539046534,-0.00033195,1.6458958588694845,2.9575606284736997,-7.304452166076956,-0.21789562370390278,43.644640719584594,-0.04593960525765017,-58.772704854367404,0.14951036861664863,-40.849203747376414,0.3196625855594684,17.62825455193178,-0.03635708494780777,-1.4441944940957443,-0.00037072,1.7207619174136233,0.00017264,1,1.0
4063,1.6887268934081954,0.9062756600013124,-0.00033195,1.6458958588694845,2.9575606284736997,46.68249834055365,-0.21789562370390278,28.129116291089968,-0.04593960525765017,-59.24460801189054,0.14951036861664863,-94.55867252415987,0.3196625855594684,44.94134201618108,-0.03635708494780777,0.2960394596852661,-0.00037072,1.4793085172427722,0.00017264,0,1.0
4064,-0.0011347455496890646,0.5744381450429097,-0.00033195,1.6458958588694845,2.9575606284736997,90.75222122381535,-0.21789562370390278,7.888274429152635,-0.04593960525765017,-50.78374877814379,0.14951036861664863,64.42862420890977,0.3196625855594684,-29.206912365843614,-0.03635708494780777,0.6208170453900985,-0.00037072,1.8646112238757677,0.00017264,0,1.0
4065,0.8308567727252948,1.5909972674967323,-0.00033195,1.6458958588694845,2.9575606284736997,-68.46496507045161,-0.21789562370390278,16.92437898345186,-0.04593960525765017,-67.59877647985981,0.14951036861664863,-0.3573080986284722,0.3196625855594684,76.80415868311837,-0.03635708494780777,-0.859794431149281,-0.00037072,0.431402974325796,0.00017264,1,1.0
4066,0.0611504875786566,0.14413123603344222,-0.00033195,1.6458958588694845,2.9575606284736997,79.04617531847458,-0.21789562370390278,19.22528253543707,-0.04593960525765017,-76.04844244428402,0.14951036861664863,35.18973898232428,0.3196625855594684,-10.396785094606285,-0.03635708494780777,0.602173285520895,-0.00037072,1.3239383988172833,0.00017264,0,1.0
4067,-0.0055011669071932945,0.4353037777660359,-0.00033195,1.6458958588694845,2.9575606284736997,-33.53268567685535,-0.21789562370390278,-2.934742197757615,-0.04593960525765017,-48.79911613143157,0.14951036861664863,97.87011205713806,0.3196625855594684,30.413432957459108,-0.03635708494780777,-0.14675415541876258,-0.00037072,0.5784337183547569,0.00017264,1,1.0
4068,-0.0013520458773146338,0.1951040483124906,-0.00033195,1.6458958588694845,2.9575606284736997,62.561238871680374,-0.21789562370390278,9.86023459547073,-0.04593960525765017,-25.32514345860382,0.14951036861664863,37.75909172099387,0.3196625855594684,-31.11994400379203,-0.03635708494780777,0.6130835628645492,-0.00037072,1.073842753671506,0.00017264,0,1.0
4069,1.8637022041346463,5.99944697156239,-0.00033195,1.6458958588694845,2.9575606284736997,66.18838274694637,-0.21789562370390278,-3.528979381757391,-0.04593960525765017,-57.56312121036681,0.14951036861664863,45.491865504138374,0.3196625855594684,41.76824773880416,-0.03635708494780777,0.34680184198655506,-0.00037072,3.696436840781934,0.00017264,0,1.0
4070,0.48563182255922166,0.15448626508026914,-0.00033195,1.6458958588694845,2.9575606284736997,-12.636802530906877,-0.21789562370390278,8.847454087312649,-0.04593960525765017,-30.465315894294374,0.14951036861664863,-23.13149764080908,0.3196625855594684,32.79804454971917,-0.03635708494780777,-0.25880607537596684,-0.00037072,0.268500265986196,0.00017264,1,1.0
4071,0.6931776360317763,2.0332289162574906,-0.00033195,1.6458958588694845,2.9575606284736997,-73.00610855800515,-0.21789562370390278,12.23078146163054,-0.04593960525765017,-44.08807382506441,0.14951036861664863,12.356716652165073,0.3196625855594684,61.2225600997094,-0.03635708494780777,-0.9716149580868377,-0.00037072,0.5040329484084834,0.00017264,1,1.0
4072,0.0012496639840710033,0.045641723084349155,-0.00033195,1.6458958588694845,2.9575606284736997,60.487041814640726,-0.21789562370390278,10.374786571613939,-0.04593960525765017,-7.886113084449011,0.14951036861664863,-13.419149100129452,0.3196625855594684,-30.861973763592147,-0.03635708494780777,0.4175916084250201,-0.00037072,0.6239246631340286,0.00017264,0,1.0
4073,0.9481929111050004,0.297116856450335,-0.00033195,1.6458958588694845,2.9575606284736997,37.53837619932573,-0.21789562370390278,27.077828184680534,-0.04593960525765017,-80.9540008028584,0.14951036861664863,-25.678664693037856,0.3196625855594684,34.90635374333829,-0.03635708494780777,0.31834167963237064,-0.00037072,1.1551193220588556,0.00017264,0,1.0
4074,0.00031330065118395645,0.2571549614473838,-0.00033195,1.6458958588694845,2.9575606284736997,37.6475509182035,-0.21789562370390278,3.4958465067258855,-0.04593960525765017,-26.81682639660031,0.14951036861664863,73.48649308631661,0.3196625855594684,-19.88028816430531,-0.03635708494780777,0.3451599705409713,-0.00037072,1.2839874529091566,0.00017264,0,1.0
4075,1.3011864157033084,2.599571349878666,-0.00033195,1.6458958588694845,2.9575606284736997,-1.4251368541443075,-0.21789562370390278,-5.552166871928861,-0.04593960525765017,-27.14296997869057,0.14951036861664863,77.39771206973953,0.3196625855594684,33.300897866658595,-0.03635708494780777,0.23016477913981026,-0.00037072,2.2919541166855275,0.00017264,0,1.0
4076,1.6714007407745566,2.0996991609808457,-0.00033195,1.6458958588694845,2.9575606284736997,86.5845577604883,-0.21789562370390278,19.534236898540176,-0.04593960525765017,-55.894036322719714,0.14951036861664863,-77.37066469072703,0.3196625855594684,30.239739998830814,-0.03635708494780777,0.30144866366605005,-0.00037072,2.419575946978024,0.00017264,0,1.0
4077,0.5749093339470627,0.8321217698130234,-0.00033195,1.6458958588694845,2.9575606284736997,-26.57755539737281,-0.21789562370390278,-6.019129457584954,-0.04593960525765017,-6.663829531549094,0.14951036861664863,-21.339338780933176,0.3196625855594684,40.88538139210488,-0.03635708494780777,-0.5023553757615046,-0.00037072,0.37455086255940173,0.00017264,1,1.0
4078,1.2313072398140361,0.4854580106081124,-0.00033195,1.6458958588694845,2.9575606284736997,1.8253002022987719,-0.21789562370390278,19.428736773397773,-0.04593960525765017,-58.952051850203084,0.14951036861664863,-30.33975604818991,0.3196625855594684,50.71106222914229,-0.03635708494780777,0.3414398270123523,-0.00037072,0.7679302624778864,0.00017264,0,1.0
4079,0.0030774543893185013,0.08022986097396935,-0.00033195,1.6458958588694845,2.9575606284736997,45.05125994990203,-0.21789562370390278,15.08569760940078,-0.04593960525765017,-67.02229728607163,0.14951036861664863,56.930109150846256,0.3196625855594684,-3.243918639901833,-0.03635708494780777,0.7223869622943715,-0.00037072,0.7593944028698054,0.00017264,0,1.0
4080,1.2751153685448053,0.5505077553827064,-0.00033195,1.6458958588694845,2.9575606284736997,55.1866946214941,-0.21789562370390278,26.78935998897227,-0.04593960525765017,-32.139679378717474,0.14951036861664863,-95.53510395632236,0.3196625855594684,14.775774956439138,-0.03635708494780777,0.3193058558433429,-0.00037072,1.1724099221227742,0.00017264,0,1.0
4081,2.4051514291419864,4.451256183318186,-0.00033195,1.6458958588694845,2.9575606284736997,-37.25812419953175,-0.21789562370390278,9.012861366138793,-0.04593960525765017,-68.09083173499957,0.14951036861664863,79.8842824506527,0.3196625855594684,82.8837089217943,-0.03635708494780777,0.5223311984152921,-0.00037072,2.679425427273942,0.00017264,0,1.0
4082,0.7632063750178734,0.26196329066348956,-0.00033195,1.6458958588694845,2.9575606284736997,70.41585891092515,-0.21789562370390278,25.102601992909246,-0.04593960525765017,-36.567670567077045,0.14951036861664863,-67.06634125008009,0.3196625855594684,-3.8125438615219,-0.03635708494780777,0.31846339836239373,-0.00037072,1.1665354687953304,0.00017264,0,1.0
4083,0.000809720188912344,0.2678788101849091,-0.00033195,1.6458958588694845,2.9575606284736997,38.3293161297026,-0.21789562370390278,4.1027276858919155,-0.04593960525765017,-27.568244230837475,0.14951036861664863,74.98121773516799,0.3196625855594684,-20.741323878118582,-0.03635708494780777,0.35231453210494473,-0.00037072,1.3114265880790772,0.00017264,0,1.0
4084,0.004420407538795357,0.6696003702383998,-0.00033195,1.6458958588694845,2.9575606284736997,89.16996458172231,-0.21789562370390278,10.160531429880715,-0.04593960525765017,-79.5992920230287,0.14951036861664863,63.53259383592682,0.3196625855594684,-9.450309199028547,-0.03635708494780777,0.3782734019075631,-0.00037072,1.9796942668560666,0.00017264,0,1.0
4085,-9.408250166406673e-05,0.11105363777819736,-0.00033195,1.6458958588694845,2.9575606284736997,19.164227827676736,-0.21789562370390278,3.701152261647728,-0.04593960525765017,-2.2372372276764625,0.14951036861664863,-7.466546688966343,0.3196625855594684,-9.679989319694291,-0.03635708494780777,0.09685823080640618,-0.00037072,0.19354492306824925,0.00017264,0,1.0
4086,-0.002063809250330159,0.3048669986779241,-0.00033195,1.6458958588694845,2.9575606284736997,-12.820725107289755,-0.21789562370390278,-1.2335451231086807,-0.04593960525765017,-39.17024581272942,0.14951036861664863,71.84055343513485,0.3196625855594684,18.385858961805862,-0.03635708494780777,0.01762581378986522,-0.00037072,0.5257667335619522,0.00017264,0,1.0
4087,-0.003599278276960577,0.6617055094242057,-0.00033195,1.6458958588694845,2.9575606284736997,61.311803756338,-0.21789562370390278,1.5656824868098207,-0.04593960525765017,-10.967044008871568,0.14951036861664863,93.02267376644475,0.3196625855594684,-45.06304256506394,-0.03635708494780777,0.3843786842198462,-0.00037072,2.0067956601368477,0.00017264,0,1.0
4088,1.783156855358111,2.436452742809157,-0.00033195,1.6458958588694845,2.9575606284736997,11.521955537717494,-0.21789562370390278,11.022682540241561,-0.04593960525765017,-98.37665815428126,0.14951036861664863,14.432831552409919,0.3196625855594684,85.40479972173154,-0.03635708494780777,0.30016502696600955,-0.00037072,2.0993566873341907,0.00017264,0,1.0
4089,1.2402781905158613,4.112997500248204,-0.00033195,1.6458958588694845,2.9575606284736997,62.55215901133672,-0.21789562370390278,51.995761778456526,-0.04593960525765017,-66.0908344195188,0.14951036861664863,-59.80710355242558,0.3196625855594684,-3.8684222490791433,-0.03635708494780777,-0.13983052523154305,-0.00037072,2.230009393301635,0.00017264,1,1.0
4090,0.9227337059645198,0.3181911917651819,-0.00033195,1.6458958588694845,2.9575606284736997,-52.86778019265589,-0.21789562370390278,13.891900215713921,-0.04593960525765017,-86.39719105957202,0.14951036861664863,6.771220130785327,0.3196625855594684,87.45674715223612,-0.03635708494780777,-0.3672380606948021,-0.00037072,0.3682705962422557,0.00017264,1,1.0
4091,-5.1493801182189713e-05,0.8381361846811817,-0.00033195,1.6458958588694845,2.9575606284736997,-19.347191317664418,-0.21789562370390278,18.456361868834872,-0.04593960525765017,-90.50769341928125,0.14951036861664863,69.75226703958947,0.3196625855594684,36.03107726673118,-0.03635708494780777,-0.3639465387586289,-0.00037072,0.6853991001397741,0.00017264,1,1.0
4092,0.0618151775868675,1.9928059938482647,-0.00033195,1.6458958588694845,2.9575606284736997,-50.37716795503339,-0.21789562370390278,14.452658708851656,-0.04593960525765017,-65.22906592359654,0.14951036861664863,54.1545743765671,0.3196625855594684,41.28162172073875,-0.03635708494780777,-0.9264560908532312,-0.00037072,0.5825497138998529,0.00017264,1,1.0
4093,0.000853549786734964,0.13065894732975314,-0.00033195,1.6458958588694845,2.9575606284736997,-13.76556839781487,-0.21789562370390278,7.3757886454870425,-0.04593960525765017,-84.21574589992478,0.14951036861664863,92.4807522478747,0.3196625855594684,36.69711657602556,-0.03635708494780777,0.2877649507232841,-0.00037072,0.40012111507469594,0.00017264,0,1.0
4094,0.6187219187768926,0.24686503011165725,-0.00033195,1.6458958588694845,2.9575606284736997,22.976183290068754,-0.21789562370390278,11.952736093765973,-0.04593960525765017,-24.159408542947187,0.14951036861664863,-24.210580002069523,0.3196625855594684,10.98045988697699,-0.03635708494780777,0.3475334142726915,-0.00037072,0.5563841988420952,0.00017264,0,1.0
4095,0.9885260771212057,0.4806167971474858,-0.00033195,1.6458958588694845,2.9575606284736997,-18.83185512261121,-0.21789562370390278,15.600243512242292,-0.04593960525765017,-32.01552720265731,0.14951036861664863,-65.94809460114794,0.3196625855594684,48.97620835023892,-0.03635708494780777,-0.44124713633058044,-0.00037072,0.4422543202990198,0.00017264,1,1.0
4096,0.7082896592767333,0.20800401557329345,-0.00033195,1.6458958588694845,2.9575606284736997,18.76875791314797,-0.21789562370390278,17.573877941210014,-0.04593960525765017,-59.03942622838885,0.14951036861664863,-3.2919427670527335,0.3196625855594684,28.458106562609526,-0.03635708494780777,0.380205428221105,-0.00037072,0.7379277879252721,0.00017264,0,1.0
4097,1.2017750673034342,0.42972581893798684,-0.00033195,1.6458958588694845,2.9575606284736997,-58.35114822092079,-0.21789562370390278,14.944511097350013,-0.04593960525765017,-83.30040174000769,0.14951036861664863,-11.955535689050702,0.3196625855594684,96.44816494836618,-0.03635708494780777,-0.3798924955966006,-0.00037072,0.40069536283866564,0.00017264,1,1.0
4098,0.5711871286416783,0.70100240086523,-0.00033195,1.6458958588694845,2.9575606284736997,64.12432492483715,-0.21789562370390278,29.757018882441432,-0.04593960525765017,-51.40291421089729,0.14951036861664863,-4.585418791072363,0.3196625855594684,-15.074269370817513,-0.03635708494780777,0.5137859701546947,-0.00037072,1.4008081094633293,0.00017264,0,1.0
4099,2.306601960775667,3.5743378912399826,-0.00033195,1.6458958588694845,2.9575606284736997,-18.907739331475263,-0.21789562370390278,15.0566075747654,-0.04593960525765017,-89.65193359929238,0.14951036861664863,55.04850555620233,0.3196625855594684,87.59273446804444,-0.03635708494780777,0.8576476561030528,-0.00037072,2.207112770346965,0.00017264,0,1.0
4100,-1.4645296721319507,5.714335064231214,-0.00033195,1.342730565149467,2.3495759267489063,96.30249157772073,-0.21789562370390278,36.560512368453516,-0.04593960525765017,-77.04764457095786,0.14951036861664863,78.53532613512355,0.3196625855594684,-72.71304396923827,-0.03635708494780777,2.3991430000573137,-0.00037072,5.566447764483747,0.00017264,0,1.0
4101,0.6903952823071148,1.584178010273441,-0.00033195,1.342730565149467,2.3495759267489063,-69.26209177864422,-0.21789562370390278,-4.235965416917171,-0.04593960525765017,-88.77319748470092,0.14951036861664863,91.86931389659007,0.3196625855594684,87.61488783717246,-0.03635708494780777,-0.7177925224795343,-0.00037072,0.6320445747319745,0.00017264,1,1.0
4102,-0.39334417508758523,1.3791254069936012,-0.00033195,1.342730565149467,2.3495759267489063,90.00325758529173,-0.21789562370390278,20.277475442418297,-0.04593960525765017,-7.234264378015055,0.14951036861664863,-12.743338143554917,0.3196625855594684,-65.54282856884508,-0.03635708494780777,2.3528771313863204,-0.00037072,3.0733142142815395,0.00017264,0,1.0
4103,2.991198192538468,3.275114257398451,-0.00033195,1.342730565149467,2.3495759267489063,50.21485702381809,-0.21789562370390278,48.77553860413317,-0.04593960525765017,-93.89291822979175,0.14951036861664863,-72.81888445413747,0.3196625855594684,45.95768386797861,-0.03635708494780777,0.2717567628801505,-0.00037072,5.156505414733658,0.00017264,0,1.0
4104,-1.5911810603329637,6.652390673817203,-0.00033195,1.342730565149467,2.3495759267489063,-14.783447232815686,-0.21789562370390278,-13.22176863666505,-0.04593960525765017,-24.121241006869845,0.14951036861664863,91.87657007932575,0.3196625855594684,-5.184338123748615,-0.03635708494780777,-1.1951363674120088,-0.00037072,1.2548346416036902,0.00017264,1,1.0
4105,-0.10826684165017064,1.1735619930528118,-0.00033195,1.342730565149467,2.3495759267489063,68.76035777894742,-0.21789562370390278,16.344045024081662,-0.04593960525765017,-40.0656817624361,0.14951036861664863,21.631477307633997,0.3196625855594684,-33.03565053033715,-0.03635708494780777,2.0606599904764495,-0.00037072,3.694091266151923,0.00017264,0,1.0
4106,0.7149315541354905,0.856853707573842,-0.00033195,1.342730565149467,2.3495759267489063,-12.668363432119913,-0.21789562370390278,8.329889561030633,-0.04593960525765017,-29.007235818245707,0.14951036861664863,7.036640481135532,0.3196625855594684,25.35164633483026,-0.03635708494780777,-0.17211892465033507,-0.00037072,0.8073076368065913,0.00017264,1,1.0
4107,2.6117625721202513,1.935549899200175,-0.00033195,1.342730565149467,2.3495759267489063,-54.04169262106111,-0.21789562370390278,5.655799080432826,-0.04593960525765017,-38.03716399720452,0.14951036861664863,-16.23341518769166,0.3196625855594684,84.27188645847266,-0.03635708494780777,-0.1869187467183518,-0.00037072,0.16568457684354715,0.00017264,1,1.0
4108,1.2077240040889832,0.8021976553382215,-0.00033195,1.342730565149467,2.3495759267489063,90.44973913597764,-0.21789562370390278,44.2050407930181,-0.04593960525765017,-70.33212860337557,0.14951036861664863,-62.84072345190692,0.3196625855594684,-10.56463941483717,-0.03635708494780777,0.2663656978471849,-0.00037072,5.317940298492298,0.00017264,0,1.0
4109,-0.03049724923385888,0.8708752823509436,-0.00033195,1.342730565149467,2.3495759267489063,74.0203947773826,-0.21789562370390278,30.38291646973977,-0.04593960525765017,-73.0842196842727,0.14951036861664863,25.929097616398984,0.3196625855594684,-25.90668298005635,-0.03635708494780777,2.7220489284734355,-0.00037072,3.6155572928353465,0.00017264,0,1.0
4110,-0.06148360751234749,0.7765042447545734,-0.00033195,1.342730565149467,2.3495759267489063,24.21791077479466,-0.21789562370390278,16.60878755885273,-0.04593960525765017,-80.56728714115192,0.14951036861664863,73.2204623272506,0.3196625855594684,6.251109460631429,-0.03635708494780777,1.8046330519088598,-0.00037072,2.9757821231994037,0.00017264,0,1.0
4111,0.44172889575442187,11.050112897494593,-0.00033195,1.342730565149467,2.3495759267489063,-22.40509313842688,-0.21789562370390278,-15.69767664652645,-0.04593960525765017,-42.19887235317528,0.14951036861664863,93.7968977188454,0.3196625855594684,34.601615074613726,-0.03635708494780777,-0.6923645308579129,-0.00037072,4.076059044882377,0.00017264,1,1.0
4112,1.2706536801718844,0.8787063326246222,-0.00033195,1.342730565149467,2.3495759267489063,-64.07316063322965,-0.21789562370390278,0.8178714468438603,-0.04593960525765017,-77.91957303805248,0.14951036861664863,59.505565192094224,0.3196625855594684,87.4612091088275,-0.03635708494780777,-0.37336068885538953,-0.00037072,0.34323094329058035,0.00017264,1,1.0
4113,1.8260969334874018,1.448590319114429,-0.00033195,1.342730565149467,2.3495759267489063,85.43475671440586,-0.21789562370390278,51.44281563389911,-0.04593960525765017,-99.10535686866385,0.14951036861664863,-62.13325488319927,0.3196625855594684,12.49935240613237,-0.03635708494780777,0.26254372124005254,-0.00037072,5.973873796751308,0.00017264,0,1.0
4114,3.669681808071759,5.658303299810403,-0.00033195,1.342730565149467,2.3495759267489063,-35.82371596166698,-0.21789562370390278,17.038033095220115,-0.04593960525765017,-14.983472697028953,0.14951036861664863,-90.54977098369669,0.3196625855594684,79.31805473377852,-0.03635708494780777,-1.1722823665448472,-0.00037072,1.164525843168225,0.00017264,1,1.0
4115,0.2720094881295647,4.363675075398847,-0.00033195,1.342730565149467,2.3495759267489063,-86.60183446016933,-0.21789562370390278,-15.208355731511562,-0.04593960525765017,-47.71070091030274,0.14951036861664863,86.61911960624809,0.3196625855594684,75.05985437453893,-0.03635708494780777,-2.3470238150220575,-0.00037072,0.2189056196484156,0.00017264,1,1.0
4116,3.9463619112373705,23.74528414298868,-0.00033195,1.342730565149467,2.3495759267489063,68.00717875704389,-0.21789562370390278,21.430423666388457,-0.04593960525765017,-99.89040043289441,0.14951036861664863,-36.13611079826122,0.3196625855594684,65.79451581184897,-0.03635708494780777,0.2619677777910763,-0.00037072,9.770651276234394,0.00017264,0,1.0
4117,0.9137025055873851,15.8747346447954,-0.00033195,1.342730565149467,2.3495759267489063,13.810698497969675,-0.21789562370390278,42.63878360745475,-0.04593960525765017,-87.57158543450495,0.14951036861664863,-15.918957726081821,0.3196625855594684,29.225775866128036,-0.03635708494780777,-1.8234917756328368,-0.00037072,3.417506931731781,0.00017264,1,1.0
4118,-0.028175559310445575,0.6415308788462222,-0.00033195,1.342730565149467,2.3495759267489063,84.92278287210097,-0.21789562370390278,26.843387947777774,-0.04593960525765017,-11.81910718304293,0.14951036861664863,-38.84128835751697,0.3196625855594684,-53.90378560118296,-0.03635708494780777,1.3095474680789398,-0.00037072,3.1408358825079827,0.00017264,0,1.0
4119,0.8436026385608886,5.747963063069497,-0.00033195,1.342730565149467,2.3495759267489063,-21.077819190161534,-0.21789562370390278,-7.790698401807871,-0.04593960525765017,-47.96697657457374,0.14951036861664863,78.42363198224349,0.3196625855594684,39.075633034818765,-0.03635708494780777,-0.11357487351515494,-0.00037072,3.6455533888779197,0.00017264,1,1.0
4120,0.6977040446885492,11.693467337122355,-0.00033195,1.342730565149467,2.3495759267489063,-82.78124237022269,-0.21789562370390278,-25.878056483958886,-0.04593960525765017,-38.7904434336154,0.14951036861664863,41.361548089511736,0.3196625855594684,95.73126207696222,-0.03635708494780777,-3.705413660046606,-0.00037072,0.22984270584786537,0.00017264,1,1.0
4121,1.3808755106959896,3.195766229700962,-0.00033195,1.342730565149467,2.3495759267489063,44.634375966175874,-0.21789562370390278,24.237968671226703,-0.04593960525765017,-99.98953492831882,0.14951036861664863,3.993862542769738,0.3196625855594684,38.11125787683376,-0.03635708494780777,0.29547330516668513,-0.00037072,5.067651327209642,0.00017264,0,1.0
4122,0.002417687884457287,0.7047870143014039,-0.00033195,1.342730565149467,2.3495759267489063,71.85629835187271,-0.21789562370390278,33.977331593892515,-0.04593960525765017,-45.2554708365427,0.14951036861664863,-26.391627505023674,0.3196625855594684,-32.2176579502702,-0.03635708494780777,0.4922023426767641,-0.00037072,3.4024154950829844,0.00017264,0,1.0
4123,-0.6021616960422608,2.083524921826198,-0.00033195,1.342730565149467,2.3495759267489063,24.464271254638998,-0.21789562370390278,-1.5895534087099177,-0.04593960525765017,-19.959165396458573,0.14951036861664863,78.11955497609272,0.3196625855594684,-28.11057873732584,-0.03635708494780777,0.33188802327549904,-0.00037072,4.127174567080029,0.00017264,0,1.0
4124,1.4999936658929303,0.6583115832839309,-0.00033195,1.342730565149467,2.3495759267489063,-22.912757111410272,-0.21789562370390278,18.966020488690724,-0.04593960525765017,-95.06157612999304,0.14951036861664863,28.41296691062169,0.3196625855594684,71.07777681317556,-0.03635708494780777,0.29613736295468973,-0.00037072,1.6040339847936593,0.00017264,0,1.0
4125,-0.0022004602783600724,0.20438587700001776,-0.00033195,1.342730565149467,2.3495759267489063,73.13108894217908,-0.21789562370390278,24.855763862718664,-0.04593960525765017,-50.06184002612901,0.14951036861664863,-13.001842279797637,0.3196625855594684,-24.396431039327787,-0.03635708494780777,0.7330761807015598,-0.00037072,3.731615940233822,0.00017264,0,1.0
4126,1.3347997875115611,0.9674911209023166,-0.00033195,1.342730565149467,2.3495759267489063,-6.916290633403946,-0.21789562370390278,6.1021050379667985,-0.04593960525765017,-23.927321642006326,0.14951036861664863,-10.205109844538828,0.3196625855594684,32.15983235728082,-0.03635708494780777,0.3157091640424119,-0.00037072,1.0934885052471606,0.00017264,0,1.0
4127,1.1047938216065398,0.4236963875933495,-0.00033195,1.342730565149467,2.3495759267489063,-28.13089549586495,-0.21789562370390278,10.123981192738546,-0.04593960525765017,-70.27055516675968,0.14951036861664863,32.84557618929879,0.3196625855594684,58.948399968750266,-0.03635708494780777,0.35930565154215366,-0.00037072,0.7738841906469921,0.00017264,0,1.0
4128,0.16660839506460867,0.03862119729897184,-0.00033195,1.342730565149467,2.3495759267489063,54.87014028300531,-0.21789562370390278,29.126438489932163,-0.04593960525765017,-73.05250686654131,0.14951036861664863,-4.549094970886879,0.3196625855594684,-2.134729491477874,-0.03635708494780777,0.27344045505079007,-0.00037072,3.404880710672403,0.00017264,0,1.0
4129,2.049965998994204,1.9517331914886211,-0.00033195,1.342730565149467,2.3495759267489063,60.048438452231736,-0.21789562370390278,38.62174441793551,-0.04593960525765017,-41.520572721462024,0.14951036861664863,-81.47823358408311,0.3196625855594684,4.693377579027058,-0.03635708494780777,0.27028672568024037,-0.00037072,4.053458478139852,0.00017264,0,1.0
4130,0.4801794832456294,0.2524386633103483,-0.00033195,1.342730565149467,2.3495759267489063,50.67461673390849,-0.21789562370390278,17.532642596088074,-0.04593960525765017,-3.178682435099216,0.14951036861664863,-46.45494465798047,0.3196625855594684,-24.268588422630955,-0.03635708494780777,0.28999419483340727,-0.00037072,2.199966639279888,0.00017264,0,1.0
4131,-1.5036926397427581,3.6251136334578176,-0.00033195,1.342730565149467,2.3495759267489063,100.0,-0.21789562370390278,18.321568641043505,-0.04593960525765017,-39.27464625766454,0.14951036861664863,65.62954837007786,0.3196625855594684,-81.06785508283016,-0.03635708494780777,2.852497860983868,-0.00037072,4.796967794922829,0.00017264,0,1.0
4132,-0.9781434442051368,2.4862910839281747,-0.00033195,1.342730565149467,2.3495759267489063,32.30146920099116,-0.21789562370390278,1.2805970090381211,-0.04593960525765017,-34.19193577127847,0.14951036861664863,90.95011644009614,0.3196625855594684,-32.49170206099501,-0.03635708494780777,0.6488413649713798,-0.00037072,4.17939338475643,0.00017264,0,1.0
4133,0.9681658604539458,0.6431551777659601,-0.00033195,1.342730565149467,2.3495759267489063,79.31250542065469,-0.21789562370390278,35.04139820659242,-0.04593960525765017,-35.767515326551276,0.14951036861664863,-66.70544702954898,0.3196625855594684,-22.22780786485581,-0.03635708494780777,0.26711938478986363,-0.00037072,4.108765048555222,0.00017264,0,1.0
4134,0.9252920710121737,0.6177567913982662,-0.00033195,1.342730565149467,2.3495759267489063,99.47401260884085,-0.21789562370390278,43.98757408060439,-0.04593960525765017,-56.80364234360551,0.14951036861664863,-69.8017065903772,0.3196625855594684,-26.1813316138803,-0.03635708494780777,0.2637637353216826,-0.00037072,5.225495137852885,0.00017264,0,1.0
4135,-0.0007551361157038805,0.1315753317829227,-0.00033195,1.342730565149467,2.3495759267489063,81.74949180407755,-0.21789562370390278,27.9579305793367,-0.04593960525765017,-41.40284481630902,0.14951036861664863,-27.50474489866717,0.3196625855594684,-34.262957437360654,-0.03635708494780777,0.7124975335970192,-0.00037072,3.788454274891545,0.00017264,0,1.0
4136,0.699564005807847,2.3800278485815283,-0.00033195,1.342730565149467,2.3495759267489063,-32.38858963686139,-0.21789562370390278,-8.234619370322001,-0.04593960525765017,-11.138280591197448,0.14951036861664863,7.177651456870668,0.3196625855594684,39.563746344694806,-0.03635708494780777,-1.093078789345556,-0.00037072,0.19517187861171625,0.00017264,1,1.0
4137,-0.7407457694571379,2.1530708895951456,-0.00033195,1.342730565149467,2.3495759267489063,73.91724752215895,-0.21789562370390278,8.247765745109424,-0.04593960525765017,-1.5698368926710191,0.14951036861664863,26.00900908939972,0.3196625855594684,-64.4324168293268,-0.03635708494780777,1.753555617184112,-0.00037072,3.7160354729329805,0.00017264,0,1.0
4138,-0.35679608309567246,8.113164539148109,-0.00033195,1.342730565149467,2.3495759267489063,69.53508226812376,-0.21789562370390278,-8.159007080625022,-0.04593960525765017,-34.93301110432619,0.14951036861664863,68.1301144239763,0.3196625855594684,-29.87762994965451,-0.03635708494780777,0.2731893569747381,-0.00037072,7.14607010016432,0.00017264,0,1.0
4139,-0.0035875425302909214,0.2789321139314023,-0.00033195,1.342730565149467,2.3495759267489063,59.33756550253397,-0.21789562370390278,21.504282237910417,-0.04593960525765017,-47.9141990608894,0.14951036861664863,4.946711374082667,0.3196625855594684,-20.64067477803925,-0.03635708494780777,1.4107703066233852,-0.00037072,2.959650345546272,0.00017264,0,1.0
4140,0.0021625213578060354,0.05461752221761377,-0.00033195,1.342730565149467,2.3495759267489063,51.02340404180815,-0.21789562370390278,20.044754898864728,-0.04593960525765017,-43.25660643807004,0.14951036861664863,-7.017107889367234,0.3196625855594684,-14.093572543397743,-0.03635708494780777,0.4898539921265308,-0.00037072,2.6792975463733177,0.00017264,0,1.0
4141,0.2393653085215791,0.03676483372114425,-0.00033195,1.342730565149467,2.3495759267489063,4.8722030821773155,-0.21789562370390278,10.564660148472774,-0.04593960525765017,-43.91283154133062,0.14951036861664863,17.386405661447377,0.3196625855594684,16.482778726828244,-0.03635708494780777,0.3400306625021904,-0.00037072,1.0269924285398848,0.00017264,0,1.0
4142,-0.008829133307796999,0.594986453269945,-0.00033195,1.342730565149467,2.3495759267489063,47.47015681534859,-0.21789562370390278,4.765126097586362,-0.04593960525765017,-1.3002757031698449,0.14951036861664863,-12.556069997078676,0.3196625855594684,-26.626478879511637,-0.03635708494780777,0.2964090282705609,-0.00037072,2.5799193467531225,0.00017264,0,1.0
4143,2.644926404793235,5.268889615853058,-0.00033195,1.342730565149467,2.3495759267489063,-67.21117634993261,-0.21789562370390278,10.825244859736275,-0.04593960525765017,-26.822083180562412,0.14951036861664863,-44.5766172228724,0.3196625855594684,87.40535471475854,-0.03635708494780777,-2.4074725585611545,-0.00037072,0.2165936056256279,0.00017264,1,1.0
4144,2.6016173940821945,8.73816307767938,-0.00033195,1.342730565149467,2.3495759267489063,87.8206962093031,-0.21789562370390278,42.1133782327642,-0.04593960525765017,-59.73334340292229,0.14951036861664863,-40.02322531204443,0.3196625855594684,-8.647223829909356,-0.03635708494780777,4.184871916664792,-0.00037072,5.3131090442599715,0.00017264,0,1.0
4145,1.5841239862571244,2.534211081171712,-0.00033195,1.342730565149467,2.3495759267489063,21.978333730975454,-0.21789562370390278,6.669704683931171,-0.04593960525765017,-10.024048526217822,0.14951036861664863,-32.922411936775966,0.3196625855594684,14.559475791488161,-0.03635708494780777,0.270609313859965,-0.00037072,2.7507631757499307,0.00017264,0,1.0
4146,-0.4010441187684397,1.7365445906605697,-0.00033195,1.342730565149467,2.3495759267489063,85.57472328532586,-0.21789562370390278,17.86659495466137,-0.04593960525765017,-33.904332225267495,0.14951036861664863,21.732363852910687,0.3196625855594684,-51.608679414135096,-0.03635708494780777,2.432467244339999,-0.00037072,4.088796894852065,0.00017264,0,1.0
4147,-0.5268684565725652,4.021343710572587,-0.00033195,1.342730565149467,2.3495759267489063,75.26786565984888,-0.21789562370390278,13.179897354499051,-0.04593960525765017,-90.19454345937197,0.14951036861664863,82.39256523711893,0.3196625855594684,-19.24621792229305,-0.03635708494780777,1.9182009029207712,-0.00037072,5.98742183749888,0.00017264,0,1.0
4148,2.631908801962623,1.963354477511975,-0.00033195,1.342730565149467,2.3495759267489063,-55.489473414395185,-0.21789562370390278,5.578407393464053,-0.04593960525765017,-39.60545637738963,0.14951036861664863,-14.554455851444095,0.3196625855594684,86.00846528537436,-0.03635708494780777,-0.1722343469255184,-0.00037072,0.1518232386208572,0.00017264,1,1.0
4149,-0.33978130417555197,7.129932104469491,-0.00033195,1.342730565149467,2.3495759267489063,38.00633070189716,-0.21789562370390278,16.673191276502934,-0.04593960525765017,-5.405246048335092,0.14951036861664863,-48.170107811581204,0.3196625855594684,-22.068971567193323,-0.03635708494780777,-1.7685420678970476,-0.00037072,1.5489532709165905,0.00017264,1,1.0
4150,3.3537445818325997,24.042939224714367,-0.00033195,1.342730565149467,2.3495759267489063,83.11645479722087,-0.21789562370390278,6.937410152614777,-0.04593960525765017,-30.90440714989393,0.14951036861664863,-48.54131998091357,0.3196625855594684,18.02877215683569,-0.03635708494780777,0.27004270536290775,-0.00037072,9.688281725495521,0.00017264,0,1.0
4151,0.97763763975361,3.582364079345794,-0.00033195,1.342730565149467,2.3495759267489063,-6.6418107688603945,-0.21789562370390278,10.18304889223935,-0.04593960525765017,-2.7563129839609424,0.14951036861664863,-49.765688938940194,0.3196625855594684,21.084689553535508,-0.03635708494780777,-1.6323011530636726,-0.00037072,0.5965854853369963,0.00017264,1,1.0
4152,-0.5942835028725364,1.871871662049492,-0.00033195,1.342730565149467,2.3495759267489063,99.86173859568738,-0.21789562370390278,39.18553962300796,-0.04593960525765017,-95.59940040150208,0.14951036861664863,40.83697794143718,0.3196625855594684,-42.69466044566537,-0.03635708494780777,3.20080142288259,-0.00037072,4.561814419709439,0.00017264,0,1.0
4153,-0.9274649216574511,14.860903611674622,-0.00033195,1.342730565149467,2.3495759267489063,-55.20006812641229,-0.21789562370390278,8.50183716616242,-0.04593960525765017,-51.72393792645629,0.14951036861664863,45.084299562131925,0.3196625855594684,37.94948829677827,-0.03635708494780777,-4.348879780210149,-0.00037072,0.2922430118654087,0.00017264,1,1.0
4154,0.09734424957657184,1.839907359007952,-0.00033195,1.342730565149467,2.3495759267489063,36.38021771324515,-0.21789562370390278,5.389408677678836,-0.04593960525765017,-48.509539483278346,0.14951036861664863,53.06914397220583,0.3196625855594684,-5.4015283340179145,-0.03635708494780777,1.2442628341765165,-0.00037072,3.9031187335666555,0.00017264,0,1.0
4155,-0.030763595600073246,3.799731009240663,-0.00033195,1.342730565149467,2.3495759267489063,0.8728593048873058,-0.21789562370390278,-6.02253028926417,-0.04593960525765017,-25.877036438333594,0.14951036861664863,78.6044809665782,0.3196625855594684,-0.4083502982982919,-0.03635708494780777,-0.06527112217006903,-0.00037072,3.7988535452149472,0.00017264,1,1.0
4156,0.9967459458859471,5.770158852677692,-0.00033195,1.342730565149467,2.3495759267489063,-71.7362596792767,-0.21789562370390278,-16.21305179717952,-0.04593960525765017,-39.37245477059762,0.14951036861664863,40.046038757009036,0.3196625855594684,83.49789319851955,-0.03635708494780777,-2.0385997874496122,-0.00037072,0.06949170307833574,0.00017264,1,1.0
4157,0.5086798328892947,3.093865158450864,-0.00033195,1.342730565149467,2.3495759267489063,45.71306269790638,-0.21789562370390278,6.192512472937307,-0.04593960525765017,-32.089808350365395,0.14951036861664863,38.067444920529475,0.3196625855594684,-15.02378695519184,-0.03635708494780777,1.5520224896594788,-0.00037072,4.540087312484172,0.00017264,0,1.0
4158,0.029690630566853726,1.2538662166348271,-0.00033195,1.342730565149467,2.3495759267489063,-42.81210732400909,-0.21789562370390278,-5.751314871998233,-0.04593960525765017,-53.780546080296,0.14951036861664863,73.52752803386515,0.3196625855594684,47.23136516822373,-0.03635708494780777,-0.7359663573568221,-0.00037072,0.7379266921221798,0.00017264,1,1.0
4159,-0.2578091922577066,14.88784001934819,-0.00033195,1.342730565149467,2.3495759267489063,84.72034509542273,-0.21789562370390278,43.64479348873945,-0.04593960525765017,-36.231997824218936,0.14951036861664863,57.30381246381582,0.3196625855594684,-85.57467376854193,-0.03635708494780777,0.3565187942318442,-0.00037072,8.7114227408739,0.00017264,0,1.0
4160,-2.041069642585179,65.6039699444321,-0.00033195,1.342730565149467,2.3495759267489063,17.036147247087925,-0.21789562370390278,39.01501507470662,-0.04593960525765017,-20.96780173859042,0.14951036861664863,-57.838470403768596,0.3196625855594684,-34.747312007782426,-0.03635708494780777,-7.660634391212056,-0.00037072,2.1708644598619733,0.00017264,1,1.0
4161,-1.1517112091215713,3.0246258431698245,-0.00033195,1.342730565149467,2.3495759267489063,94.03350190600284,-0.21789562370390278,26.289663581826645,-0.04593960525765017,-86.56131538640132,0.14951036861664863,84.33826499346428,0.3196625855594684,-52.61790373477159,-0.03635708494780777,3.592632229222862,-0.00037072,4.830371458097772,0.00017264,0,1.0
4162,1.7465648860317118,4.334027470377022,-0.00033195,1.342730565149467,2.3495759267489063,-89.67012874341344,-0.21789562370390278,-13.264526312407217,-0.04593960525765017,-30.85212878561142,0.14951036861664863,40.010102447892976,0.3196625855594684,91.52465545704068,-0.03635708494780777,-1.83426180144199,-0.00037072,0.20967444396571566,0.00017264,1,1.0
4163,-0.06943297131770043,0.7945782513059466,-0.00033195,1.342730565149467,2.3495759267489063,28.93621229814503,-0.21789562370390278,12.754044689061583,-0.04593960525765017,-36.3076885195955,0.14951036861664863,37.59412804306162,0.3196625855594684,-14.566490438997588,-0.03635708494780777,1.1729215684394334,-0.00037072,2.563399219011319,0.00017264,0,1.0
4164,-1.5387974849721855,3.7460923463919236,-0.00033195,1.342730565149467,2.3495759267489063,76.73192541871313,-0.21789562370390278,1.3013612054528707,-0.04593960525765017,-0.7351817725643437,0.14951036861664863,71.52127026462612,0.3196625855594684,-82.065646162679,-0.03635708494780777,1.2566728053048932,-0.00037072,5.132189676263663,0.00017264,0,1.0
4165,0.8639418344392289,21.413350014207126,-0.00033195,1.342730565149467,2.3495759267489063,-23.787351684714245,-0.21789562370390278,24.771443106158493,-0.04593960525765017,-73.43884126369016,0.14951036861664863,-51.7668370984512,0.3196625855594684,68.8919839412986,-0.03635708494780777,-4.864733989329984,-0.00037072,1.5525356051170407,0.00017264,1,1.0
4166,-0.2694251241767649,2.2117958040363805,-0.00033195,1.342730565149467,2.3495759267489063,75.59218775455183,-0.21789562370390278,11.283975692356918,-0.04593960525765017,-39.132529364782044,0.14951036861664863,27.933545701672127,0.3196625855594684,-36.059066082973274,-0.03635708494780777,1.5254468590527763,-0.00037072,4.667058095413603,0.00017264,0,1.0
4167,2.740347607912022,2.722789405335682,-0.00033195,1.342730565149467,2.3495759267489063,22.64205000898649,-0.21789562370390278,33.73023831207438,-0.04593960525765017,-63.20561119851138,0.14951036861664863,-59.92557611636675,0.3196625855594684,46.94656068873949,-0.03635708494780777,0.2775179934872454,-0.00037072,3.4449204627811736,0.00017264,0,1.0
4168,1.2520834382167543,1.3155319518183277,-0.00033195,1.342730565149467,2.3495759267489063,8.604418448661441,-0.21789562370390278,19.303032994045683,-0.04593960525765017,-94.40886227595364,0.14951036861664863,19.51232908575581,0.3196625855594684,52.93084626453261,-0.03635708494780777,0.2724737080937929,-0.00037072,2.992680898588122,0.00017264,0,1.0
4169,-0.6600461183685276,1.9625890407962396,-0.00033195,1.342730565149467,2.3495759267489063,38.04453776536901,-0.21789562370390278,3.8338480970498883,-0.04593960525765017,-25.59582198518562,0.14951036861664863,65.51151015023457,0.3196625855594684,-33.511277162638756,-0.03635708494780777,0.9577933618158605,-0.00037072,3.736036743093229,0.00017264,0,1.0
4170,-0.0005007588757734993,0.7952241603269583,-0.00033195,1.342730565149467,2.3495759267489063,91.65039517656139,-0.21789562370390278,44.28478485016075,-0.04593960525765017,-95.1868298274532,0.14951036861664863,8.59710105874234,0.3196625855594684,-27.364241774908265,-0.03635708494780777,1.972057816674701,-0.00037072,4.755201730376802,0.00017264,0,1.0
4171,3.45308556926447,6.070087855746559,-0.00033195,1.342730565149467,2.3495759267489063,-38.04938129774857,-0.21789562370390278,20.421661592880408,-0.04593960525765017,-37.294193290824474,0.14951036861664863,-74.85699066348522,0.3196625855594684,86.82971504631372,-0.03635708494780777,-1.3930703754806053,-0.00037072,1.3866134191869086,0.00017264,1,1.0
4172,-1.1993586029459409,3.0862767502203035,-0.00033195,1.342730565149467,2.3495759267489063,98.42394178540856,-0.21789562370390278,15.311023619150978,-0.04593960525765017,-15.372558624551829,0.14951036861664863,38.45246938364126,0.3196625855594684,-83.46553279569137,-0.03635708494780777,2.580280203912619,-0.00037072,4.380293210472312,0.00017264,0,1.0
4173,-0.1383487317808223,6.664709513874765,-0.00033195,1.342730565149467,2.3495759267489063,64.35497199635448,-0.21789562370390278,50.29654985031875,-0.04593960525765017,-94.57058761900848,0.14951036861664863,41.86502124953188,0.3196625855594684,-30.620357111687433,-0.03635708494780777,0.4648110483801058,-0.00037072,5.863521737677539,0.00017264,0,1.0
4174,0.9104773081373472,0.6615967458379416,-0.00033195,1.342730565149467,2.3495759267489063,-46.50946062343179,-0.21789562370390278,9.907964706364599,-0.04593960525765017,-85.65597941877041,0.14951036861664863,48.517195324781056,0.3196625855594684,74.1980367512333,-0.03635708494780777,-0.5376490979995474,-0.00037072,0.5544231535573838,0.00017264,1,1.0
4175,2.3617820129116347,1.9163737574088542,-0.00033195,1.342730565149467,2.3495759267489063,-11.125106706476565,-0.21789562370390278,19.468346480816635,-0.04593960525765017,-50.66966269303855,0.14951036861664863,-28.854353916035762,0.3196625855594684,57.248467456795815,-0.03635708494780777,0.2935595632761804,-0.00037072,1.7512154052534772,0.00017264,0,1.0
4176,0.1605257404510212,0.1399254094545556,-0.00033195,1.342730565149467,2.3495759267489063,69.53933425867756,-0.21789562370390278,20.59698883947337,-0.04593960525765017,-2.434347017726959,0.14951036861664863,-51.77513932544734,0.3196625855594684,-39.985258938860305,-0.03635708494780777,0.27810047229268453,-0.00037072,2.7424568063727124,0.00017264,0,1.0
4177,0.43059460697221064,0.047208689275827304,-0.00033195,1.342730565149467,2.3495759267489063,-5.559424700289019,-0.21789562370390278,17.71111873962008,-0.04593960525765017,-91.73614694986638,0.14951036861664863,44.06609635345126,0.3196625855594684,44.54543935985955,-0.03635708494780777,0.3071977647652011,-0.00037072,1.5853788746134743,0.00017264,0,1.0
4178,1.4424445899040004,13.442257045645148,-0.00033195,1.342730565149467,2.3495759267489063,94.0196469885885,-0.21789562370390278,57.54982259886267,-0.04593960525765017,-17.479946730832157,0.14951036861664863,-63.603684779366766,0.3196625855594684,-63.527358903921,-0.03635708494780777,0.4945166830938752,-0.00037072,6.724044753465753,0.00017264,0,1.0
4179,-0.19417384677137117,1.9894068374850888,-0.00033195,1.342730565149467,2.3495759267489063,12.742111303088572,-0.21789562370390278,7.493436381644821,-0.04593960525765017,-0.2539796908593988,0.14951036861664863,-0.7482727812657575,0.3196625855594684,-16.25129484790928,-0.03635708494780777,-0.4060155901467144,-0.00037072,1.0462129062604826,0.00017264,1,1.0
4180,3.4614679531741865,13.167537900228547,-0.00033195,1.342730565149467,2.3495759267489063,-7.239595052235798,-0.21789562370390278,16.763709904912115,-0.04593960525765017,-100.0,0.14951036861664863,46.992804742097114,0.3196625855594684,81.47767439062477,-0.03635708494780777,2.3723114016231053,-0.00037072,5.490103042642866,0.00017264,0,1.0
4181,-0.00048737191440428873,0.2987737870050942,-0.00033195,1.342730565149467,2.3495759267489063,25.06082313183074,-0.21789562370390278,17.28116486512787,-0.04593960525765017,-86.26256095299814,0.14951036861664863,55.2027320422323,0.3196625855594684,15.794646423094905,-0.03635708494780777,1.5460495958592029,-0.00037072,2.3957842015785897,0.00017264,0,1.0
4182,-0.09996368740069972,0.8719214534439618,-0.00033195,1.342730565149467,2.3495759267489063,35.61200677387959,-0.21789562370390278,13.394471465099029,-0.04593960525765017,-60.77487332158903,0.14951036861664863,55.144613170935784,0.3196625855594684,-6.424928086845974,-0.03635708494780777,1.8526695106773183,-0.00037072,2.9336074831605674,0.00017264,0,1.0
4183,0.5629881339828904,1.5836304612556744,-0.00033195,1.342730565149467,2.3495759267489063,-38.87847445980901,-0.21789562370390278,-6.6614784482331455,-0.04593960525765017,-13.841560151519488,0.14951036861664863,24.6627719567431,0.3196625855594684,36.69940717171473,-0.03635708494780777,-0.9195845337013405,-0.00037072,0.19331530774866346,0.00017264,1,1.0
4184,-0.7316250774109068,2.0570130287849593,-0.00033195,1.342730565149467,2.3495759267489063,30.616105264987603,-0.21789562370390278,20.675812264904035,-0.04593960525765017,-83.80778745417979,0.14951036861664863,84.23532872772992,0.3196625855594684,-9.14465799626727,-0.03635708494780777,1.248711893051331,-0.00037072,3.277487760675738,0.00017264,0,1.0
4185,0.22672009814644678,1.3170936071292316,-0.00033195,1.342730565149467,2.3495759267489063,80.87667498014514,-0.21789562370390278,44.1680229083007,-0.04593960525765017,-69.74132184434907,0.14951036861664863,-23.767237282629935,0.3196625855594684,-27.77487734377828,-0.03635708494780777,0.6915119580563851,-0.00037072,4.3117449521313596,0.00017264,0,1.0
4186,-1.3717019496697829,3.468045653184088,-0.00033195,1.342730565149467,2.3495759267489063,88.15495720097212,-0.21789562370390278,11.735110635060511,-0.04593960525765017,-36.81419671098745,0.14951036861664863,74.64155663157003,0.3196625855594684,-71.17879026867402,-0.03635708494780777,2.3498166992132417,-0.00037072,5.086434438131554,0.00017264,0,1.0
4187,1.3938364431481114,0.8659215655057972,-0.00033195,1.342730565149467,2.3495759267489063,9.977794352445793,-0.21789562370390278,12.889025828117981,-0.04593960525765017,-19.37306319918897,0.14951036861664863,-32.2658225804934,0.3196625855594684,19.993263001221354,-0.03635708494780777,0.2892771826737256,-0.00037072,1.4896134552635427,0.00017264,0,1.0
4188,0.6282453918157719,0.3130203395584613,-0.00033195,1.342730565149467,2.3495759267489063,-8.558001572816119,-0.21789562370390278,11.43146257491028,-0.04593960525765017,-49.56308460147092,0.14951036861664863,25.477736779187232,0.3196625855594684,28.645363893782445,-0.03635708494780777,0.3187095567901102,-0.00037072,1.2087119022672401,0.00017264,0,1.0
4189,1.095018028054378,9.477755338020287,-0.00033195,1.342730565149467,2.3495759267489063,94.37959052330085,-0.21789562370390278,58.419664455914464,-0.04593960525765017,-34.75221927370211,0.14951036861664863,-63.24133331123766,0.3196625855594684,-55.079032915122376,-0.03635708494780777,0.3105857340929923,-0.00037072,6.044108472622619,0.00017264,0,1.0
4190,1.0876370843070797,7.296439426991222,-0.00033195,1.342730565149467,2.3495759267489063,75.54955874394341,-0.21789562370390278,2.6864650722947068,-0.04593960525765017,-8.074368236113802,0.14951036861664863,-20.27348087489201,0.3196625855594684,-21.969977506081875,-0.03635708494780777,0.27075709726169483,-0.00037072,6.328459728866255,0.00017264,0,1.0
4191,1.66172714034185,9.65152441262618,-0.00033195,1.342730565149467,2.3495759267489063,93.68078256121548,-0.21789562370390278,75.01008508366452,-0.04593960525765017,-99.17199406831216,0.14951036861664863,-54.83452058618112,0.3196625855594684,-19.974875020204674,-0.03635708494780777,0.257698686842176,-0.00037072,7.065735053762966,0.00017264,0,1.0
4192,-0.9659040232315048,2.740886155585276,-0.00033195,1.342730565149467,2.3495759267489063,66.43548642458234,-0.21789562370390278,23.123248365818117,-0.04593960525765017,-78.12149371246548,0.14951036861664863,85.32195323688023,0.3196625855594684,-38.74080652829302,-0.03635708494780777,2.561282224427778,-0.00037072,4.310128927251058,0.00017264,0,1.0
4193,1.9126755586056605,3.5185533055446108,-0.00033195,1.342730565149467,2.3495759267489063,56.16488978809751,-0.21789562370390278,37.80955414954388,-0.04593960525765017,-10.911660920450526,0.14951036861664863,-87.72129753791701,0.3196625855594684,-14.772445463774783,-0.03635708494780777,0.2850566180610308,-0.00037072,3.5389332431636618,0.00017264,0,1.0
4194,3.089829479165875,5.834415062328303,-0.00033195,1.342730565149467,2.3495759267489063,-4.799576965014987,-0.21789562370390278,19.235737562004505,-0.04593960525765017,-86.97323667165023,0.14951036861664863,-16.91270075273371,0.3196625855594684,84.66408006211196,-0.03635708494780777,0.293821821600146,-0.00037072,3.821317005426194,0.00017264,0,1.0
4195,2.8916667263804516,2.8995192148433944,-0.00033195,1.342730565149467,2.3495759267489063,2.608786182912428,-0.21789562370390278,28.55607358939689,-0.04593960525765017,-60.96847733080219,0.14951036861664863,-50.0707463014845,0.3196625855594684,60.09923729076276,-0.03635708494780777,0.27285775653130684,-0.00037072,2.7394322375531397,0.00017264,0,1.0
4196,-0.00840010828624127,0.21934687761585187,-0.00033195,1.342730565149467,2.3495759267489063,18.072355631326705,-0.21789562370390278,6.023369309395782,-0.04593960525765017,-19.830719097148123,0.14951036861664863,20.565345270958684,0.3196625855594684,-7.996708963589787,-0.03635708494780777,0.8039786794959749,-0.00037072,1.447603084611059,0.00017264,0,1.0
4197,-0.07838128019118246,7.623129808213099,-0.00033195,1.342730565149467,2.3495759267489063,-64.30877912241621,-0.21789562370390278,-3.0757650342488514,-0.04593960525765017,-18.29766377512123,0.14951036861664863,38.371618259235554,0.3196625855594684,40.04604244234769,-0.03635708494780777,-3.3644606719177377,-0.00037072,0.2172022291468363,0.00017264,1,1.0
4198,-8.212506239635431e-05,0.05109289654644081,-0.00033195,1.342730565149467,2.3495759267489063,87.07263342746893,-0.21789562370390278,31.27900107939383,-0.04593960525765017,-45.65260061321454,0.14951036861664863,-37.15825692253272,0.3196625855594684,-34.30575543003184,-0.03635708494780777,0.270793059418297,-0.00037072,4.112397732872056,0.00017264,0,1.0
4199,2.1019448672744625,1.3995795598529732,-0.00033195,1.342730565149467,2.3495759267489063,-12.475269978055081,-0.21789562370390278,23.650165401157285,-0.04593960525765017,-81.80498474985747,0.14951036861664863,-4.506671975279406,0.3196625855594684,66.91941302678549,-0.03635708494780777,0.2840324470890445,-0.00037072,2.0973196638804525,0.00017264,0,1.0
4200,0.5860564680097049,0.11312415537234954,-0.00033195,2.4597478815145957,3.1087171528187403,-41.18793713629259,-0.21789562370390278,9.23948247989675,-0.04593960525765017,-49.45287231387349,0.14951036861664863,-10.069268567721624,0.3196625855594684,57.210950103320755,-0.03635708494780777,-0.1845665142565146,-0.00037072,0.18421415914533723,0.00017264,1,1.0
4201,0.8132432266090306,0.8034854856752596,-0.00033195,2.4597478815145957,3.1087171528187403,96.30371073209997,-0.21789562370390278,6.938334760719796,-0.04593960525765017,-52.08373811247004,0.14951036861664863,1.9394690474148544,0.3196625855594684,17.500130988340242,-0.03635708494780777,0.2373280053427696,-0.00037072,1.0814050467756362,0.00017264,0,1.0
4202,0.0010303990583991895,0.13769495044954166,-0.00033195,2.4597478815145957,3.1087171528187403,46.98739818580857,-0.21789562370390278,10.880741432156034,-0.04593960525765017,-93.68319587416148,0.14951036861664863,86.44407770844856,0.3196625855594684,17.826607531305786,-0.03635708494780777,0.29254871716741154,-0.00037072,0.543463064149573,0.00017264,0,1.0
4203,0.311813034824001,0.2087656752835782,-0.00033195,2.4597478815145957,3.1087171528187403,67.54445605990477,-0.21789562370390278,13.621587417868902,-0.04593960525765017,-33.576653674979006,0.14951036861664863,-69.29059904425928,0.3196625855594684,3.796469717815029,-0.03635708494780777,-0.2799274879458617,-0.00037072,0.32492613616360616,0.00017264,1,1.0
4204,0.5585397975813728,0.224279773205893,-0.00033195,2.4597478815145957,3.1087171528187403,-52.180218058767295,-0.21789562370390278,-4.49054222501334,-0.04593960525765017,-9.894659772735752,0.14951036861664863,2.6346619207901925,0.3196625855594684,51.66909060300062,-0.03635708494780777,-0.14927939388431502,-0.00037072,0.222223031525954,0.00017264,1,1.0
4205,0.9967826090781641,0.22037889992824067,-0.00033195,2.4597478815145957,3.1087171528187403,-26.8023449620367,-0.21789562370390278,6.9496746075241,-0.04593960525765017,-34.81367303368357,0.14951036861664863,-63.179106085728556,0.3196625855594684,70.1697758323957,-0.03635708494780777,-0.21494716430032282,-0.00037072,0.21524350322650357,0.00017264,1,1.0
4206,0.20004551415854388,0.1634618251198944,-0.00033195,2.4597478815145957,3.1087171528187403,54.92789923131889,-0.21789562370390278,11.255334427499736,-0.04593960525765017,-69.44803478560752,0.14951036861664863,17.921458501736048,0.3196625855594684,17.503145139281955,-0.03635708494780777,0.17773316493039698,-0.00037072,0.3361394296403413,0.00017264,0,1.0
4207,0.7503592831112725,0.09825556397127286,-0.00033195,2.4597478815145957,3.1087171528187403,-50.51405210354929,-0.21789562370390278,8.833950005781539,-0.04593960525765017,-66.05794184173818,0.14951036861664863,-7.932021801275056,0.3196625855594684,80.02060986983093,-0.03635708494780777,-0.15841341707099124,-0.00037072,0.1580673179918334,0.00017264,1,1.0
4208,0.23916736648825232,0.017781681337573112,-0.00033195,2.4597478815145957,3.1087171528187403,-23.440193415560245,-0.21789562370390278,4.314418630042749,-0.04593960525765017,-32.075911747167815,0.14951036861664863,7.000823873836991,0.3196625855594684,31.957134310016,-0.03635708494780777,-0.08008120922087934,-0.00037072,0.08033886469987066,0.00017264,1,1.0
4209,-0.14829064512815338,1.7586396491040839,-0.00033195,2.4597478815145957,3.1087171528187403,35.50250239773547,-0.21789562370390278,19.90456079402721,-0.04593960525765017,-55.33004829761293,0.14951036861664863,49.58855817492804,0.3196625855594684,-25.32466078709118,-0.03635708494780777,-0.35405938623889577,-0.00037072,0.969478875268789,0.00017264,1,1.0
4210,0.31320292559780033,0.25635311371184455,-0.00033195,2.4597478815145957,3.1087171528187403,-4.584282674371661,-0.21789562370390278,5.493858015104351,-0.04593960525765017,-87.99922020928615,0.14951036861664863,67.04585064691119,0.3196625855594684,57.099888910624614,-0.03635708494780777,0.10566611015678032,-0.00037072,0.4033000152519951,0.00017264,0,1.0
4211,0.7300094821202451,0.35090609423359354,-0.00033195,2.4597478815145957,3.1087171528187403,21.189882979865985,-0.21789562370390278,19.22524900966146,-0.04593960525765017,-89.29512974623773,0.14951036861664863,-54.04942945478544,0.3196625855594684,64.67623184561342,-0.03635708494780777,-0.40153542767381745,-0.00037072,0.40982467590814764,0.00017264,1,1.0
4212,0.6048439958423806,0.32688131034522633,-0.00033195,2.4597478815145957,3.1087171528187403,79.90827886713566,-0.21789562370390278,18.981218337390793,-0.04593960525765017,-66.98377602723093,0.14951036861664863,-61.67951670352844,0.3196625855594684,22.96785302488062,-0.03635708494780777,-0.08834714287589696,-0.00037072,0.46764240634939036,0.00017264,1,1.0
4213,-0.0005922546795553707,0.15839464469603315,-0.00033195,2.4597478815145957,3.1087171528187403,99.82476023755459,-0.21789562370390278,10.153833642773664,-0.04593960525765017,-55.59639324434666,0.14951036861664863,55.97267414605366,0.3196625855594684,-24.893756346927717,-0.03635708494780777,0.3255625763610973,-0.00037072,0.8141402627907189,0.00017264,0,1.0
4214,0.7991286900500718,3.170652736849949,-0.00033195,2.4597478815145957,3.1087171528187403,71.06846407803693,-0.21789562370390278,-11.935519496084002,-0.04593960525765017,-28.32468602075594,0.14951036861664863,65.8123934497408,0.3196625855594684,28.134065204878087,-0.03635708494780777,-0.174739106838963,-0.00037072,1.84470644604333,0.00017264,1,1.0
4215,-0.5907055851397338,2.458622214862605,-0.00033195,2.4597478815145957,3.1087171528187403,86.48286182824698,-0.21789562370390278,14.889455120664056,-0.04593960525765017,-8.763507623363552,0.14951036861664863,36.69556822848224,0.3196625855594684,-82.34329919536596,-0.03635708494780777,-0.29216989142183536,-0.00037072,0.9250525652904331,0.00017264,1,1.0
4216,0.6952099827126208,0.33198491551677645,-0.00033195,2.4597478815145957,3.1087171528187403,31.39831233632761,-0.21789562370390278,11.326062523786907,-0.04593960525765017,-77.18813473589549,0.14951036861664863,-4.627661955484937,0.3196625855594684,52.42715707949484,-0.03635708494780777,0.10722684008399419,-0.00037072,0.43888876871774785,0.00017264,0,1.0
4217,0.002353836832264755,0.10417645812919635,-0.00033195,2.4597478815145957,3.1087171528187403,-1.9389126828660106,-0.21789562370390278,8.550434484467065,-0.04593960525765017,-88.6644603469506,0.14951036861664863,66.83331350229928,0.3196625855594684,41.80097320351443,-0.03635708494780777,0.06230783832261212,-0.00037072,0.19218300532114785,0.00017264,0,1.0
4218,0.5580232266279856,1.0379773397010794,-0.00033195,2.4597478815145957,3.1087171528187403,24.529151906728167,-0.21789562370390278,24.404552572872106,-0.04593960525765017,-46.137494952327195,0.14951036861664863,-76.18765848429923,0.3196625855594684,15.485332195031233,-0.03635708494780777,-0.5848973472328958,-0.00037072,0.5891959072763122,0.00017264,1,1.0
4219,-0.3309852623730829,5.675367445374194,-0.00033195,2.4597478815145957,3.1087171528187403,34.41950780483307,-0.21789562370390278,31.83059979050877,-0.04593960525765017,-18.432593364362756,0.14951036861664863,-53.905772101493774,0.3196625855594684,-59.116790852535445,-0.03635708494780777,-1.3339437831544525,-0.00037072,1.068846845827648,0.00017264,1,1.0
4220,0.10307332695818061,0.39507496671840003,-0.00033195,2.4597478815145957,3.1087171528187403,-49.11475370804456,-0.21789562370390278,-9.384579667315867,-0.04593960525765017,-25.340414231772947,0.14951036861664863,55.044665111680345,0.3196625855594684,47.83968613553386,-0.03635708494780777,-0.3253523061910043,-0.00037072,0.3414129146542596,0.00017264,1,1.0
4221,0.7382680949550766,0.2979488645782556,-0.00033195,2.4597478815145957,3.1087171528187403,32.64851460823336,-0.21789562370390278,15.954566858553331,-0.04593960525765017,-58.81645828593051,0.14951036861664863,-77.02081520905331,0.3196625855594684,47.37100234219656,-0.03635708494780777,-0.3654154319320352,-0.00037072,0.36910995151952253,0.00017264,1,1.0
4222,0.9214891651236903,0.4388228093818329,-0.00033195,2.4597478815145957,3.1087171528187403,20.627210425368222,-0.21789562370390278,20.378630748444465,-0.04593960525765017,-94.50955159106284,0.14951036861664863,-68.47495445820623,0.3196625855594684,76.23918246703286,-0.03635708494780777,-0.4291903891326315,-0.00037072,0.45299009308446603,0.00017264,1,1.0
4223,0.852789341529048,0.3743677009786669,-0.00033195,2.4597478815145957,3.1087171528187403,72.07576905747771,-0.21789562370390278,17.629317717236347,-0.04593960525765017,-71.37645457538106,0.14951036861664863,-53.74473640796219,0.3196625855594684,37.021244236717116,-0.03635708494780777,0.11187138667712296,-0.00037072,0.49893038598238426,0.00017264,0,1.0
4224,0.5787387217597205,0.3802579152770445,-0.00033195,2.4597478815145957,3.1087171528187403,12.06995124092406,-0.21789562370390278,1.394092781893393,-0.04593960525765017,-22.131628652292708,0.14951036861664863,-38.10461354751011,0.3196625855594684,38.64059428278113,-0.03635708494780777,-0.24271063335619567,-0.00037072,0.3705651220253062,0.00017264,1,1.0
4225,0.6217811961366716,0.6488325806500331,-0.00033195,2.4597478815145957,3.1087171528187403,54.04272357388083,-0.21789562370390278,4.833805148190867,-0.04593960525765017,-62.87073395353562,0.14951036861664863,31.671476503540454,0.3196625855594684,33.35886330507876,-0.03635708494780777,0.15881458935197307,-0.00037072,0.8706601372401024,0.00017264,0,1.0
4226,1.1441692854015386,0.23248804651580163,-0.00033195,2.4597478815145957,3.1087171528187403,-53.765366162593786,-0.21789562370390278,11.593051032590312,-0.04593960525765017,-69.10404988971956,0.14951036861664863,-44.464397167295274,0.3196625855594684,98.84641817453752,-0.03635708494780777,-0.2236841555106504,-0.00037072,0.2244061178370283,0.00017264,1,1.0
4227,0.5987880245677653,0.062236383530496084,-0.00033195,2.4597478815145957,3.1087171528187403,-30.885858124539595,-0.21789562370390278,2.4060184133948197,-0.04593960525765017,-13.660335963923925,0.14951036861664863,-29.805911800061214,0.3196625855594684,42.586472539915235,-0.03635708494780777,-0.05968739515144654,-0.00037072,0.06249182207925451,0.00017264,1,1.0
4228,0.9057958018410167,1.2335285609523532,-0.00033195,2.4597478815145957,3.1087171528187403,-35.02438213921186,-0.21789562370390278,19.166021720614413,-0.04593960525765017,-16.53134121112253,0.14951036861664863,-80.99349367614455,0.3196625855594684,32.817239984757066,-0.03635708494780777,-0.6061300176897078,-0.00037072,0.5955592055419308,0.00017264,1,1.0
4229,0.29460060247693454,0.5692585725824946,-0.00033195,2.4597478815145957,3.1087171528187403,-43.495912333437715,-0.21789562370390278,-8.098229070041054,-0.04593960525765017,-32.490829542584464,0.14951036861664863,50.27495889654498,0.3196625855594684,55.8367722818144,-0.03635708494780777,-0.28482401916085054,-0.00037072,0.4580217637189009,0.00017264,1,1.0
4230,-0.005085867651984155,0.19430486180451906,-0.00033195,2.4597478815145957,3.1087171528187403,32.7965885246853,-0.21789562370390278,11.362345059647835,-0.04593960525765017,-83.07207793623158,0.14951036861664863,73.95603725197344,0.3196625855594684,15.875738763843172,-0.03635708494780777,0.18687046414212397,-0.00037072,0.4828825843255222,0.00017264,0,1.0
4231,0.5148177969200183,0.23352626987231107,-0.00033195,2.4597478815145957,3.1087171528187403,42.85309159777597,-0.21789562370390278,13.95122006838752,-0.04593960525765017,-71.39785748631779,0.14951036861664863,-23.30420012761901,0.3196625855594684,37.91367160128661,-0.03635708494780777,-0.044722401995046485,-0.00037072,0.3678623629270794,0.00017264,1,1.0
4232,1.1662154360789478,1.6673836284634138,-0.00033195,2.4597478815145957,3.1087171528187403,66.63883668220676,-0.21789562370390278,3.538808605955581,-0.04593960525765017,-86.86067416119462,0.14951036861664863,56.91247027508746,0.3196625855594684,60.30363716031145,-0.03635708494780777,0.20331973037406648,-0.00037072,1.5681574834958356,0.00017264,0,1.0
4233,1.4208169345946997,0.44631796710899896,-0.00033195,2.4597478815145957,3.1087171528187403,-66.87726665995625,-0.21789562370390278,0.8678468934024876,-0.04593960525765017,-0.7873850499203956,0.14951036861664863,-89.06582475392655,0.3196625855594684,86.44099272999644,-0.03635708494780777,-0.1866916025305747,-0.00037072,0.17552269727546543,0.00017264,1,1.0
4234,-0.0008442793074424464,0.030755108863361226,-0.00033195,2.4597478815145957,3.1087171528187403,-6.926230040073251,-0.21789562370390278,0.26107770141934833,-0.04593960525765017,-13.25784171538547,0.14951036861664863,17.935072418117908,0.3196625855594684,8.572138896202913,-0.03635708494780777,0.007534049232534385,-0.00037072,0.05129153317076346,0.00017264,0,1.0
4235,0.0019062660656910535,0.2758231473706247,-0.00033195,2.4597478815145957,3.1087171528187403,42.25408076423586,-0.21789562370390278,5.231391388674781,-0.04593960525765017,-12.366366118056874,0.14951036861664863,23.23863149032207,0.3196625855594684,-22.324939008908174,-0.03635708494780777,0.07008202859419521,-0.00037072,0.5046530716229047,0.00017264,0,1.0
4236,0.17994822112993245,0.006846900512242263,-0.00033195,2.4597478815145957,3.1087171528187403,-10.809463953067143,-0.21789562370390278,2.0635151764997484,-0.04593960525765017,-17.191537873365668,0.14951036861664863,-1.7914572078283042,0.3196625855594684,20.00775688999972,-0.03635708494780777,-0.04423412553980282,-0.00037072,0.04447296432469371,0.00017264,1,1.0
4237,0.3212039201473282,0.048138608193833504,-0.00033195,2.4597478815145957,3.1087171528187403,-97.40275631592048,-0.21789562370390278,-2.888217286694944,-0.04593960525765017,-43.79439798193193,0.14951036861664863,66.81695695965591,0.3196625855594684,69.96403242887882,-0.03635708494780777,-0.11122639754495123,-0.00037072,0.1106936592197384,0.00017264,1,1.0
4238,1.2154242187887678,0.9525551666167649,-0.00033195,2.4597478815145957,3.1087171528187403,20.528782253216644,-0.21789562370390278,6.6613027886893414,-0.04593960525765017,-63.23142638824026,0.14951036861664863,-28.784679949777125,0.3196625855594684,74.96391951617478,-0.03635708494780777,0.01573998635337326,-0.00037072,0.7345257889922787,0.00017264,0,1.0
4239,0.2871397427196949,0.8490620156741648,-0.00033195,2.4597478815145957,3.1087171528187403,-16.811042069446465,-0.21789562370390278,17.242795866560595,-0.04593960525765017,-43.836023510390966,0.14951036861664863,-15.778314281847726,0.3196625855594684,19.533459721537053,-0.03635708494780777,-0.5309571076089372,-0.00037072,0.5172470601030734,0.00017264,1,1.0
4240,-0.45905655198083467,2.1005821801565285,-0.00033195,2.4597478815145957,3.1087171528187403,25.36508459538158,-0.21789562370390278,6.0450567187077215,-0.04593960525765017,-2.8708740828513606,0.14951036861664863,81.74313609227083,0.3196625855594684,-55.50304187547663,-0.03635708494780777,-0.28402808878879116,-0.00037072,0.9930061817347595,0.00017264,1,1.0
4241,0.0671380866510991,3.9011050906451477,-0.00033195,2.4597478815145957,3.1087171528187403,-6.9563641055295475,-0.21789562370390278,26.48317151239027,-0.04593960525765017,-8.961091156858322,0.14951036861664863,-52.259118968848384,0.3196625855594684,-30.71079525211653,-0.03635708494780777,-1.1627045966788718,-0.00037072,0.9957721455021913,0.00017264,1,1.0
4242,1.2597046006721437,0.29608198974058436,-0.00033195,2.4597478815145957,3.1087171528187403,-44.535847727470866,-0.21789562370390278,9.844514012688748,-0.04593960525765017,-17.984388461217208,0.14951036861664863,-90.68446063275951,0.3196625855594684,70.17547468490108,-0.03635708494780777,-0.17348460739334726,-0.00037072,0.17709039738847443,0.00017264,1,1.0
4243,-3.173523550364238e-05,0.1261642606803489,-0.00033195,2.4597478815145957,3.1087171528187403,-39.90903962013011,-0.21789562370390278,-0.4904878014987668,-0.04593960525765017,-56.23208267069488,0.14951036861664863,82.71992170926474,0.3196625855594684,41.85487162828194,-0.03635708494780777,-0.0016213211440445352,-0.00037072,0.22368535556412286,0.00017264,1,1.0
4244,1.1863077300544755,0.233378709027307,-0.00033195,2.4597478815145957,3.1087171528187403,-64.37974441154516,-0.21789562370390278,4.252766771958156,-0.04593960525765017,-7.950508649867503,0.14951036861664863,-68.80499878622403,0.3196625855594684,72.43902763911615,-0.03635708494780777,-0.05992048642786015,-0.00037072,0.059566246594164284,0.00017264,1,1.0
4245,0.0016570571832172365,0.03877034255491214,-0.00033195,2.4597478815145957,3.1087171528187403,11.755988919365807,-0.21789562370390278,1.4215078466075861,-0.04593960525765017,-15.961892819324223,0.14951036861664863,4.573044805087525,0.3196625855594684,5.5725971373146725,-0.03635708494780777,-0.04798127646676232,-0.00037072,0.09888078684747814,0.00017264,1,1.0
4246,0.7356803991606925,0.8953300069833662,-0.00033195,2.4597478815145957,3.1087171528187403,81.65852359520501,-0.21789562370390278,3.7690412755293816,-0.04593960525765017,-47.400339913083876,0.14951036861664863,32.102391282584286,0.3196625855594684,14.8611894665377,-0.03635708494780777,0.22674750810091604,-0.00037072,1.2184804189311247,0.00017264,0,1.0
4247,0.6381859068852218,0.06670372738420066,-0.00033195,2.4597478815145957,3.1087171528187403,-28.110237028836895,-0.21789562370390278,4.472029500976019,-0.04593960525765017,-17.590541752298567,0.14951036861664863,-36.198548591304146,0.3196625855594684,43.44033181926523,-0.03635708494780777,-0.07980500679788342,-0.00037072,0.08050062243213217,0.00017264,1,1.0
4248,0.4319595296767328,0.06157524522077744,-0.00033195,2.4597478815145957,3.1087171528187403,-77.93429312695935,-0.21789562370390278,-1.9380096519891936,-0.04593960525765017,-17.908335983084722,0.14951036861664863,25.85026821194535,0.3196625855594684,52.50038011864902,-0.03635708494780777,-0.10938966061282981,-0.00037072,0.10912093005000387,0.00017264,1,1.0
4249,0.0014433077239265624,0.10153015464324411,-0.00033195,2.4597478815145957,3.1087171528187403,18.911150652690047,-0.21789562370390278,2.2979938896868237,-0.04593960525765017,-14.222722434995312,0.14951036861664863,14.400893674464434,0.3196625855594684,-3.2975075040068447,-0.03635708494780777,0.06889383028061782,-0.00037072,0.17133311817000188,0.00017264,0,1.0
4250,0.6016262135665476,0.3247752641024497,-0.00033195,2.4597478815145957,3.1087171528187403,83.42549062105194,-0.21789562370390278,19.269869174081407,-0.04593960525765017,-69.66702827311279,0.14951036861664863,-58.19208959169899,0.3196625855594684,22.367288512000474,-0.03635708494780777,-0.05311835085290767,-0.00037072,0.4798335880947964,0.00017264,1,1.0
4251,-0.07069197327000531,1.225858295719093,-0.00033195,2.4597478815145957,3.1087171528187403,-53.74207191874345,-0.21789562370390278,13.71900283500911,-0.04593960525765017,-74.97938416981512,0.14951036861664863,89.10523661248577,0.3196625855594684,28.727763966601522,-0.03635708494780777,-0.47736862375491496,-0.00037072,0.7107142634968194,0.00017264,1,1.0
4252,1.7780513196592713,4.166774136814842,-0.00033195,2.4597478815145957,3.1087171528187403,91.61769926597151,-0.21789562370390278,-6.274103224232543,-0.04593960525765017,-0.25345402828296254,0.14951036861664863,-82.29802723128061,0.3196625855594684,51.886225266264105,-0.03635708494780777,-0.27115784661982767,-0.00037072,1.747085953701213,0.00017264,1,1.0
4253,1.11920028606276,0.22283969520730695,-0.00033195,2.4597478815145957,3.1087171528187403,-80.49698193351858,-0.21789562370390278,2.647938072312232,-0.04593960525765017,-8.23065019935466,0.14951036861664863,-49.448138031389504,0.3196625855594684,74.69596561728996,-0.03635708494780777,-0.05796635498678648,-0.00037072,0.055825268021799594,0.00017264,1,1.0
4254,1.0112788307869938,0.464159686208078,-0.00033195,2.4597478815145957,3.1087171528187403,35.941841135315634,-0.21789562370390278,13.95374775494024,-0.04593960525765017,-82.57863713763601,0.14951036861664863,-18.80519818644758,0.3196625855594684,62.33295753589958,-0.03635708494780777,0.23365024425181466,-0.00037072,0.5208848504426162,0.00017264,0,1.0
4255,1.6973234435557574,3.5363376441139844,-0.00033195,2.4597478815145957,3.1087171528187403,44.945928973904515,-0.21789562370390278,-6.450004664000962,-0.04593960525765017,-27.877627416979145,0.14951036861664863,12.422079409561677,0.3196625855594684,64.46094126532383,-0.03635708494780777,-0.0012909705663464166,-0.00037072,1.907841938584708,0.00017264,1,1.0
4256,0.3798849290913322,0.026250977326358726,-0.00033195,2.4597478815145957,3.1087171528187403,-66.07436011490971,-0.21789562370390278,6.360433362313447,-0.04593960525765017,-87.45808384990471,0.14951036861664863,54.07454276716476,0.3196625855594684,82.45268253769477,-0.03635708494780777,-0.10034727041300907,-0.00037072,0.10064491885833261,0.00017264,1,1.0
4257,2.235765080129563,2.282771650452943,-0.00033195,2.4597478815145957,3.1087171528187403,49.51744031484395,-0.21789562370390278,26.534414403987075,-0.04593960525765017,-60.57979660150375,0.14951036861664863,-82.62794164315143,0.3196625855594684,61.31384473990282,-0.03635708494780777,0.4500101253119739,-0.00037072,1.3281107311906535,0.00017264,0,1.0
4258,0.3351065233069991,0.07324155475537189,-0.00033195,2.4597478815145957,3.1087171528187403,14.087584472999762,-0.21789562370390278,6.239734195441786,-0.04593960525765017,-28.476346852851414,0.14951036861664863,-30.51131933280229,0.3196625855594684,24.268985212616162,-0.03635708494780777,-0.16128057735839005,-0.00037072,0.17713404795354767,0.00017264,1,1.0
4259,1.1328780100319742,0.5478469195615117,-0.00033195,2.4597478815145957,3.1087171528187403,59.17902986090577,-0.21789562370390278,22.54913190020564,-0.04593960525765017,-93.07704360903448,0.14951036861664863,-80.00250966436093,0.3196625855594684,65.22199415515196,-0.03635708494780777,-0.12333804363693135,-0.00037072,0.5674330212721819,0.00017264,1,1.0
4260,1.098572737966529,0.24256239524407658,-0.00033195,2.4597478815145957,3.1087171528187403,-14.464994989418644,-0.21789562370390278,9.994512741526071,-0.04593960525765017,-25.694074387742177,0.14951036861664863,-91.23203016481115,0.3196625855594684,61.681291992881754,-0.03635708494780777,-0.22168137300937715,-0.00037072,0.22235827881502998,0.00017264,1,1.0
4261,0.43514651999126186,0.23644404309559336,-0.00033195,2.4597478815145957,3.1087171528187403,87.44778277777965,-0.21789562370390278,16.26385500721385,-0.04593960525765017,-61.30781508284815,0.14951036861664863,-36.05997077822876,0.3196625855594684,9.272385255744025,-0.03635708494780777,0.10401739808258773,-0.00037072,0.43418469378506874,0.00017264,0,1.0
4262,0.34125294448693533,0.04317359424606454,-0.00033195,2.4597478815145957,3.1087171528187403,-26.510477124318633,-0.21789562370390278,3.1794230521519746,-0.04593960525765017,-42.876602281074774,0.14951036861664863,8.413589407490893,0.3196625855594684,47.48207766315003,-0.03635708494780777,-0.10990892862494187,-0.00037072,0.11236047043154465,0.00017264,1,1.0
4263,0.013919386021406244,0.021994700303908515,-0.00033195,2.4597478815145957,3.1087171528187403,-54.14852732507143,-0.21789562370390278,4.866109403700015,-0.04593960525765017,-90.94849282363052,0.14951036861664863,84.63567182929975,0.3196625855594684,65.989642533317,-0.03635708494780777,-0.07459875305369318,-0.00037072,0.07550612728023132,0.00017264,1,1.0
4264,6.348208161621738e-05,0.14381588438828685,-0.00033195,2.4597478815145957,3.1087171528187403,96.27033184477285,-0.21789562370390278,9.986403699104526,-0.04593960525765017,-35.75871627359407,0.14951036861664863,6.609905643848891,0.3196625855594684,-26.745982409527546,-0.03635708494780777,0.29914207629179507,-0.00037072,0.40266809108776497,0.00017264,0,1.0
4265,-0.15359402883937356,4.162306086902545,-0.00033195,2.4597478815145957,3.1087171528187403,-13.08967466739649,-0.21789562370390278,32.19786035088632,-0.04593960525765017,-85.36782414073602,0.14951036861664863,17.1195662282482,0.3196625855594684,1.2180813890812325,-0.03635708494780777,-1.1498930943852332,-0.00037072,1.042682263145404,0.00017264,1,1.0
4266,0.6182368420608235,2.1676508439350326,-0.00033195,2.4597478815145957,3.1087171528187403,-0.40712496893553884,-0.21789562370390278,-14.50907199638632,-0.04593960525765017,-11.822513626674189,0.14951036861664863,68.04197072138598,0.3196625855594684,39.46160767172351,-0.03635708494780777,-0.2580929453516704,-0.00037072,1.3134818896383949,0.00017264,1,1.0
4267,0.677380994550909,0.34253030443370364,-0.00033195,2.4597478815145957,3.1087171528187403,93.86613456847222,-0.21789562370390278,20.811378876856175,-0.04593960525765017,-74.71428003322642,0.14951036861664863,-59.10484027961383,0.3196625855594684,21.994082387897578,-0.03635708494780777,0.03783867945661579,-0.00037072,0.5245196370793576,0.00017264,0,1.0
4268,0.3666349941342937,0.0662806494372768,-0.00033195,2.4597478815145957,3.1087171528187403,-31.591747051104907,-0.21789562370390278,8.223849759334644,-0.04593960525765017,-53.86420045473172,0.14951036861664863,8.741749216096762,0.3196625855594684,48.64053347012603,-0.03635708494780777,-0.1548389388206911,-0.00037072,0.15978222377427154,0.00017264,1,1.0
4269,-0.5436143415112777,2.6040773048908252,-0.00033195,2.4597478815145957,3.1087171528187403,-23.912643679197195,-0.21789562370390278,10.441057005019957,-0.04593960525765017,-35.21543501235506,0.14951036861664863,94.03278662732735,0.3196625855594684,-24.306314628232833,-0.03635708494780777,-0.5779226635223934,-0.00037072,0.8225305420871348,0.00017264,1,1.0
4270,0.6561732899243135,0.14867745527818346,-0.00033195,2.4597478815145957,3.1087171528187403,10.7942277360003,-0.21789562370390278,11.474786120572041,-0.04593960525765017,-32.39226647027438,0.14951036861664863,-65.12662775939238,0.3196625855594684,35.97383583982588,-0.03635708494780777,-0.2337124632274399,-0.00037072,0.23369209123958193,0.00017264,1,1.0
4271,0.0030482349394598818,0.28100564067605693,-0.00033195,2.4597478815145957,3.1087171528187403,69.70491836606696,-0.21789562370390278,3.2417912898891754,-0.04593960525765017,-21.006327572409056,0.14951036861664863,38.25072418101858,0.3196625855594684,-24.47834437642173,-0.03635708494780777,0.17016784003806668,-0.00037072,0.6789462225891634,0.00017264,0,1.0
4272,0.5064885296430327,0.14127309762127271,-0.00033195,2.4597478815145957,3.1087171528187403,40.78629990251767,-0.21789562370390278,10.626151699418905,-0.04593960525765017,-0.007027849485485769,0.14951036861664863,-90.30391955548913,0.3196625855594684,1.381364795133837,-0.03635708494780777,-0.22183604127827888,-0.00037072,0.22180978669203494,0.00017264,1,1.0
4273,0.9593251426945252,0.16130573188315925,-0.00033195,2.4597478815145957,3.1087171528187403,-30.052644086111446,-0.21789562370390278,7.692356235855747,-0.04593960525765017,-21.504804189278403,0.14951036861664863,-67.16975337299853,0.3196625855594684,58.022587990498586,-0.03635708494780777,-0.14391735896634983,-0.00037072,0.14430883587081755,0.00017264,1,1.0
4274,-0.004221120267424154,0.8621609179454212,-0.00033195,2.4597478815145957,3.1087171528187403,94.4358269221859,-0.21789562370390278,0.6219470741270767,-0.04593960525765017,-2.7966503552581967,0.14951036861664863,90.18316102180425,0.3196625855594684,-58.94145525060904,-0.03635708494780777,0.13857356219930617,-0.00037072,1.546268941000072,0.00017264,0,1.0
4275,0.4695728169371818,0.18937329385085605,-0.00033195,2.4597478815145957,3.1087171528187403,37.920387594396885,-0.21789562370390278,11.572013133260402,-0.04593960525765017,-49.619619495375666,0.14951036861664863,-40.20772742173522,0.3196625855594684,29.158632299122676,-0.03635708494780777,-0.14038599466890708,-0.00037072,0.3050204244478524,0.00017264,1,1.0
4276,0.976482564418439,1.5229337933360254,-0.00033195,2.4597478815145957,3.1087171528187403,-13.063065328672927,-0.21789562370390278,-5.398129191856376,-0.04593960525765017,-43.86364627507553,0.14951036861664863,39.286049459704806,0.3196625855594684,70.40669536048888,-0.03635708494780777,-0.1006286741087265,-0.00037072,1.0434885184304767,0.00017264,1,1.0
4277,0.9870481374527372,0.7848505634018286,-0.00033195,2.4597478815145957,3.1087171528187403,46.80622955820116,-0.21789562370390278,9.229577751407174,-0.04593960525765017,-99.96303791222134,0.14951036861664863,49.23423127869175,0.3196625855594684,64.08813275501903,-0.03635708494780777,0.2953336531059536,-0.00037072,1.0668303255965925,0.00017264,0,1.0
4278,0.8433774438350987,0.4069947753661106,-0.00033195,2.4597478815145957,3.1087171528187403,-53.90534662439123,-0.21789562370390278,18.127661483919585,-0.04593960525765017,-89.606064979199,0.14951036861664863,-13.709656531373213,0.3196625855594684,85.9979264839855,-0.03635708494780777,-0.37611495020957314,-0.00037072,0.37739731640158275,0.00017264,1,1.0
4279,0.9085644731151519,0.1336259744002526,-0.00033195,2.4597478815145957,3.1087171528187403,-41.76037175812766,-0.21789562370390278,5.798816027196404,-0.04593960525765017,-22.45565605900682,0.14951036861664863,-51.27877185980474,0.3196625855594684,61.341785990318826,-0.03635708494780777,-0.10359444935954695,-0.00037072,0.10306151674074401,0.00017264,1,1.0
4280,0.976120435546459,0.18207882495282812,-0.00033195,2.4597478815145957,3.1087171528187403,-50.60294518733413,-0.21789562370390278,11.800495946575813,-0.04593960525765017,-75.66348454761071,0.14951036861664863,-27.33155364221251,0.3196625855594684,93.69040064128092,-0.03635708494780777,-0.22213767842295595,-0.00037072,0.22116194132417377,0.00017264,1,1.0
4281,0.007673198407183696,0.09147810659348593,-0.00033195,2.4597478815145957,3.1087171528187403,0.2271358486503256,-0.21789562370390278,-1.6544894782717476,-0.04593960525765017,-16.77830338950723,0.14951036861664863,16.561934449763598,0.3196625855594684,13.928548902616184,-0.03635708494780777,-0.12248402978968839,-0.00037072,0.16915351688816113,0.00017264,1,1.0
4282,0.827940923039028,0.389332205039449,-0.00033195,2.4597478815145957,3.1087171528187403,77.00654300502954,-0.21789562370390278,21.119506552150757,-0.04593960525765017,-85.37810705752821,0.14951036861664863,-57.22356823589561,0.3196625855594684,40.387729904753925,-0.03635708494780777,0.011643401489795646,-0.00037072,0.5327769960525828,0.00017264,0,1.0
4283,0.3452787420195138,0.39137032616376793,-0.00033195,2.4597478815145957,3.1087171528187403,62.70363238724106,-0.21789562370390278,17.269982781964707,-0.04593960525765017,-14.282686976668886,0.14951036861664863,-91.19190460561123,0.3196625855594684,-12.436827948436457,-0.03635708494780777,-0.3722036286355316,-0.00037072,0.3719647483235061,0.00017264,1,1.0
4284,1.620156272100613,3.4771028368625214,-0.00033195,2.4597478815145957,3.1087171528187403,35.36250370522681,-0.21789562370390278,-4.0250345630873525,-0.04593960525765017,-83.86101863679364,0.14951036861664863,85.56250023427425,0.3196625855594684,89.42865610650693,-0.03635708494780777,0.09212995077938979,-0.00037072,2.1256275273897747,0.00017264,0,1.0
4285,0.6368042720715317,0.28538802627500715,-0.00033195,2.4597478815145957,3.1087171528187403,-82.29066384939985,-0.21789562370390278,8.068193215399909,-0.04593960525765017,-46.24362912506471,0.14951036861664863,11.881923377437724,0.3196625855594684,66.85814077312642,-0.03635708494780777,-0.29419197227412475,-0.00037072,0.29090518713374713,0.00017264,1,1.0
4286,0.4671553166600423,0.2390858214019858,-0.00033195,2.4597478815145957,3.1087171528187403,41.30580882098084,-0.21789562370390278,15.263789112144213,-0.04593960525765017,-61.453721337072295,0.14951036861664863,-51.701201994348295,0.3196625855594684,33.60754023074117,-0.03635708494780777,-0.3077042704734987,-0.00037072,0.3472594872979864,0.00017264,1,1.0
4287,0.19575450804912053,0.0748177470014773,-0.00033195,2.4597478815145957,3.1087171528187403,7.333970865059714,-0.21789562370390278,8.750209357986147,-0.04593960525765017,-56.373839572134955,0.14951036861664863,-0.6803789134809445,0.3196625855594684,33.77397614181583,-0.03635708494780777,-0.19129335521793986,-0.00037072,0.19278501853241178,0.00017264,1,1.0
4288,0.1264634483578997,0.30024483206240193,-0.00033195,2.4597478815145957,3.1087171528187403,-49.325785109797486,-0.21789562370390278,13.565912497775848,-0.04593960525765017,-96.28470484389283,0.14951036861664863,60.8913701097223,0.3196625855594684,59.75889223276853,-0.03635708494780777,-0.33611935003680243,-0.00037072,0.33739673806592835,0.00017264,1,1.0
4289,0.6722564101180195,0.588156027197853,-0.00033195,2.4597478815145957,3.1087171528187403,69.98612869528507,-0.21789562370390278,7.279547464324486,-0.04593960525765017,-65.8856053955236,0.14951036861664863,25.775167881497307,0.3196625855594684,27.95981718481498,-0.03635708494780777,0.2403496637019158,-0.00037072,0.9137547350941018,0.00017264,0,1.0
4290,0.597473781954745,0.7345913825110848,-0.00033195,2.4597478815145957,3.1087171528187403,-17.04918327036931,-0.21789562370390278,-2.469240994232593,-0.04593960525765017,-52.16172968044883,0.14951036861664863,42.866041696352944,0.3196625855594684,61.66818592617116,-0.03635708494780777,-0.09450211421283938,-0.00037072,0.6500773814980697,0.00017264,1,1.0
4291,0.005978949637687664,0.1383172481174303,-0.00033195,2.4597478815145957,3.1087171528187403,-80.74929688719628,-0.21789562370390278,-2.9242192293647737,-0.04593960525765017,-36.31719933352012,0.14951036861664863,88.14641774101965,0.3196625855594684,42.84216507298504,-0.03635708494780777,-0.17493106334961597,-0.00037072,0.2620263950587334,0.00017264,1,1.0
4292,0.24993351201010905,0.12485486397676131,-0.00033195,2.4597478815145957,3.1087171528187403,-98.81272264665454,-0.21789562370390278,-8.218985646705026,-0.04593960525765017,-21.082434500118858,0.14951036861664863,68.38756966302341,0.3196625855594684,59.580860235737354,-0.03635708494780777,-0.19542511589787098,-0.00037072,0.196509718913159,0.00017264,1,1.0
4293,0.09391232317677978,0.5347582929337136,-0.00033195,2.4597478815145957,3.1087171528187403,45.97970442111052,-0.21789562370390278,-2.551928715365385,-0.04593960525765017,-24.02471975809292,0.14951036861664863,43.692625037622946,0.3196625855594684,0.334018832591266,-0.03635708494780777,-0.005780679531219524,-0.00037072,0.7126801988994452,0.00017264,1,1.0
4294,0.02217689803196432,0.12681571898838254,-0.00033195,2.4597478815145957,3.1087171528187403,43.13204575687893,-0.21789562370390278,10.295669350502557,-0.04593960525765017,-59.70163159418501,0.14951036861664863,11.281054567528365,0.3196625855594684,12.345749819023355,-0.03635708494780777,-0.03028220316760183,-0.00037072,0.25265104699320845,0.00017264,1,1.0
4295,0.5016732052279155,0.11127320898785664,-0.00033195,2.4597478815145957,3.1087171528187403,31.771231331918198,-0.21789562370390278,8.969834374156434,-0.04593960525765017,-13.009784915790371,0.14951036861664863,-73.00043957289925,0.3196625855594684,14.75182840453446,-0.03635708494780777,-0.21176445588651843,-0.00037072,0.21256569536079822,0.00017264,1,1.0
4296,0.18264658560649427,0.2941728033916109,-0.00033195,2.4597478815145957,3.1087171528187403,32.36804728419263,-0.21789562370390278,18.268967974675583,-0.04593960525765017,-89.94136166250574,0.14951036861664863,-5.580777908514913,0.3196625855594684,34.8047659109868,-0.03635708494780777,-0.3253209216570793,-0.00037072,0.370893219566337,0.00017264,1,1.0
4297,0.874155210584855,0.27722723231439744,-0.00033195,2.4597478815145957,3.1087171528187403,-1.690769457487767,-0.21789562370390278,10.131999054117001,-0.04593960525765017,-54.42751440020821,0.14951036861664863,-59.48723248843552,0.3196625855594684,67.23920262876234,-0.03635708494780777,-0.2977781891539882,-0.00037072,0.31414327075254894,0.00017264,1,1.0
4298,-0.00020486125470697836,0.06297028595274304,-0.00033195,2.4597478815145957,3.1087171528187403,-23.399652876752697,-0.21789562370390278,3.8377977890349215,-0.04593960525765017,-65.4248722324974,0.14951036861664863,63.326749559799424,0.3196625855594684,40.13596389521742,-0.03635708494780777,0.05580890123305046,-0.00037072,0.08165663015878757,0.00017264,0,1.0
4299,0.949050632212376,3.6164209206104863,-0.00033195,2.4597478815145957,3.1087171528187403,-82.30231266548664,-0.21789562370390278,30.16592697569232,-0.04593960525765017,-60.47058213540155,0.14951036861664863,-92.61187484181367,0.3196625855594684,69.41178360496109,-0.03635708494780777,-1.2900848492942922,-0.00037072,0.7279986254556261,0.00017264,1,1.0
4300,1.1353939247241667,0.46760894958130556,-0.00033195,1.953679530487697,3.0141450503401943,62.13894200620131,-0.21789562370390278,22.72266752764645,-0.04593960525765017,-43.974307506345525,0.14951036861664863,-77.3906584555575,0.3196625855594684,19.75894665641135,-0.03635708494780777,0.3489974716076942,-0.00037072,0.7891488485099212,0.00017264,0,1.0
4301,0.20153306999663867,1.725754831358673,-0.00033195,1.953679530487697,3.0141450503401943,15.378660414278997,-0.21789562370390278,19.363197845423713,-0.04593960525765017,-0.13064450393532365,0.14951036861664863,-57.26386231445566,0.3196625855594684,-16.94986892650646,-0.03635708494780777,-0.756445148465892,-0.00037072,0.686303215522173,0.00017264,1,1.0
4302,0.34792646388014514,1.064542463399087,-0.00033195,1.953679530487697,3.0141450503401943,67.99177793241748,-0.21789562370390278,25.22183070513502,-0.04593960525765017,-17.08774805229598,0.14951036861664863,-89.87804854074898,0.3196625855594684,-22.255321224679502,-0.03635708494780777,-0.4058843307289388,-0.00037072,0.7352743968544342,0.00017264,1,1.0
4303,0.5061454426489151,3.8297278597022393,-0.00033195,1.953679530487697,3.0141450503401943,-0.924877738042841,-0.21789562370390278,28.687431407569182,-0.04593960525765017,-10.966807617470076,0.14951036861664863,-88.28500492166802,0.3196625855594684,-1.1717773770567768,-0.03635708494780777,-1.2061577675125528,-0.00037072,0.9323378165678307,0.00017264,1,1.0
4304,1.1475643104373572,0.4364780958143001,-0.00033195,1.953679530487697,3.0141450503401943,46.05949558652373,-0.21789562370390278,23.13209839397481,-0.04593960525765017,-65.71771499592435,0.14951036861664863,-51.48935777172691,0.3196625855594684,36.596501502224676,-0.03635708494780777,0.3665801491430269,-0.00037072,0.7833427494072114,0.00017264,0,1.0
4305,0.029711379880736022,0.9059211023381113,-0.00033195,1.953679530487697,3.0141450503401943,-61.33755195327216,-0.21789562370390278,-18.49599051339038,-0.04593960525765017,-9.205967341415818,0.14951036861664863,82.18986441772252,0.3196625855594684,40.482092657015144,-0.03635708494780777,-0.5295605897877822,-0.00037072,0.548826014064598,0.00017264,1,1.0
4306,0.922813585262537,0.47028406418723373,-0.00033195,1.953679530487697,3.0141450503401943,26.313461560706852,-0.21789562370390278,17.644599837866586,-0.04593960525765017,-47.6435514274137,0.14951036861664863,-61.09512891298069,0.3196625855594684,36.42432197649041,-0.03635708494780777,-0.026561924342029697,-0.00037072,0.5850024000837477,0.00017264,1,1.0
4307,-0.0003079620135002237,0.12565919813794355,-0.00033195,1.953679530487697,3.0141450503401943,-26.560107938848674,-0.21789562370390278,2.4621593973571683,-0.04593960525765017,-60.90517708360232,0.14951036861664863,76.259461761456,0.3196625855594684,35.73060007839524,-0.03635708494780777,0.05830712715246961,-0.00037072,0.2334119834769744,0.00017264,0,1.0
4308,0.6633307320009745,0.35366949528584557,-0.00033195,1.953679530487697,3.0141450503401943,11.415882848485813,-0.21789562370390278,14.157127352999721,-0.04593960525765017,-32.77293500785192,0.14951036861664863,-68.69662728301344,0.3196625855594684,32.38640651839776,-0.03635708494780777,-0.393379837197052,-0.00037072,0.4116039447669379,0.00017264,1,1.0
4309,0.7573062317298939,0.40550570934237223,-0.00033195,1.953679530487697,3.0141450503401943,7.223354446949155,-0.21789562370390278,19.62972416729553,-0.04593960525765017,-83.75656333571078,0.14951036861664863,-13.591633742064227,0.3196625855594684,53.905794796642404,-0.03635708494780777,-0.04585264895735308,-0.00037072,0.5776514815528863,0.00017264,1,1.0
4310,0.9261201312560136,0.3362169748137694,-0.00033195,1.953679530487697,3.0141450503401943,63.82051499652112,-0.21789562370390278,21.691961635895492,-0.04593960525765017,-67.50404999766499,0.14951036861664863,-42.66784889282669,0.3196625855594684,25.742411885700424,-0.03635708494780777,0.3415623733686176,-0.00037072,0.863317445973505,0.00017264,0,1.0
4311,0.39636779665377975,0.15991347203796838,-0.00033195,1.953679530487697,3.0141450503401943,99.62823126746207,-0.21789562370390278,16.64900826203291,-0.04593960525765017,-8.949876712338842,0.14951036861664863,-63.8290365644671,0.3196625855594684,-34.24983160015552,-0.03635708494780777,0.3976255648671844,-0.00037072,0.6712333922946081,0.00017264,0,1.0
4312,0.29333831485804884,0.22384211348106972,-0.00033195,1.953679530487697,3.0141450503401943,28.169992158995505,-0.21789562370390278,10.60184673936645,-0.04593960525765017,-16.3655721803316,0.14951036861664863,-55.42066823293413,0.3196625855594684,6.161818945280502,-0.03635708494780777,-0.3089997942325118,-0.00037072,0.33604176375596995,0.00017264,1,1.0
4313,1.1466568323533224,0.4420458576884548,-0.00033195,1.953679530487697,3.0141450503401943,75.2339234218033,-0.21789562370390278,28.355505291047624,-0.04593960525765017,-71.59223384508448,0.14951036861664863,-70.41336677103921,0.3196625855594684,26.122388379707488,-0.03635708494780777,0.3333091032001,-0.00037072,0.9758705161951001,0.00017264,0,1.0
4314,1.2855928365727187,0.5195056324018015,-0.00033195,1.953679530487697,3.0141450503401943,-30.354886722792898,-0.21789562370390278,16.265890805901627,-0.04593960525765017,-56.84869866244504,0.14951036861664863,-75.57605580279196,0.3196625855594684,81.22214649942981,-0.03635708494780777,-0.4373122208553329,-0.00037072,0.4377832549647412,0.00017264,1,1.0
4315,0.6410677791918314,0.06461907731400905,-0.00033195,1.953679530487697,3.0141450503401943,-53.40101600798122,-0.21789562370390278,5.7048761634062135,-0.04593960525765017,-56.81677998205489,0.14951036861664863,16.83102689833234,0.3196625855594684,68.41306817393831,-0.03635708494780777,-0.10116211675762272,-0.00037072,0.10411693379164495,0.00017264,1,1.0
4316,0.0728215112784858,0.10644415056576953,-0.00033195,1.953679530487697,3.0141450503401943,30.222011096072343,-0.21789562370390278,13.089893357119674,-0.04593960525765017,-73.46908124738133,0.14951036861664863,50.18375049364568,0.3196625855594684,14.307304797345676,-0.03635708494780777,0.3598232104144965,-0.00037072,0.4631220446320956,0.00017264,0,1.0
4317,0.4323927639549259,0.05606869779406092,-0.00033195,1.953679530487697,3.0141450503401943,-80.82038683265965,-0.21789562370390278,5.706059795903807,-0.04593960525765017,-91.32894316625342,0.14951036861664863,79.71380939710808,0.3196625855594684,86.09907069566265,-0.03635708494780777,-0.1498634357028257,-0.00037072,0.1501573655876394,0.00017264,1,1.0
4318,1.1129410856701565,0.5464002247047213,-0.00033195,1.953679530487697,3.0141450503401943,26.42335803516436,-0.21789562370390278,14.518985667120914,-0.04593960525765017,-35.75720479906479,0.14951036861664863,-67.30825559264781,0.3196625855594684,37.57686673360644,-0.03635708494780777,0.12649097980732152,-0.00037072,0.6094414567364919,0.00017264,0,1.0
4319,0.00034190191912808476,0.1645686933176565,-0.00033195,1.953679530487697,3.0141450503401943,11.967614184162455,-0.21789562370390278,6.103315531718978,-0.04593960525765017,-60.77128555721614,0.14951036861664863,72.96170872758012,0.3196625855594684,14.913983965209272,-0.03635708494780777,0.24575711717555448,-0.00037072,0.541233557719175,0.00017264,0,1.0
4320,1.0069813939950496,0.49753688144546326,-0.00033195,1.953679530487697,3.0141450503401943,46.40989595545133,-0.21789562370390278,13.59460537723234,-0.04593960525765017,-8.711222422722667,0.14951036861664863,-90.33125943460269,0.3196625855594684,12.833629844817198,-0.03635708494780777,0.14607142750514177,-0.00037072,0.5809950264965535,0.00017264,0,1.0
4321,-0.0022903549680237667,0.09123403991627897,-0.00033195,1.953679530487697,3.0141450503401943,85.21625271152006,-0.21789562370390278,20.42506833801115,-0.04593960525765017,-81.32536685078969,0.14951036861664863,44.59440747631043,0.3196625855594684,-13.730630064268857,-0.03635708494780777,0.6402404122615839,-0.00037072,0.7675505194407128,0.00017264,0,1.0
4322,1.5624849749438818,1.1404402451788318,-0.00033195,1.953679530487697,3.0141450503401943,-9.165475715724606,-0.21789562370390278,4.784325931591709,-0.04593960525765017,-8.823994200134782,0.14951036861664863,-87.90229117533865,0.3196625855594684,61.28206849561709,-0.03635708494780777,-0.07275202224239802,-0.00037072,0.6608193140430945,0.00017264,1,1.0
4323,0.0929000398210611,0.05680262846081871,-0.00033195,1.953679530487697,3.0141450503401943,95.09631369386611,-0.21789562370390278,16.46493830341117,-0.04593960525765017,-36.79694348944064,0.14951036861664863,-17.71177629519036,0.3196625855594684,-28.681820224568767,-0.03635708494780777,0.395723002167767,-0.00037072,0.679196693773969,0.00017264,0,1.0
4324,1.0906807725542003,1.3985314431521125,-0.00033195,1.953679530487697,3.0141450503401943,97.7598694342854,-0.21789562370390278,40.95686993512008,-0.04593960525765017,-64.61062940623852,0.14951036861664863,-97.90080632903593,0.3196625855594684,-2.4937366908815237,-0.03635708494780777,0.05304991652520319,-0.00037072,1.3188513408709508,0.00017264,0,1.0
4325,0.45512670772816805,0.06498194962312098,-0.00033195,1.953679530487697,3.0141450503401943,-53.380850466375676,-0.21789562370390278,5.692765522141568,-0.04593960525765017,-77.84193379380844,0.14951036861664863,43.398856632995816,0.3196625855594684,74.15525454583943,-0.03635708494780777,-0.1391109934883988,-0.00037072,0.1381086298523547,0.00017264,1,1.0
4326,0.0022100474137072,0.5729958765166249,-0.00033195,1.953679530487697,3.0141450503401943,84.58046021781611,-0.21789562370390278,2.7064376369795586,-0.04593960525765017,-4.6898187237130635,0.14951036861664863,80.8708969445324,0.3196625855594684,-56.88811248784976,-0.03635708494780777,0.30427993578879053,-0.00037072,1.8058722699514256,0.00017264,0,1.0
4327,-0.15410810923857632,3.4852681355103226,-0.00033195,1.953679530487697,3.0141450503401943,-27.115575327874545,-0.21789562370390278,16.931380110980434,-0.04593960525765017,-22.340096853572923,0.14951036861664863,36.72694811362783,0.3196625855594684,-10.678779937911658,-0.03635708494780777,-1.0406875658627,-0.00037072,1.0414744330267203,0.00017264,1,1.0
4328,0.9378460216820426,0.5616499070215989,-0.00033195,1.953679530487697,3.0141450503401943,-39.816953995199015,-0.21789562370390278,11.091326442395898,-0.04593960525765017,-10.504957132456179,0.14951036861664863,-52.015405856303296,0.3196625855594684,41.989780066657985,-0.03635708494780777,-0.3847330685597065,-0.00037072,0.3714868951585361,0.00017264,1,1.0
4329,0.8263462180360063,0.24137639733345884,-0.00033195,1.953679530487697,3.0141450503401943,43.93389366080388,-0.21789562370390278,23.63299337907455,-0.04593960525765017,-99.18894434605741,0.14951036861664863,-2.532032708467768,0.3196625855594684,43.47355820476404,-0.03635708494780777,0.3579966450829135,-0.00037072,0.8188357079878619,0.00017264,0,1.0
4330,-0.0285087639825643,6.016043560608457,-0.00033195,1.953679530487697,3.0141450503401943,25.024359999818373,-0.21789562370390278,41.52146155356425,-0.04593960525765017,-69.43546097448325,0.14951036861664863,-28.10549022119031,0.3196625855594684,-12.840504816821694,-0.03635708494780777,-1.3997869343870424,-0.00037072,1.4012924289544786,0.00017264,1,1.0
4331,0.49297778838308237,0.17024777009086167,-0.00033195,1.953679530487697,3.0141450503401943,80.93806203421818,-0.21789562370390278,17.82125346719241,-0.04593960525765017,-34.20267251180986,0.14951036861664863,-42.3374812927924,0.3196625855594684,-11.671426072430156,-0.03635708494780777,0.3884771182852278,-0.00037072,0.6890893307450132,0.00017264,0,1.0
4332,1.3312644728971854,4.0794385117591325,-0.00033195,1.953679530487697,3.0141450503401943,4.764150344474575,-0.21789562370390278,-12.471400659081905,-0.04593960525765017,-30.432359162419655,0.14951036861664863,89.53076351050419,0.3196625855594684,47.58918096026393,-0.03635708494780777,-0.0006506458246482438,-0.00037072,2.4128363058912146,0.00017264,1,1.0
4333,0.43831014617640696,0.10769090511958115,-0.00033195,1.953679530487697,3.0141450503401943,42.332160709947864,-0.21789562370390278,20.65550958893059,-0.04593960525765017,-98.67825279553266,0.14951036861664863,29.889768154595654,0.3196625855594684,31.190932728326565,-0.03635708494780777,0.38444238222997507,-0.00037072,0.6998859830262433,0.00017264,0,1.0
4334,0.12251395779624952,0.1548781792703543,-0.00033195,1.953679530487697,3.0141450503401943,30.759300048403375,-0.21789562370390278,9.71639401175846,-0.04593960525765017,-39.670114933696176,0.14951036861664863,7.446673093089712,0.3196625855594684,4.691595782998379,-0.03635708494780777,0.163872319364458,-0.00037072,0.3443524922949799,0.00017264,0,1.0
4335,1.1574046638700657,0.46808766024056586,-0.00033195,1.953679530487697,3.0141450503401943,84.70335546889473,-0.21789562370390278,26.309058469201194,-0.04593960525765017,-67.28582238649503,0.14951036861664863,-76.03629964221066,0.3196625855594684,23.710778559993344,-0.03635708494780777,0.32419195944732015,-0.00037072,1.0495797717574122,0.00017264,0,1.0
4336,0.6288572672344515,0.19747161358543955,-0.00033195,1.953679530487697,3.0141450503401943,63.07717535229206,-0.21789562370390278,19.300808903538076,-0.04593960525765017,-57.40224985664407,0.14951036861664863,-25.730514086489574,0.3196625855594684,10.599292786550082,-0.03635708494780777,0.3841268957460184,-0.00037072,0.7122771933477361,0.00017264,0,1.0
4337,0.4245584837686574,0.06976422020077884,-0.00033195,1.953679530487697,3.0141450503401943,-0.9117738791659677,-0.21789562370390278,5.898170347578386,-0.04593960525765017,-9.853298803723046,0.14951036861664863,-38.74434806182512,0.3196625855594684,18.74010722387167,-0.03635708494780777,-0.16231993554286356,-0.00037072,0.1637678637055477,0.00017264,1,1.0
4338,0.3655066307718658,0.19027332620927845,-0.00033195,1.953679530487697,3.0141450503401943,-43.14655532598907,-0.21789562370390278,6.409101985727482,-0.04593960525765017,-98.30010045739583,0.14951036861664863,83.72227556826961,0.3196625855594684,72.53542095159617,-0.03635708494780777,0.15546436847021083,-0.00037072,0.2674360244139431,0.00017264,0,1.0
4339,0.0012698339422634874,0.7843866179447744,-0.00033195,1.953679530487697,3.0141450503401943,-15.255533908581217,-0.21789562370390278,1.3029051433706096,-0.04593960525765017,-29.580608510192288,0.14951036861664863,90.50010324148847,0.3196625855594684,3.9074304021618267,-0.03635708494780777,-0.1376633573101106,-0.00037072,0.9268496134665297,0.00017264,1,1.0
4340,0.10571462077273686,0.14757094439030838,-0.00033195,1.953679530487697,3.0141450503401943,1.5883586433831967,-0.21789562370390278,9.499845550439327,-0.04593960525765017,-62.701486075468786,0.14951036861664863,27.74949188266151,0.3196625855594684,29.802237301710047,-0.03635708494780777,-0.05347884084656995,-0.00037072,0.28676053268374424,0.00017264,1,1.0
4341,-0.0005385564600743908,0.5456490192681175,-0.00033195,1.953679530487697,3.0141450503401943,36.72708585367226,-0.21789562370390278,-1.9392810071737572,-0.04593960525765017,-21.810473738779525,0.14951036861664863,74.70472888916431,0.3196625855594684,-14.4909705708401,-0.03635708494780777,0.1419762131173513,-0.00037072,1.1200004752443435,0.00017264,0,1.0
4342,-0.09868325602310518,1.1840532194020104,-0.00033195,1.953679530487697,3.0141450503401943,12.746532402877017,-0.21789562370390278,5.011683093818846,-0.04593960525765017,-16.40819335825117,0.14951036861664863,73.7300041737842,0.3196625855594684,-21.794638397991264,-0.03635708494780777,-0.13346364348324014,-0.00037072,1.0739466491160394,0.00017264,1,1.0
4343,1.3322637742554524,0.5646805543498765,-0.00033195,1.953679530487697,3.0141450503401943,52.024440530473186,-0.21789562370390278,24.772057513556422,-0.04593960525765017,-61.201251708305044,0.14951036861664863,-74.93743767926105,0.3196625855594684,38.257807306037215,-0.03635708494780777,0.33685558268928667,-0.00037072,0.8531437214120707,0.00017264,0,1.0
4344,1.269744013324643,0.2650717069781471,-0.00033195,1.953679530487697,3.0141450503401943,-72.8218090867981,-0.21789562370390278,9.106484228176367,-0.04593960525765017,-59.770067596763035,0.14951036861664863,-22.98117075748733,0.3196625855594684,97.93750650805306,-0.03635708494780777,-0.17691143620671151,-0.00037072,0.17937588642293106,0.00017264,1,1.0
4345,1.5340548606221664,2.1694615479754935,-0.00033195,1.953679530487697,3.0141450503401943,13.921501003581364,-0.21789562370390278,0.6212471864467166,-0.04593960525765017,-18.923317704687992,0.14951036861664863,-56.581578060984064,0.3196625855594684,57.45443028093443,-0.03635708494780777,-0.09849091183804715,-0.00037072,1.237268599696924,0.00017264,1,1.0
4346,0.8566065507444022,1.169524464339438,-0.00033195,1.953679530487697,3.0141450503401943,84.79884360788225,-0.21789562370390278,7.812969354533794,-0.04593960525765017,-65.2330382417148,0.14951036861664863,17.71153371479199,0.3196625855594684,19.43910702439002,-0.03635708494780777,0.2936927470193915,-0.00037072,1.715098644078546,0.00017264,0,1.0
4347,0.6969968897501714,0.5466945152865459,-0.00033195,1.953679530487697,3.0141450503401943,-25.59496434697167,-0.21789562370390278,3.016222944814679,-0.04593960525765017,-68.01536052150321,0.14951036861664863,56.20528653567067,0.3196625855594684,60.915324035383534,-0.03635708494780777,0.1499050033018855,-0.00037072,0.6741668956589604,0.00017264,0,1.0
4348,0.2676475741987097,0.44076994161814537,-0.00033195,1.953679530487697,3.0141450503401943,-46.63793321518029,-0.21789562370390278,10.448653415202827,-0.04593960525765017,-56.99627691658004,0.14951036861664863,39.85841305450342,0.3196625855594684,43.925886986358066,-0.03635708494780777,-0.40593307917386,-0.00037072,0.4066493313853732,0.00017264,1,1.0
4349,0.6133292517088187,0.2741230278391043,-0.00033195,1.953679530487697,3.0141450503401943,63.86356930310403,-0.21789562370390278,11.07658646133788,-0.04593960525765017,-13.395032361644935,0.14951036861664863,-41.90967708617366,0.3196625855594684,-8.239587647085896,-0.03635708494780777,0.395162151215689,-0.00037072,0.6536017427707642,0.00017264,0,1.0
4350,1.8819871065284859,4.181561774810865,-0.00033195,1.953679530487697,3.0141450503401943,47.77235516897903,-0.21789562370390278,1.6139050186348443,-0.04593960525765017,-88.61766217921495,0.14951036861664863,37.21877392924054,0.3196625855594684,80.6699478814579,-0.03635708494780777,0.19157159105588573,-0.00037072,2.569249697111315,0.00017264,0,1.0
4351,-0.015522566886433387,1.466407134230638,-0.00033195,1.953679530487697,3.0141450503401943,91.65914932855404,-0.21789562370390278,27.902701243246646,-0.04593960525765017,-35.7197306737629,0.14951036861664863,-5.022125259962374,0.3196625855594684,-51.9027617962838,-0.03635708494780777,-0.06071400505711477,-0.00037072,1.263962476674545,0.00017264,1,1.0
4352,1.4984837004523062,3.249124267129074,-0.00033195,1.953679530487697,3.0141450503401943,-47.66161315804691,-0.21789562370390278,-13.319936491799227,-0.04593960525765017,-10.23838288022128,0.14951036861664863,-15.039642192612233,0.3196625855594684,85.88770462138801,-0.03635708494780777,-0.49762765443678625,-0.00037072,1.2215006663292796,0.00017264,1,1.0
4353,0.703276043677638,0.7212706427015301,-0.00033195,1.953679530487697,3.0141450503401943,25.497472818742857,-0.21789562370390278,2.451785901458228,-0.04593960525765017,-32.83119120774912,0.14951036861664863,26.610455376623477,0.3196625855594684,20.465375620308848,-0.03635708494780777,0.24011096642835095,-0.00037072,1.0727661264876016,0.00017264,0,1.0
4354,1.1227160692946472,0.27327342425855466,-0.00033195,1.953679530487697,3.0141450503401943,-80.60967999905802,-0.21789562370390278,-0.5743706939854551,-0.04593960525765017,-21.82896474936487,0.14951036861664863,-10.771174465784718,0.3196625855594684,79.32492408282523,-0.03635708494780777,-0.08426696765559892,-0.00037072,0.08263598856552833,0.00017264,1,1.0
4355,1.0869928891476077,0.20134445594806286,-0.00033195,1.953679530487697,3.0141450503401943,-65.69270233827905,-0.21789562370390278,2.996820737273136,-0.04593960525765017,-27.190870827046155,0.14951036861664863,-23.281418516314222,0.3196625855594684,74.43150140082271,-0.03635708494780777,-0.02712298946680078,-0.00037072,0.026731227530339602,0.00017264,1,1.0
4356,0.21397664421954,0.12242826399666532,-0.00033195,1.953679530487697,3.0141450503401943,-8.485194877100207,-0.21789562370390278,2.706485214981737,-0.04593960525765017,-34.267422196978046,0.14951036861664863,7.859224108517447,0.3196625855594684,29.44620425066797,-0.03635708494780777,-0.14490464336204456,-0.00037072,0.21292332779105466,0.00017264,1,1.0
4357,0.757730834362471,0.5068032366931816,-0.00033195,1.953679530487697,3.0141450503401943,15.363151193202992,-0.21789562370390278,18.14214190160364,-0.04593960525765017,-29.04586494331766,0.14951036861664863,-86.97687435249965,0.3196625855594684,28.455075559910178,-0.03635708494780777,-0.4553257765164986,-0.00037072,0.47062690445830285,0.00017264,1,1.0
4358,-0.0010499045633063364,0.16587107834384232,-0.00033195,1.953679530487697,3.0141450503401943,94.35059456776919,-0.21789562370390278,10.726439440953316,-0.04593960525765017,-23.16211427911773,0.14951036861664863,20.911803613443595,0.3196625855594684,-42.71353641343106,-0.03635708494780777,0.5194435729217028,-0.00037072,0.9387551413677693,0.00017264,0,1.0
4359,1.9532166399794932,1.7010643813428308,-0.00033195,1.953679530487697,3.0141450503401943,12.597552290462442,-0.21789562370390278,10.811868330623724,-0.04593960525765017,-51.153546831499256,0.14951036861664863,-55.50602415929842,0.3196625855594684,76.87325947178266,-0.03635708494780777,0.30606088496309436,-0.00037072,1.2428560749794362,0.00017264,0,1.0
4360,0.051641975213028435,0.0636473316151798,-0.00033195,1.953679530487697,3.0141450503401943,-52.690524355649345,-0.21789562370390278,-3.463999079368489,-0.04593960525765017,-36.087243511837116,0.14951036861664863,68.70864320784564,0.3196625855594684,39.0013333698467,-0.03635708494780777,-0.1684582574365735,-0.00037072,0.16838743175525167,0.00017264,1,1.0
4361,0.0795875109245181,0.14105547344220148,-0.00033195,1.953679530487697,3.0141450503401943,18.697150903187456,-0.21789562370390278,8.38612175885034,-0.04593960525765017,-35.16086769229944,0.14951036861664863,-2.5204052011061595,0.3196625855594684,9.840170748826035,-0.03635708494780777,-0.08432114388178918,-0.00037072,0.2737175290109965,0.00017264,1,1.0
4362,0.008836372087021815,0.19979786200184224,-0.00033195,1.953679530487697,3.0141450503401943,93.50475698153024,-0.21789562370390278,8.558402364100887,-0.04593960525765017,-46.68425802758105,0.14951036861664863,33.894794104782285,0.3196625855594684,-23.26729849632802,-0.03635708494780777,0.3736846143048714,-0.00037072,1.085579863580914,0.00017264,0,1.0
4363,1.5398897296631062,1.097588374230333,-0.00033195,1.953679530487697,3.0141450503401943,-58.7230894958441,-0.21789562370390278,-2.9468426015507676,-0.04593960525765017,-8.741945614478416,0.14951036861664863,-74.81672336312339,0.3196625855594684,89.80508530242578,-0.03635708494780777,-0.4672422995536373,-0.00037072,0.4710823232758874,0.00017264,1,1.0
4364,-0.3953169899874083,2.7828924358659872,-0.00033195,1.953679530487697,3.0141450503401943,87.75429881594206,-0.21789562370390278,26.781068427528528,-0.04593960525765017,-13.173958233865534,0.14951036861664863,-54.95779378554757,0.3196625855594684,-61.715863113185684,-0.03635708494780777,-0.6598331931537273,-0.00037072,0.8622112720996815,0.00017264,1,1.0
4365,1.045223860216849,2.399568980426649,-0.00033195,1.953679530487697,3.0141450503401943,53.310762538695336,-0.21789562370390278,-5.059324605824441,-0.04593960525765017,-30.87834149012099,0.14951036861664863,75.14819061464098,0.3196625855594684,13.819819285834706,-0.03635708494780777,0.24774207679593863,-0.00037072,2.3556388805856443,0.00017264,0,1.0
4366,1.1643609551936112,0.6821376640016691,-0.00033195,1.953679530487697,3.0141450503401943,4.6974079320993125,-0.21789562370390278,20.405950246060815,-0.04593960525765017,-62.43836450872316,0.14951036861664863,-78.04100644796353,0.3196625855594684,62.75148327933125,-0.03635708494780777,-0.3221377786721705,-0.00037072,0.6145813264349401,0.00017264,1,1.0
4367,1.1306779755853338,0.4558471115632168,-0.00033195,1.953679530487697,3.0141450503401943,-27.00594894859258,-0.21789562370390278,11.836971947856549,-0.04593960525765017,-52.88493154167906,0.14951036861664863,-57.57365349374679,0.3196625855594684,75.39326598657043,-0.03635708494780777,-0.3460911229243418,-0.00037072,0.40943212448560035,0.00017264,1,1.0
4368,1.0681754424167265,0.9704618431864049,-0.00033195,1.953679530487697,3.0141450503401943,23.50020090160458,-0.21789562370390278,28.794150639629677,-0.04593960525765017,-85.41492797627322,0.14951036861664863,-75.41037458339657,0.3196625855594684,57.48436622583512,-0.03635708494780777,-0.39039209605009884,-0.00037072,0.8065365442180958,0.00017264,1,1.0
4369,0.9614023870585224,0.17083847996575374,-0.00033195,1.953679530487697,3.0141450503401943,-49.24467625270015,-0.21789562370390278,2.119041537641463,-0.04593960525765017,-7.838695381005316,0.14951036861664863,-36.765879037873475,0.3196625855594684,54.286786651284224,-0.03635708494780777,-0.024242092997212375,-0.00037072,0.022529085839488414,0.00017264,1,1.0
4370,2.4178039365840633,3.0927278051715006,-0.00033195,1.953679530487697,3.0141450503401943,-48.7786264077088,-0.21789562370390278,19.229345159963874,-0.04593960525765017,-60.79447170049371,0.14951036861664863,4.812938745118667,0.3196625855594684,90.8188087414067,-0.03635708494780777,0.2758540177651443,-0.00037072,1.8270962134800794,0.00017264,0,1.0
4371,0.49751019457901735,3.0037796367035967,-0.00033195,1.953679530487697,3.0141450503401943,-34.94472568309219,-0.21789562370390278,19.13768192387635,-0.04593960525765017,-1.48656124824475,0.14951036861664863,-90.00988710847443,0.3196625855594684,20.506018734666558,-0.03635708494780777,-1.2620672331672331,-0.00037072,0.46669780233728164,0.00017264,1,1.0
4372,0.6345409253663574,0.20064786609759824,-0.00033195,1.953679530487697,3.0141450503401943,66.05666712284577,-0.21789562370390278,19.07846075830924,-0.04593960525765017,-58.56603472628996,0.14951036861664863,-26.295194235398572,0.3196625855594684,10.934289400058736,-0.03635708494780777,0.3756478162138751,-0.00037072,0.7489715695584153,0.00017264,0,1.0
4373,1.1296751518063646,1.0679826708241524,-0.00033195,1.953679530487697,3.0141450503401943,-48.371197739228144,-0.21789562370390278,17.863893979830145,-0.04593960525765017,-31.078197080200226,0.14951036861664863,-56.219825785177,0.3196625855594684,56.77786735888062,-0.03635708494780777,-0.5623942955416104,-0.00037072,0.5657358124854239,0.00017264,1,1.0
4374,0.8151956163565606,0.1932184236570047,-0.00033195,1.953679530487697,3.0141450503401943,-31.99150583927129,-0.21789562370390278,10.338464002812739,-0.04593960525765017,-52.17089335060785,0.14951036861664863,-27.455741113272627,0.3196625855594684,64.2300251969842,-0.03635708494780777,-0.26569429201821054,-0.00037072,0.2664556379951493,0.00017264,1,1.0
4375,0.5621374392787442,0.15858391162393842,-0.00033195,1.953679530487697,3.0141450503401943,-16.84307270790555,-0.21789562370390278,10.35491095983389,-0.04593960525765017,-47.785007987694556,0.14951036861664863,-21.588684476579164,0.3196625855594684,47.28448819805657,-0.03635708494780777,-0.2677365605039736,-0.00037072,0.2691381706460247,0.00017264,1,1.0
4376,-0.0008792331891125382,0.17508100818851283,-0.00033195,1.953679530487697,3.0141450503401943,56.757417039646974,-0.21789562370390278,7.018334905102803,-0.04593960525765017,-41.560585016824966,0.14951036861664863,67.0518201059165,0.3196625855594684,-18.897349721921533,-0.03635708494780777,0.3710098884213997,-0.00037072,1.037281893352504,0.00017264,0,1.0
4377,0.9944122433842957,2.647001667058539,-0.00033195,1.953679530487697,3.0141450503401943,72.11528834900263,-0.21789562370390278,-6.190302462294365,-0.04593960525765017,-28.039849905940944,0.14951036861664863,88.16770609120601,0.3196625855594684,0.9665601022195749,-0.03635708494780777,0.28145864816635413,-0.00037072,2.6718867662123973,0.00017264,0,1.0
4378,1.898682591489262,4.008357593512083,-0.00033195,1.953679530487697,3.0141450503401943,41.62793480762649,-0.21789562370390278,-2.2393875330427067,-0.04593960525765017,-40.42942859971336,0.14951036861664863,3.5662388916628167,0.3196625855594684,59.82372011490672,-0.03635708494780777,0.15756429883868117,-0.00037072,2.3585610931304077,0.00017264,0,1.0
4379,-0.004684651669334655,0.37378372019063316,-0.00033195,1.953679530487697,3.0141450503401943,79.8284188188087,-0.21789562370390278,1.8571200018925293,-0.04593960525765017,-16.589239114578824,0.14951036861664863,65.01832597529405,0.3196625855594684,-39.9315751913506,-0.03635708494780777,0.3313612118196053,-0.00037072,1.4300074310383573,0.00017264,0,1.0
4380,0.24143376442919384,0.13448165109093538,-0.00033195,1.953679530487697,3.0141450503401943,83.29018174058888,-0.21789562370390278,10.482749903297803,-0.04593960525765017,-6.858618193038457,0.14951036861664863,-31.453120445995406,0.3196625855594684,-31.56538314853109,-0.03635708494780777,0.4050416797552587,-0.00037072,0.62492308962603,0.00017264,0,1.0
4381,1.1990110980578224,0.5984078689533047,-0.00033195,1.953679530487697,3.0141450503401943,-0.8755573472153798,-0.21789562370390278,19.406833523510805,-0.04593960525765017,-70.20941984692858,0.14951036861664863,-56.013886843617016,0.3196625855594684,67.75631991363265,-0.03635708494780777,-0.1185731922083717,-0.00037072,0.6005955234142453,0.00017264,1,1.0
4382,1.1892817775712041,0.22488789569007692,-0.00033195,1.953679530487697,3.0141450503401943,-70.07163453244722,-0.21789562370390278,6.581529552479027,-0.04593960525765017,-45.44771374653828,0.14951036861664863,-22.89312137853715,0.3196625855594684,87.44745482136173,-0.03635708494780777,-0.11255085617605147,-0.00037072,0.1133302303669808,0.00017264,1,1.0
4383,1.14234824210007,0.6179452655761166,-0.00033195,1.953679530487697,3.0141450503401943,-11.49515919714917,-0.21789562370390278,18.337272650518088,-0.04593960525765017,-60.924281744839305,0.14951036861664863,-77.83486353062769,0.3196625855594684,70.91872952386596,-0.03635708494780777,-0.4809294290983954,-0.00037072,0.5281702487711597,0.00017264,1,1.0
4384,1.5446360286920309,0.7836951619540626,-0.00033195,1.953679530487697,3.0141450503401943,8.694910685251092,-0.21789562370390278,24.9137765004862,-0.04593960525765017,-91.50380635045937,0.14951036861664863,-58.68457431126408,0.3196625855594684,80.62765556356321,-0.03635708494780777,0.1027934406297461,-0.00037072,0.8068586892414704,0.00017264,0,1.0
4385,1.3701300774556608,0.5444740463451783,-0.00033195,1.953679530487697,3.0141450503401943,-37.63750374188927,-0.21789562370390278,16.928764123547914,-0.04593960525765017,-61.82556212970479,0.14951036861664863,-73.85412972942534,0.3196625855594684,88.59123886467145,-0.03635708494780777,-0.43275502822090717,-0.00037072,0.43803562067560975,0.00017264,1,1.0
4386,1.0428494892268203,0.5062716772111591,-0.00033195,1.953679530487697,3.0141450503401943,70.53862640151357,-0.21789562370390278,26.05425551743002,-0.04593960525765017,-50.7143948007721,0.14951036861664863,-80.89397176048853,0.3196625855594684,15.379170370554384,-0.03635708494780777,0.237480525554226,-0.00037072,0.8553541496098598,0.00017264,0,1.0
4387,0.002782773638139682,0.5306927194233927,-0.00033195,1.953679530487697,3.0141450503401943,55.41251014429841,-0.21789562370390278,0.03770904757757283,-0.04593960525765017,-19.260226667948345,0.14951036861664863,84.11019336937304,0.3196625855594684,-29.792810778803517,-0.03635708494780777,0.22762995351524484,-0.00037072,1.4339968108522447,0.00017264,0,1.0
4388,-0.0719050141913582,0.9267128207655021,-0.00033195,1.953679530487697,3.0141450503401943,-11.015371913196027,-0.21789562370390278,11.357341628834078,-0.04593960525765017,-41.68531235678651,0.14951036861664863,46.694880444764465,0.3196625855594684,6.178290120422916,-0.03635708494780777,-0.3664674986706991,-0.00037072,0.6165851597983039,0.00017264,1,1.0
4389,-0.017468665355100832,2.206503400043103,-0.00033195,1.953679530487697,3.0141450503401943,38.47135038211724,-0.21789562370390278,23.328082925822134,-0.04593960525765017,-13.325854892759164,0.14951036861664863,-32.201379577879756,0.3196625855594684,-33.60158657271411,-0.03635708494780777,-0.6787062750903369,-0.00037072,0.9346355933535898,0.00017264,1,1.0
4390,1.8011948133249684,2.455331646878735,-0.00033195,1.953679530487697,3.0141450503401943,87.44212884675196,-0.21789562370390278,15.808117035299292,-0.04593960525765017,-100.0,0.14951036861664863,-28.27018256882756,0.3196625855594684,66.87154705341615,-0.03635708494780777,0.29160151687124736,-0.00037072,2.1532879543100254,0.00017264,0,1.0
4391,0.7949265953472537,0.27352290166943294,-0.00033195,1.953679530487697,3.0141450503401943,42.31145075948019,-0.21789562370390278,18.345342323534894,-0.04593960525765017,-61.07445895685698,0.14951036861664863,-22.432470351208057,0.3196625855594684,26.396231013724513,-0.03635708494780777,0.3819910008643522,-0.00037072,0.650034180387952,0.00017264,0,1.0
4392,0.4253577129824413,0.12336131091888274,-0.00033195,1.953679530487697,3.0141450503401943,75.66595890579903,-0.21789562370390278,22.390570831819584,-0.04593960525765017,-71.65926131383225,0.14951036861664863,-11.710928839729396,0.3196625855594684,3.798807833963023,-0.03635708494780777,0.36736512336618565,-0.00037072,0.7828494668105734,0.00017264,0,1.0
4393,0.002915591747662316,0.16924031613647086,-0.00033195,1.953679530487697,3.0141450503401943,41.76865909523572,-0.21789562370390278,12.23798482926015,-0.04593960525765017,-46.699113098339815,0.14951036861664863,33.54100547694016,0.3196625855594684,-7.7590561378534355,-0.03635708494780777,0.27136600064576627,-0.00037072,0.5561622946690834,0.00017264,0,1.0
4394,0.927734086084151,0.5617640795126636,-0.00033195,1.953679530487697,3.0141450503401943,3.9674323003589307,-0.21789562370390278,22.77696199335023,-0.04593960525765017,-91.89794113317885,0.14951036861664863,-28.408792817401427,0.3196625855594684,64.56685346001845,-0.03635708494780777,-0.16189934843008263,-0.00037072,0.6508719291710561,0.00017264,1,1.0
4395,0.8392914114381427,2.8114104223420133,-0.00033195,1.953679530487697,3.0141450503401943,-7.132912705547015,-0.21789562370390278,-13.857029337567518,-0.04593960525765017,-14.906039071457382,0.14951036861664863,56.281270732367915,0.3196625855594684,40.2060370835694,-0.03635708494780777,-0.23551682235027183,-0.00037072,1.580628232163117,0.00017264,1,1.0
4396,0.6494523208040253,0.45422826013194023,-0.00033195,1.953679530487697,3.0141450503401943,33.15645686143836,-0.21789562370390278,23.156280436091492,-0.04593960525765017,-79.30496338851894,0.14951036861664863,-23.08817855316761,0.3196625855594684,34.24700169833883,-0.03635708494780777,-0.004812166668850204,-0.00037072,0.6906091975574148,0.00017264,1,1.0
4397,0.19082275066609827,0.6341146986448171,-0.00033195,1.953679530487697,3.0141450503401943,-41.428825066913305,-0.21789562370390278,2.9518991719908847,-0.04593960525765017,-21.593140146972818,0.14951036861664863,50.51281175341883,0.3196625855594684,20.52856481357425,-0.03635708494780777,-0.33890474369661744,-0.00037072,0.5739474117023307,0.00017264,1,1.0
4398,0.18276280061298333,0.010460375470138276,-0.00033195,1.953679530487697,3.0141450503401943,-57.73971818171988,-0.21789562370390278,1.9561498191555853,-0.04593960525765017,-69.32411176943914,0.14951036861664863,72.35593840477534,0.3196625855594684,61.23197283601657,-0.03635708494780777,-0.03707999009666533,-0.00037072,0.037076415199329534,0.00017264,1,1.0
4399,-0.22907719266612747,1.7437601040543382,-0.00033195,1.953679530487697,3.0141450503401943,57.528781307718866,-0.21789562370390278,18.684555253691524,-0.04593960525765017,-1e-20,0.14951036861664863,-36.29534639718621,0.3196625855594684,-48.45139828543486,-0.03635708494780777,-0.4840610498415534,-0.00037072,0.7120691689136611,0.00017264,1,1.0
4400,0.39507677158118315,0.0322903804370668,-0.00033195,1.4708938459474281,5.135007074824801,-90.99792552750048,-0.21789562370390278,25.285825930809217,-0.04593960525765017,-73.86218008787233,0.14951036861664863,-64.87494455177163,0.3196625855594684,88.1284301326783,-0.03635708494780777,-0.08892916821330574,-0.00037072,0.08972655686221559,0.00017264,1,1.0
4401,0.2609951517420797,0.011167767848303848,-0.00033195,1.4708938459474281,5.135007074824801,-76.84121459526271,-0.21789562370390278,20.32259192415898,-0.04593960525765017,-91.39265254054878,0.14951036861664863,-70.94653867297951,0.3196625855594684,87.18317983690493,-0.03635708494780777,-0.07353017649458238,-0.00037072,0.07345375711385455,0.00017264,1,1.0
4402,0.21413353458940554,0.08696594704774259,-0.00033195,1.4708938459474281,5.135007074824801,-1.9384782617424652,-0.21789562370390278,9.92702453400307,-0.04593960525765017,-18.94821838000325,0.14951036861664863,75.39275740173285,0.3196625855594684,10.691455880906027,-0.03635708494780777,0.035656604407694394,-0.00037072,0.11865407031582001,0.00017264,0,1.0
4403,0.0017485182556498668,0.12015704999320018,-0.00033195,1.4708938459474281,5.135007074824801,51.58523761183704,-0.21789562370390278,10.95923548785003,-0.04593960525765017,-49.331109270308644,0.14951036861664863,35.49810460690661,0.3196625855594684,-4.568319940805788,-0.03635708494780777,0.01403688420801237,-0.00037072,0.2276009728207486,0.00017264,0,1.0
4404,0.0011042437373553204,0.044715885902962216,-0.00033195,1.4708938459474281,5.135007074824801,-8.803368347304493,-0.21789562370390278,20.600995737105528,-0.04593960525765017,-82.53270150909415,0.14951036861664863,1.3570381340312352,0.3196625855594684,31.0960056174121,-0.03635708494780777,-0.05930216751345117,-0.00037072,0.1153979445051685,0.00017264,1,1.0
4405,0.0007046404809669671,0.14013643307088774,-0.00033195,1.4708938459474281,5.135007074824801,69.91068725875692,-0.21789562370390278,35.786896330200385,-0.04593960525765017,-74.15408288845386,0.14951036861664863,48.86712497290197,0.3196625855594684,-18.96503664856495,-0.03635708494780777,0.03665782963260111,-0.00037072,0.2510151095349543,0.00017264,0,1.0
4406,0.09788861567778187,0.02326748377823546,-0.00033195,1.4708938459474281,5.135007074824801,-29.80432490400551,-0.21789562370390278,23.625124943362593,-0.04593960525765017,-64.21815995687186,0.14951036861664863,-86.81049851110522,0.3196625855594684,42.75790986694778,-0.03635708494780777,-0.09176610817534561,-0.00037072,0.09190920533474622,0.00017264,1,1.0
4407,0.013740391705312827,0.03151316113060749,-0.00033195,1.4708938459474281,5.135007074824801,-26.00044999822032,-0.21789562370390278,25.59275691833083,-0.04593960525765017,-88.70365756215271,0.14951036861664863,-21.347594744546107,0.3196625855594684,40.00860383907035,-0.03635708494780777,-0.1004832190871751,-0.00037072,0.1000767941812682,0.00017264,1,1.0
4408,0.0014689707734694135,0.17346040033503402,-0.00033195,1.4708938459474281,5.135007074824801,74.24945164224309,-0.21789562370390278,43.28444431958699,-0.04593960525765017,-34.436790097440024,0.14951036861664863,-78.22610503219757,0.3196625855594684,-34.40104064314192,-0.03635708494780777,-0.03799640489207404,-0.00037072,0.24311161772283504,0.00017264,1,1.0
4409,0.4172314333853234,0.030740078929988094,-0.00033195,1.4708938459474281,5.135007074824801,-85.70596001615861,-0.21789562370390278,-1.8386667220388777,-0.04593960525765017,-9.969058254673383,0.14951036861664863,-21.180394360339918,0.3196625855594684,70.41151830914127,-0.03635708494780777,-0.061026816142381896,-0.00037072,0.06091856891485438,0.00017264,1,1.0
4410,0.3490161284162704,0.16575574877778085,-0.00033195,1.4708938459474281,5.135007074824801,59.98295367395228,-0.21789562370390278,27.89737729708099,-0.04593960525765017,-20.238402432219946,0.14951036861664863,-61.39076539777717,0.3196625855594684,-1.2646890111765123,-0.03635708494780777,0.1341015387673547,-0.00037072,0.2724594967335478,0.00017264,0,1.0
4411,0.33608370935804316,0.037051189378938275,-0.00033195,1.4708938459474281,5.135007074824801,-76.23014271501096,-0.21789562370390278,-8.682372296968481,-0.04593960525765017,-7.764377897437563,0.14951036861664863,56.78398664311779,0.3196625855594684,57.164679255508226,-0.03635708494780777,-0.08194535375321282,-0.00037072,0.08207315754407976,0.00017264,1,1.0
4412,0.0021630523263934387,0.06373649578704983,-0.00033195,1.4708938459474281,5.135007074824801,29.81341929701583,-0.21789562370390278,18.613925176467205,-0.04593960525765017,-34.59687295937589,0.14951036861664863,-41.53250793651772,0.3196625855594684,-2.499491006686898,-0.03635708494780777,-0.017781374299194297,-0.00037072,0.1313177131232258,0.00017264,1,1.0
4413,0.3594473776551448,0.023514506871965005,-0.00033195,1.4708938459474281,5.135007074824801,-88.30662116866769,-0.21789562370390278,24.652058463005023,-0.04593960525765017,-81.04921247681364,0.14951036861664863,-61.71906687438211,0.3196625855594684,88.58371814781599,-0.03635708494780777,-0.08145381927844014,-0.00037072,0.08130902711592378,0.00017264,1,1.0
4414,0.0002700129576380106,0.14116499664672694,-0.00033195,1.4708938459474281,5.135007074824801,64.9915516864359,-0.21789562370390278,34.7792876005695,-0.04593960525765017,-68.7359097477814,0.14951036861664863,98.50363743477683,0.3196625855594684,-24.486702706624023,-0.03635708494780777,0.04341880047077196,-0.00037072,0.22586114813816116,0.00017264,0,1.0
4415,0.3010121661529934,0.025477549078700628,-0.00033195,1.4708938459474281,5.135007074824801,-80.05986104740478,-0.21789562370390278,21.477056349483227,-0.04593960525765017,-78.1113680270562,0.14951036861664863,5.244863141450184,0.3196625855594684,75.29604305594776,-0.03635708494780777,-0.0812715083159242,-0.00037072,0.08106828859984697,0.00017264,1,1.0
4416,0.23370584133490713,0.0037209830704789107,-0.00033195,1.4708938459474281,5.135007074824801,-60.669685240374825,-0.21789562370390278,9.011369015230148,-0.04593960525765017,-48.368824756872435,0.14951036861664863,-23.120376410657073,0.3196625855594684,60.21455779529617,-0.03635708494780777,-0.023083444047983424,-0.00037072,0.023379672400416142,0.00017264,1,1.0
4417,0.3561073988424102,0.007910220985656014,-0.00033195,1.4708938459474281,5.135007074824801,-92.60628519691717,-0.21789562370390278,10.91623772460196,-0.04593960525765017,-69.62238931425016,0.14951036861664863,-35.07743029161867,0.3196625855594684,91.82695312027775,-0.03635708494780777,-0.02400685777389929,-0.00037072,0.02400848323509601,0.00017264,1,1.0
4418,0.3202997272575281,0.010248958469003559,-0.00033195,1.4708938459474281,5.135007074824801,-75.62051359566216,-0.21789562370390278,3.075207832424977,-0.04593960525765017,-35.965583674044815,0.14951036861664863,-25.276385035476157,0.3196625855594684,70.1894247730905,-0.03635708494780777,-0.015699457620267754,-0.00037072,0.015818468416382098,0.00017264,1,1.0
4419,0.001504916160262354,0.03493630075022784,-0.00033195,1.4708938459474281,5.135007074824801,13.45893175013455,-0.21789562370390278,17.40536841549325,-0.04593960525765017,-26.41782536229233,0.14951036861664863,-67.13161255831557,0.3196625855594684,2.64567663396928,-0.03635708494780777,-0.04762732055606439,-0.00037072,0.08964506452356896,0.00017264,1,1.0
4420,0.23168329775877544,0.014165771383421018,-0.00033195,1.4708938459474281,5.135007074824801,-49.97818350178787,-0.21789562370390278,-3.304980209120189,-0.04593960525765017,-12.526051351496,0.14951036861664863,-32.11244104069252,0.3196625855594684,47.62751777542432,-0.03635708494780777,-0.021327962899235914,-0.00037072,0.02760194472750893,0.00017264,1,1.0
4421,0.09990012450290503,0.15631771413013942,-0.00033195,1.4708938459474281,5.135007074824801,94.86359192819388,-0.21789562370390278,36.09277785830483,-0.04593960525765017,-11.305883634268959,0.14951036861664863,-86.15082994616107,0.3196625855594684,-40.66103434728047,-0.03635708494780777,0.05821769551906589,-0.00037072,0.26461802104604903,0.00017264,0,1.0
4422,0.001190614858755712,0.13647921916087324,-0.00033195,1.4708938459474281,5.135007074824801,68.03350861173112,-0.21789562370390278,35.09384212306397,-0.04593960525765017,-58.692193233933224,0.14951036861664863,-55.96957175279806,0.3196625855594684,-15.049683753525358,-0.03635708494780777,-0.008247321245801895,-0.00037072,0.25375219340954247,0.00017264,1,1.0
4423,0.4987512646613128,0.17010376687339585,-0.00033195,1.4708938459474281,5.135007074824801,-41.00261366019039,-0.21789562370390278,9.146397576134099,-0.04593960525765017,-65.79221724115206,0.14951036861664863,32.05408363837993,0.3196625855594684,75.7337368709004,-0.03635708494780777,0.08231823417840761,-0.00037072,0.20180186913564135,0.00017264,0,1.0
4424,0.045281573309623485,0.12698465530237607,-0.00033195,1.4708938459474281,5.135007074824801,-34.40845819833982,-0.21789562370390278,-14.206167491020524,-0.04593960525765017,-39.90748890907547,0.14951036861664863,-84.42041170415342,0.3196625855594684,57.1425004460776,-0.03635708494780777,-0.16740262651282078,-0.00037072,0.16762193313911977,0.00017264,1,1.0
4425,0.08928677255700189,0.0007416221967859509,-0.00033195,1.4708938459474281,5.135007074824801,-36.872643566150764,-0.21789562370390278,3.9663687247757884,-0.04593960525765017,-45.28797448726082,0.14951036861664863,36.826004379841635,0.3196625855594684,37.16466034104588,-0.03635708494780777,-0.008684839119586342,-0.00037072,0.008812443041712277,0.00017264,1,1.0
4426,0.2682655267869416,0.004571155214441271,-0.00033195,1.4708938459474281,5.135007074824801,-78.57524493778594,-0.21789562370390278,12.033549159611159,-0.04593960525765017,-76.17016601158872,0.14951036861664863,-16.499199680591808,0.3196625855594684,81.04435882793085,-0.03635708494780777,-0.032879390237296996,-0.00037072,0.03289697373783765,0.00017264,1,1.0
4427,0.16724664002799366,0.00982346885144255,-0.00033195,1.4708938459474281,5.135007074824801,-62.73750790180281,-0.21789562370390278,-2.192827210733444,-0.04593960525765017,-57.20620178631542,0.14951036861664863,65.0864743540673,0.3196625855594684,60.5074043231301,-0.03635708494780777,-0.02266494596453225,-0.00037072,0.022510844532294877,0.00017264,1,1.0
4428,0.24785485342855856,0.007344436323476713,-0.00033195,1.4708938459474281,5.135007074824801,-77.11386788399467,-0.21789562370390278,16.948240826596447,-0.04593960525765017,-90.18870504919236,0.14951036861664863,-37.39793803794455,0.3196625855594684,84.8455138407062,-0.03635708494780777,-0.05818590012207577,-0.00037072,0.05829660423559572,0.00017264,1,1.0
4429,0.24232658268122956,0.06464419629274448,-0.00033195,1.4708938459474281,5.135007074824801,-51.505400971240014,-0.21789562370390278,18.029539888789845,-0.04593960525765017,-58.242471827400244,0.14951036861664863,95.11515704077587,0.3196625855594684,43.366480863583895,-0.03635708494780777,-0.07499606152212909,-0.00037072,0.12140607418065599,0.00017264,1,1.0
4430,0.0013375341588697937,0.041272374678779006,-0.00033195,1.4708938459474281,5.135007074824801,6.270828144018026,-0.21789562370390278,10.915755612178106,-0.04593960525765017,-49.17129407706126,0.14951036861664863,59.95437884954296,0.3196625855594684,9.289866165900783,-0.03635708494780777,0.00823009893376836,-0.00037072,0.07628524651907906,0.00017264,0,1.0
4431,0.29857316170640125,0.24586711322171448,-0.00033195,1.4708938459474281,5.135007074824801,-16.710304688228987,-0.21789562370390278,38.03822157290937,-0.04593960525765017,-28.26688316777836,0.14951036861664863,43.685286954915306,0.3196625855594684,8.347709240245237,-0.03635708494780777,-0.1478834782263172,-0.00037072,0.25099669985918094,0.00017264,1,1.0
4432,0.015901014009675273,0.0026860037827779407,-0.00033195,1.4708938459474281,5.135007074824801,-8.84680847933108,-0.21789562370390278,3.5129043448567545,-0.04593960525765017,-15.05819255836158,0.14951036861664863,40.22088448198297,0.3196625855594684,5.473005619643291,-0.03635708494780777,-0.025051543278347528,-0.00037072,0.025647922588629163,0.00017264,1,1.0
4433,0.0019406886303452164,0.09483008126337855,-0.00033195,1.4708938459474281,5.135007074824801,-9.787504924134602,-0.21789562370390278,-17.205348766870838,-0.04593960525765017,-22.465278417618233,0.14951036861664863,51.15430224930183,0.3196625855594684,23.93840024274147,-0.03635708494780777,-0.0918570645996875,-0.00037072,0.14342968702299003,0.00017264,1,1.0
4434,0.00016038387585548541,0.029516981636657703,-0.00033195,1.4708938459474281,5.135007074824801,-20.002369643114115,-0.21789562370390278,22.876072878305262,-0.04593960525765017,-78.49421428172704,0.14951036861664863,30.731920945429522,0.3196625855594684,28.088442622134423,-0.03635708494780777,-0.07992817446758846,-0.00037072,0.08716001724371283,0.00017264,1,1.0
4435,0.07382310982022403,0.11069089632555956,-0.00033195,1.4708938459474281,5.135007074824801,43.470427692041156,-0.21789562370390278,25.74062407056025,-0.04593960525765017,-59.13566892540749,0.14951036861664863,-8.185284943605579,0.3196625855594684,1.771508466997132,-0.03635708494780777,0.024784056324657022,-0.00037072,0.21247179333142527,0.00017264,0,1.0
4436,0.4502650351126094,0.19847028437111255,-0.00033195,1.4708938459474281,5.135007074824801,42.86116661551151,-0.21789562370390278,29.581507382829496,-0.04593960525765017,-74.8341659774863,0.14951036861664863,82.48402441718791,0.3196625855594684,25.2010928715876,-0.03635708494780777,0.19612132831794465,-0.00037072,0.32141505227394823,0.00017264,0,1.0
4437,0.38126557165551245,0.08893260874312747,-0.00033195,1.4708938459474281,5.135007074824801,-40.30209064191381,-0.21789562370390278,14.641431315746075,-0.04593960525765017,-27.325742351495254,0.14951036861664863,3.41195067752894,0.3196625855594684,45.03692062713781,-0.03635708494780777,0.009701587833729972,-0.00037072,0.11707325590569449,0.00017264,0,1.0
4438,0.12002790516040839,0.002125426747618093,-0.00033195,1.4708938459474281,5.135007074824801,-26.34966957292519,-0.21789562370390278,1.2244524331831776,-0.04593960525765017,-11.939268597194696,0.14951036861664863,-45.903302048324356,0.3196625855594684,28.496193807121326,-0.03635708494780777,-0.015643334062911646,-0.00037072,0.015781180521195256,0.00017264,1,1.0
4439,0.0001594222268145873,0.07488817064671698,-0.00033195,1.4708938459474281,5.135007074824801,7.538248330033204,-0.21789562370390278,26.456251002549365,-0.04593960525765017,-91.52517253361664,0.14951036861664863,28.343498825420063,0.3196625855594684,22.472088475400042,-0.03635708494780777,-0.038410370121266954,-0.00037072,0.15511665093012383,0.00017264,1,1.0
4440,0.27272361335192136,0.017564693820921004,-0.00033195,1.4708938459474281,5.135007074824801,-56.66803734133898,-0.21789562370390278,-2.537737859465811,-0.04593960525765017,-4.288202892063859,0.14951036861664863,9.067827967440603,0.3196625855594684,43.7307842083875,-0.03635708494780777,-0.05388141718546341,-0.00037072,0.05373781103565363,0.00017264,1,1.0
4441,0.18715858581372669,0.02515309916703548,-0.00033195,1.4708938459474281,5.135007074824801,-57.23762597033264,-0.21789562370390278,-9.562155813400013,-0.04593960525765017,-30.17092227057504,0.14951036861664863,80.78702667960633,0.3196625855594684,49.64468660349487,-0.03635708494780777,-0.047759715146362,-0.00037072,0.0555589807416368,0.00017264,1,1.0
4442,0.5743127837642908,0.24389178589648813,-0.00033195,1.4708938459474281,5.135007074824801,86.97998825031038,-0.21789562370390278,51.75040528320833,-0.04593960525765017,-65.76859713214922,0.14951036861664863,22.334548477625265,0.3196625855594684,2.102512943670031,-0.03635708494780777,0.2547853876012913,-0.00037072,0.426529019015949,0.00017264,0,1.0
4443,0.2136643012168406,0.037819375872385604,-0.00033195,1.4708938459474281,5.135007074824801,-56.646519309308445,-0.21789562370390278,25.60169233269348,-0.04593960525765017,-89.96955856487197,0.14951036861664863,4.240116107562881,0.3196625855594684,63.65114300479983,-0.03635708494780777,-0.06589972862507776,-0.00037072,0.0982821814505643,0.00017264,1,1.0
4444,0.0015235347288033996,0.05604774758503308,-0.00033195,1.4708938459474281,5.135007074824801,-8.50184895773964,-0.21789562370390278,27.98818575057832,-0.04593960525765017,-84.95407800229493,0.14951036861664863,-66.23854963110722,0.3196625855594684,33.542462746844144,-0.03635708494780777,-0.10200953651204309,-0.00037072,0.13774162378174862,0.00017264,1,1.0
4445,0.24877013372428414,0.10976558165540974,-0.00033195,1.4708938459474281,5.135007074824801,7.7664327442426275,-0.21789562370390278,12.055679466367668,-0.04593960525765017,-21.231430638927144,0.14951036861664863,78.50184508882288,0.3196625855594684,8.892414299250579,-0.03635708494780777,0.07407085652999984,-0.00037072,0.13685908428245946,0.00017264,0,1.0
4446,0.04968631616371268,0.007700947533526797,-0.00033195,1.4708938459474281,5.135007074824801,-15.14210028186913,-0.21789562370390278,12.251769938465813,-0.04593960525765017,-34.84696761588717,0.14951036861664863,-70.06837474941939,0.3196625855594684,25.418615303183437,-0.03635708494780777,-0.05697322508393535,-0.00037072,0.05708749463001023,0.00017264,1,1.0
4447,0.120243611961483,0.07606411635728841,-0.00033195,1.4708938459474281,5.135007074824801,10.387610812812625,-0.21789562370390278,8.713671041631315,-0.04593960525765017,-37.46026426971853,0.14951036861664863,57.71703330061969,0.3196625855594684,12.107680514119721,-0.03635708494780777,0.05695584731003711,-0.00037072,0.10849137689964672,0.00017264,0,1.0
4448,0.22979582149891475,0.030084274245368626,-0.00033195,1.4708938459474281,5.135007074824801,-57.33761492811708,-0.21789562370390278,19.292099368719914,-0.04593960525765017,-56.11420296458441,0.14951036861664863,14.772809806291868,0.3196625855594684,50.821374667855665,-0.03635708494780777,-0.08415241980940265,-0.00037072,0.08571304019285093,0.00017264,1,1.0
4449,0.0022842360655290217,0.09863084262321774,-0.00033195,1.4708938459474281,5.135007074824801,43.42012164913898,-0.21789562370390278,27.318593340475,-0.04593960525765017,-55.056520253007186,0.14951036861664863,-34.39435526238315,0.3196625855594684,-4.088149701069126,-0.03635708494780777,-0.015374380669881574,-0.00037072,0.19033933383020968,0.00017264,1,1.0
4450,8.164500531482322e-05,0.14264741627970226,-0.00033195,1.4708938459474281,5.135007074824801,65.33223509596986,-0.21789562370390278,36.708294279317485,-0.04593960525765017,-84.32202291095125,0.14951036861664863,15.798309209728608,0.3196625855594684,-9.181016063940811,-0.03635708494780777,0.012783006055830631,-0.00037072,0.26908748568840646,0.00017264,0,1.0
4451,0.1603748567653998,0.1371935380364486,-0.00033195,1.4708938459474281,5.135007074824801,29.771814567386112,-0.21789562370390278,21.54645956559076,-0.04593960525765017,-78.6950593822625,0.14951036861664863,8.124479367293096,0.3196625855594684,25.098266835435076,-0.03635708494780777,0.031362184978506874,-0.00037072,0.260728220359692,0.00017264,0,1.0
4452,0.04324487147891072,0.024502626220487957,-0.00033195,1.4708938459474281,5.135007074824801,-39.904848107516834,-0.21789562370390278,7.057481084877716,-0.04593960525765017,-86.51595611249873,0.14951036861664863,36.49675947852956,0.3196625855594684,54.597749776039606,-0.03635708494780777,-0.05884738554609676,-0.00037072,0.07754639194217891,0.00017264,1,1.0
4453,0.43150839475840486,0.10962110887122911,-0.00033195,1.4708938459474281,5.135007074824801,-60.956415859972026,-0.21789562370390278,11.09079256069157,-0.04593960525765017,-78.44992959191543,0.14951036861664863,38.77456240498524,0.3196625855594684,82.66461145008911,-0.03635708494780777,0.06483314068785645,-0.00037072,0.12036768600836514,0.00017264,0,1.0
4454,0.36082331729179234,0.018755031828814255,-0.00033195,1.4708938459474281,5.135007074824801,-76.87976355497909,-0.21789562370390278,-0.8187698590108567,-0.04593960525765017,-16.522971685465468,0.14951036861664863,-30.183305803560266,0.3196625855594684,66.75536800082796,-0.03635708494780777,-0.0376041062927163,-0.00037072,0.03759256542603879,0.00017264,1,1.0
4455,0.44557134743703747,0.1880100527038995,-0.00033195,1.4708938459474281,5.135007074824801,43.71988016132427,-0.21789562370390278,27.29204091350642,-0.04593960525765017,-36.91038771505663,0.14951036861664863,-87.928001934756,0.3196625855594684,23.815327090651873,-0.03635708494780777,0.12100500854492338,-0.00037072,0.3197482705085596,0.00017264,0,1.0
4456,0.004948036205341566,0.04826642966091968,-0.00033195,1.4708938459474281,5.135007074824801,-19.54082740808121,-0.21789562370390278,30.613439011572602,-0.04593960525765017,-88.97477920415083,0.14951036861664863,-54.1945247935748,0.3196625855594684,36.63722475309587,-0.03635708494780777,-0.12088402428142628,-0.00037072,0.1217326306547763,0.00017264,1,1.0
4457,0.14551660805910532,0.0024254716042598234,-0.00033195,1.4708938459474281,5.135007074824801,-60.76347105935537,-0.21789562370390278,10.915915167332903,-0.04593960525765017,-82.85689130199395,0.14951036861664863,42.67935344126265,0.3196625855594684,63.9586088581373,-0.03635708494780777,-0.03265970287915118,-0.00037072,0.03264080911339412,0.00017264,1,1.0
4458,0.3131749552576151,0.008489109778946523,-0.00033195,1.4708938459474281,5.135007074824801,-88.95305263327909,-0.21789562370390278,5.7054515874715355,-0.04593960525765017,-68.15277988405833,0.14951036861664863,17.86026113512446,0.3196625855594684,85.18448838013768,-0.03635708494780777,-0.00921152309981803,-0.00037072,0.009254119149355403,0.00017264,1,1.0
4459,0.24892844945929124,0.01008262695817047,-0.00033195,1.4708938459474281,5.135007074824801,-66.95667904280096,-0.21789562370390278,0.18677591081992068,-0.04593960525765017,-37.93605170381918,0.14951036861664863,40.52014148050331,0.3196625855594684,58.33557835716552,-0.03635708494780777,-0.031747904602352876,-0.00037072,0.03176804026699095,0.00017264,1,1.0
4460,0.3953097124146773,0.09511836357939416,-0.00033195,1.4708938459474281,5.135007074824801,-39.98685374354445,-0.21789562370390278,5.44766772812166,-0.04593960525765017,-26.112518321338808,0.14951036861664863,-41.01886470979212,0.3196625855594684,57.15911980066312,-0.03635708494780777,0.04668964203329369,-0.00037072,0.10592214082083505,0.00017264,0,1.0
4461,0.27065873465364454,0.016483752482371095,-0.00033195,1.4708938459474281,5.135007074824801,-91.7877880388017,-0.21789562370390278,-1.5422472527852753,-0.04593960525765017,-76.61284903692697,0.14951036861664863,86.45010944509671,0.3196625855594684,86.2194812480809,-0.03635708494780777,-0.02445613276110161,-0.00037072,0.025112822019508006,0.00017264,1,1.0
4462,0.0028984255999302544,0.10103085741628756,-0.00033195,1.4708938459474281,5.135007074824801,7.565773021511249,-0.21789562370390278,35.51287249064094,-0.04593960525765017,-96.96688461034347,0.14951036861664863,48.058466127054295,0.3196625855594684,16.388525386001554,-0.03635708494780777,-0.06303714404308809,-0.00037072,0.1709661529144647,0.00017264,1,1.0
4463,0.0922827220430113,0.002470484867729701,-0.00033195,1.4708938459474281,5.135007074824801,-30.733855249800563,-0.21789562370390278,7.5604965780440905,-0.04593960525765017,-37.12773364740176,0.14951036861664863,23.565548311969966,0.3196625855594684,29.333374881462618,-0.03635708494780777,-0.027000735128269258,-0.00037072,0.02705675566239431,0.00017264,1,1.0
4464,0.006494495653031063,0.006434363378556395,-0.00033195,1.4708938459474281,5.135007074824801,-11.920399878698776,-0.21789562370390278,8.122502702853549,-0.04593960525765017,-31.17710388405265,0.14951036861664863,54.356124548756064,0.3196625855594684,9.43454628654707,-0.03635708494780777,-0.03848601721882955,-0.00037072,0.03891596335575635,0.00017264,1,1.0
4465,0.46603695340345497,0.15092496879757056,-0.00033195,1.4708938459474281,5.135007074824801,-86.57084452017878,-0.21789562370390278,39.982061567484934,-0.04593960525765017,-99.86315060430623,0.14951036861664863,23.795183575535006,0.3196625855594684,84.76462115391921,-0.03635708494780777,-0.11513016898349039,-0.00037072,0.19709155803899836,0.00017264,1,1.0
4466,0.8958196544967152,0.2997933614344388,-0.00033195,1.4708938459474281,5.135007074824801,1.617294333258437,-0.21789562370390278,43.56688857030546,-0.04593960525765017,-38.80163250194763,0.14951036861664863,-99.28107847243776,0.3196625855594684,61.146756011378265,-0.03635708494780777,0.23090681441123054,-0.00037072,0.3294604755566187,0.00017264,0,1.0
4467,0.13217792550592955,0.07794499271863692,-0.00033195,1.4708938459474281,5.135007074824801,-22.224720959709163,-0.21789562370390278,34.952451726862925,-0.04593960525765017,-94.88324632751046,0.14951036861664863,-51.97374760444585,0.3196625855594684,46.34880538369612,-0.03635708494780777,-0.08125501251400512,-0.00037072,0.1584552816807988,0.00017264,1,1.0
4468,0.022156924270853723,0.05002387184534678,-0.00033195,1.4708938459474281,5.135007074824801,-10.690933390430281,-0.21789562370390278,21.3540348383391,-0.04593960525765017,-88.98469269701611,0.14951036861664863,78.2138247012,0.3196625855594684,28.1582490762781,-0.03635708494780777,-0.02552405543550993,-0.00037072,0.10692017031386353,0.00017264,1,1.0
4469,0.17502060328686336,0.11628018857697806,-0.00033195,1.4708938459474281,5.135007074824801,29.240243608370278,-0.21789562370390278,23.602750479504135,-0.04593960525765017,-58.66149307398396,0.14951036861664863,67.44003163720008,0.3196625855594684,7.829923412039454,-0.03635708494780777,0.08803684372987064,-0.00037072,0.1808996555409051,0.00017264,0,1.0
4470,0.02958907288252055,0.1733942976222223,-0.00033195,1.4708938459474281,5.135007074824801,64.38783341162826,-0.21789562370390278,38.705095938890736,-0.04593960525765017,-95.54239646267857,0.14951036861664863,-72.92693675837103,0.3196625855594684,6.981747108268031,-0.03635708494780777,-0.03164093455498607,-0.00037072,0.3336668427547054,0.00017264,1,1.0
4471,3.855315239427448e-05,0.02963099902552155,-0.00033195,1.4708938459474281,5.135007074824801,9.251548973775044,-0.21789562370390278,9.571357974626936,-0.04593960525765017,-23.492419612382523,0.14951036861664863,41.45709541613482,0.3196625855594684,-2.6460443848104,-0.03635708494780777,-0.0026982508988420383,-0.00037072,0.05559028371299872,0.00017264,1,1.0
4472,0.012615758348168136,4.650932532419546e-05,-0.00033195,1.4708938459474281,5.135007074824801,-4.758529530360826,-0.21789562370390278,1.122270246782751,-0.04593960525765017,-6.651120656770144,0.14951036861664863,-0.5901396974141149,0.3196625855594684,5.3834256753360465,-0.03635708494780777,-0.004200493748229221,-0.00037072,0.004193319243868149,0.00017264,1,1.0
4473,0.09739751274798653,0.13630483917115127,-0.00033195,1.4708938459474281,5.135007074824801,26.869441258769758,-0.21789562370390278,33.049327142010156,-0.04593960525765017,-97.36434288709106,0.14951036861664863,-63.429674389416526,0.3196625855594684,29.984874178831294,-0.03635708494780777,-0.03573993179976018,-0.00037072,0.26953943404571756,0.00017264,1,1.0
4474,0.14720958590565905,0.04014621886056351,-0.00033195,1.4708938459474281,5.135007074824801,-55.2510148327344,-0.21789562370390278,7.66563145011093,-0.04593960525765017,-91.0474870141218,0.14951036861664863,2.523657849788408,0.3196625855594684,73.20317579763723,-0.03635708494780777,-0.06012686439135147,-0.00037072,0.09744149900817096,0.00017264,1,1.0
4475,0.13541633046059118,0.02407838767608326,-0.00033195,1.4708938459474281,5.135007074824801,-39.490770728866444,-0.21789562370390278,15.890345156482143,-0.04593960525765017,-49.18811455459987,0.14951036861664863,48.20954064397956,0.3196625855594684,32.97419291051545,-0.03635708494780777,-0.07608137585069429,-0.00037072,0.07709899613712813,0.00017264,1,1.0
4476,0.22543046593230287,0.08586841749258213,-0.00033195,1.4708938459474281,5.135007074824801,-23.863415592088646,-0.21789562370390278,13.042881859222922,-0.04593960525765017,-75.32600361434929,0.14951036861664863,19.88893598431422,0.3196625855594684,52.993563868045534,-0.03635708494780777,0.01876409734799965,-0.00037072,0.14511085642601962,0.00017264,0,1.0
4477,0.10375492144674725,0.06527420439240735,-0.00033195,1.4708938459474281,5.135007074824801,-3.555372228838716,-0.21789562370390278,23.438740643938996,-0.04593960525765017,-3.7240403997644664,0.14951036861664863,-59.13202334522924,0.3196625855594684,-1.4828797971311996,-0.03635708494780777,-0.11394140042843913,-0.00037072,0.11428281953995283,0.00017264,1,1.0
4478,0.351929459352705,0.031847773219604206,-0.00033195,1.4708938459474281,5.135007074824801,-71.24763438377877,-0.21789562370390278,2.604801678033827,-0.04593960525765017,-10.232454375538534,0.14951036861664863,11.659818262139332,0.3196625855594684,53.63849940643574,-0.03635708494780777,-0.08027567829321973,-0.00037072,0.08018052148891068,0.00017264,1,1.0
4479,0.12811225118442537,0.028741849925601706,-0.00033195,1.4708938459474281,5.135007074824801,-48.224587198078154,-0.21789562370390278,-12.778199721563286,-0.04593960525765017,-27.12713284220706,0.14951036861664863,60.94973469928857,0.3196625855594684,45.056518136210585,-0.03635708494780777,-0.062428115405633616,-0.00037072,0.06238980293254408,0.00017264,1,1.0
4480,0.018204494465814403,0.0533989633566313,-0.00033195,1.4708938459474281,5.135007074824801,-1.8726341812011669,-0.21789562370390278,24.005317733425848,-0.04593960525765017,-72.85149446123707,0.14951036861664863,14.798971240906106,0.3196625855594684,20.55095273748945,-0.03635708494780777,-0.0469133552281218,-0.00037072,0.11631801365043558,0.00017264,1,1.0
4481,0.16805395241451118,0.008681530217996922,-0.00033195,1.4708938459474281,5.135007074824801,-60.43336181353731,-0.21789562370390278,4.605685189311393,-0.04593960525765017,-67.1117043162974,0.14951036861664863,-0.7461874699321637,0.3196625855594684,66.53851909700924,-0.03635708494780777,-0.03876126154900942,-0.00037072,0.03953534666674511,0.00017264,1,1.0
4482,0.10655100145991495,0.07984596024575982,-0.00033195,1.4708938459474281,5.135007074824801,19.400449682443313,-0.21789562370390278,2.7305448741636518,-0.04593960525765017,-15.174021275611068,0.14951036861664863,33.51605297562229,0.3196625855594684,3.140741210279838,-0.03635708494780777,0.03993989992608198,-0.00037072,0.12290598364312944,0.00017264,0,1.0
4483,0.04318387360936832,0.15643911937292584,-0.00033195,1.4708938459474281,5.135007074824801,66.270496237515,-0.21789562370390278,34.491349462878524,-0.04593960525765017,-92.36264618912915,0.14951036861664863,-1.3073877010691142,0.3196625855594684,1.4325926543728524,-0.03635708494780777,0.01604509311844171,-0.00037072,0.3150511294028615,0.00017264,0,1.0
4484,0.04489509928264046,0.030277119491514976,-0.00033195,1.4708938459474281,5.135007074824801,-24.216995624906527,-0.21789562370390278,24.796017945513537,-0.04593960525765017,-75.81084070270576,0.14951036861664863,-81.70232377130814,0.3196625855594684,41.63486585550391,-0.03635708494780777,-0.10493986899004412,-0.00037072,0.10566679343814625,0.00017264,1,1.0
4485,0.18451984120201853,0.021622589777924778,-0.00033195,1.4708938459474281,5.135007074824801,-39.99342386254943,-0.21789562370390278,22.208994042996974,-0.04593960525765017,-47.741442800695744,0.14951036861664863,-81.44650928020803,0.3196625855594684,44.4806304311267,-0.03635708494780777,-0.0788757833381962,-0.00037072,0.0788022635108574,0.00017264,1,1.0
4486,0.00029022856893407,0.06451726737209736,-0.00033195,1.4708938459474281,5.135007074824801,6.83542142801929,-0.21789562370390278,24.158489194287117,-0.04593960525765017,-76.39967934355802,0.14951036861664863,-21.19718260321913,0.3196625855594684,21.61439109567859,-0.03635708494780777,-0.05483502694001478,-0.00037072,0.14407702295883879,0.00017264,1,1.0
4487,0.30714022600130564,0.055383072260217464,-0.00033195,1.4708938459474281,5.135007074824801,-63.57189309807637,-0.21789562370390278,24.208643816962162,-0.04593960525765017,-95.50685645308745,0.14951036861664863,16.045788519529097,0.3196625855594684,75.77477417955681,-0.03635708494780777,-0.020581995158355654,-0.00037072,0.10588620835762108,0.00017264,1,1.0
4488,0.6154748129573762,0.23693368511719398,-0.00033195,1.4708938459474281,5.135007074824801,93.43331414269258,-0.21789562370390278,53.383955936691805,-0.04593960525765017,-99.89917087524846,0.14951036861664863,81.4307049380799,0.3196625855594684,13.558765219667277,-0.03635708494780777,0.2917474715111154,-0.00037072,0.49935717282639774,0.00017264,0,1.0
4489,0.27289823946132824,0.021886960526055953,-0.00033195,1.4708938459474281,5.135007074824801,-71.60803811778007,-0.21789562370390278,-4.276932140801066,-0.04593960525765017,-28.836561563073914,0.14951036861664863,79.22779253741679,0.3196625855594684,56.37456958736529,-0.03635708494780777,-0.06285168300061389,-0.00037072,0.06303582141497197,0.00017264,1,1.0
4490,0.3564091646148464,0.18956637412874874,-0.00033195,1.4708938459474281,5.135007074824801,83.3460035721589,-0.21789562370390278,36.00323331502697,-0.04593960525765017,-55.752187192617306,0.14951036861664863,20.05546516272303,0.3196625855594684,-5.092791797233412,-0.03635708494780777,0.17960909646551854,-0.00037072,0.36249572559910087,0.00017264,0,1.0
4491,0.0014405884010933456,0.1753501533673615,-0.00033195,1.4708938459474281,5.135007074824801,94.55295730721704,-0.21789562370390278,42.21074148662936,-0.04593960525765017,-90.9113517011156,0.14951036861664863,9.633833816374414,0.3196625855594684,-19.877444141108693,-0.03635708494780777,0.03377231650596052,-0.00037072,0.34868128241093443,0.00017264,0,1.0
4492,0.16243984782522394,0.1525925324203026,-0.00033195,1.4708938459474281,5.135007074824801,78.97708228097966,-0.21789562370390278,29.103556429323703,-0.04593960525765017,-38.73481936042278,0.14951036861664863,-51.13953531190289,0.3196625855594684,-13.815298693602957,-0.03635708494780777,0.07510655798102284,-0.00037072,0.3004896410408978,0.00017264,0,1.0
4493,0.41569841238091826,0.19702736269070603,-0.00033195,1.4708938459474281,5.135007074824801,-7.495339050289896,-0.21789562370390278,0.004698463694535249,-0.04593960525765017,-34.464876706007054,0.14951036861664863,81.38443517385191,0.3196625855594684,42.81154863898377,-0.03635708494780777,0.07764535503427916,-0.00037072,0.24423734652905144,0.00017264,0,1.0
4494,0.398287331938954,0.08000421872638838,-0.00033195,1.4708938459474281,5.135007074824801,-83.64041732326001,-0.21789562370390278,25.974287369876482,-0.04593960525765017,-55.4092683100801,0.14951036861664863,-7.022701502852059,0.3196625855594684,69.23614338234071,-0.03635708494780777,-0.13257916161951827,-0.00037072,0.135991325720708,0.00017264,1,1.0
4495,0.28003352623853023,0.004634507327404732,-0.00033195,1.4708938459474281,5.135007074824801,-63.85918200061042,-0.21789562370390278,8.82106155351209,-0.04593960525765017,-39.411334389487266,0.14951036861664863,-76.80546263735069,0.3196625855594684,65.68349467074867,-0.03635708494780777,-0.023536691189600025,-0.00037072,0.02354567984712241,0.00017264,1,1.0
4496,0.0019728519270607037,0.13052083726309532,-0.00033195,1.4708938459474281,5.135007074824801,59.55548953224083,-0.21789562370390278,32.85649058204731,-0.04593960525765017,-58.8341899427083,0.14951036861664863,-90.9450388428285,0.3196625855594684,-6.425467663413461,-0.03635708494780777,-0.03295076332998845,-0.00037072,0.250785256605363,0.00017264,1,1.0
4497,0.006055875820659029,0.11610087168805208,-0.00033195,1.4708938459474281,5.135007074824801,39.64742971801888,-0.21789562370390278,24.745772998512322,-0.04593960525765017,-81.26301261167337,0.14951036861664863,-1.951264696509479,0.3196625855594684,10.22772609380097,-0.03635708494780777,-0.01556695276895985,-0.00037072,0.2330268336933452,0.00017264,1,1.0
4498,0.10309306748021294,0.001061049660963975,-0.00033195,1.4708938459474281,5.135007074824801,-26.53573413705275,-0.21789562370390278,6.178087629125923,-0.04593960525765017,-25.611139143064086,0.14951036861664863,-33.038904842651235,0.3196625855594684,29.413460970481438,-0.03635708494780777,-0.021472141107525305,-0.00037072,0.021480683030488296,0.00017264,1,1.0
4499,0.006170181346251552,0.006353893070012224,-0.00033195,1.4708938459474281,5.135007074824801,-22.583425323639556,-0.21789562370390278,12.013484317389166,-0.04593960525765017,-61.9812152624709,0.14951036861664863,19.36372918945093,0.3196625855594684,30.361492823420612,-0.03635708494780777,-0.04887400898190086,-0.00037072,0.04890748626482341,0.00017264,1,1.0
4500,0.6377453647686601,0.3241520770636874,-0.00033195,1.7394849584049095,3.6335273926818386,77.0829419725929,-0.21789562370390278,19.747833906437762,-0.04593960525765017,-87.98094513492147,0.14951036861664863,18.667068449187365,0.3196625855594684,24.059260996343404,-0.03635708494780777,0.3369869153889991,-0.00037072,0.9193753331713508,0.00017264,0,1.0
4501,0.7651879353810987,0.3672867324207346,-0.00033195,1.7394849584049095,3.6335273926818386,92.55599412074827,-0.21789562370390278,43.3187393482597,-0.04593960525765017,-74.84178231488923,0.14951036861664863,-92.65176753974127,0.3196625855594684,5.8722933172561325,-0.03635708494780777,0.26380653629635387,-0.00037072,0.8430408077987698,0.00017264,0,1.0
4502,0.00788569050725385,0.15712564570999843,-0.00033195,1.7394849584049095,3.6335273926818386,85.50657374973821,-0.21789562370390278,20.34622238864888,-0.04593960525765017,-57.12064660840216,0.14951036861664863,99.51028178153861,0.3196625855594684,-37.66448161928169,-0.03635708494780777,0.3667344239051935,-0.00037072,0.6617319583763055,0.00017264,0,1.0
4503,1.6504970592778734,1.5505670824226827,-0.00033195,1.7394849584049095,3.6335273926818386,-4.400308284770784,-0.21789562370390278,32.985214955698126,-0.04593960525765017,-71.18477283686724,0.14951036861664863,56.33605387082878,0.3196625855594684,55.359156065272764,-0.03635708494780777,0.30785723896355566,-0.00037072,1.356134667554375,0.00017264,0,1.0
4504,0.15221564830161285,0.0045756009712514464,-0.00033195,1.7394849584049095,3.6335273926818386,-32.959360600997876,-0.21789562370390278,0.7722177106173053,-0.04593960525765017,-31.9837404977268,0.14951036861664863,34.9709779916231,0.3196625855594684,32.70339652428284,-0.03635708494780777,-0.01784310282204614,-0.00037072,0.018369587490311354,0.00017264,1,1.0
4505,0.0003688066199827311,0.16838098933761778,-0.00033195,1.7394849584049095,3.6335273926818386,67.44825963302537,-0.21789562370390278,8.201685872939464,-0.04593960525765017,-27.537079794652787,0.14951036861664863,72.55801095701722,0.3196625855594684,-31.451077128433035,-0.03635708494780777,0.2843288485152289,-0.00037072,0.5008886186448508,0.00017264,0,1.0
4506,0.1074096434442296,0.1478468468690075,-0.00033195,1.7394849584049095,3.6335273926818386,68.34109167707383,-0.21789562370390278,14.282329404353382,-0.04593960525765017,-37.22226240529528,0.14951036861664863,22.836572410015776,0.3196625855594684,-19.402444855939226,-0.03635708494780777,0.3120713844776726,-0.00037072,0.4052800778684512,0.00017264,0,1.0
4507,0.3154801845441102,0.1155163942452066,-0.00033195,1.7394849584049095,3.6335273926818386,86.49903497899889,-0.21789562370390278,22.647186871542946,-0.04593960525765017,-59.474231363145925,0.14951036861664863,14.887075550119729,0.3196625855594684,-12.876363299747046,-0.03635708494780777,0.4299042227297307,-0.00037072,0.5930958812308877,0.00017264,0,1.0
4508,0.5446038036586767,0.12480992637790396,-0.00033195,1.7394849584049095,3.6335273926818386,-42.26296602146704,-0.21789562370390278,17.396168231113517,-0.04593960525765017,-75.93359279532507,0.14951036861664863,-47.07681812355476,0.3196625855594684,75.4530690545724,-0.03635708494780777,-0.2454158399808181,-0.00037072,0.24586511625053611,0.00017264,1,1.0
4509,0.2261695759149254,0.166301830250218,-0.00033195,1.7394849584049095,3.6335273926818386,22.677863248651445,-0.21789562370390278,4.682016636577552,-0.04593960525765017,-16.227373969248593,0.14951036861664863,-9.726942947805851,0.3196625855594684,5.931492132289672,-0.03635708494780777,0.07927270739649037,-0.00037072,0.2724194976483828,0.00017264,0,1.0
4510,0.6588811382579514,0.2044275328500345,-0.00033195,1.7394849584049095,3.6335273926818386,-23.146352808115807,-0.21789562370390278,9.69208012480511,-0.04593960525765017,-36.97773435717769,0.14951036861664863,-84.40058362210185,0.3196625855594684,61.06810073216644,-0.03635708494780777,-0.15738669913542716,-0.00037072,0.2826411180310273,0.00017264,1,1.0
4511,0.8375215485598784,0.5836985015712152,-0.00033195,1.7394849584049095,3.6335273926818386,-72.73361308761932,-0.21789562370390278,18.657421701985566,-0.04593960525765017,-21.603315826369386,0.14951036861664863,-64.90395162244896,0.3196625855594684,61.58100776023693,-0.03635708494780777,-0.39930331635089644,-0.00037072,0.36194680420005687,0.00017264,1,1.0
4512,0.011142532357647561,0.13627941237078248,-0.00033195,1.7394849584049095,3.6335273926818386,94.17017471514883,-0.21789562370390278,8.960267887740908,-0.04593960525765017,-33.07760398569827,0.14951036861664863,98.38258150183185,0.3196625855594684,-43.71954866312876,-0.03635708494780777,0.3714749493880033,-0.00037072,0.7243455928772736,0.00017264,0,1.0
4513,1.3321987536325997,1.6986766746489146,-0.00033195,1.7394849584049095,3.6335273926818386,-34.392671279828306,-0.21789562370390278,45.85925572236675,-0.04593960525765017,-88.00078143645341,0.14951036861664863,-32.28199792394957,0.3196625855594684,69.73940117440937,-0.03635708494780777,-0.1783378503688714,-0.00037072,1.0081251825272681,0.00017264,1,1.0
4514,0.01205397213910353,1.516354019632673,-0.00033195,1.7394849584049095,3.6335273926818386,86.66201282304831,-0.21789562370390278,45.277325938881084,-0.04593960525765017,-27.12377090258935,0.14951036861664863,-88.94035656184116,0.3196625855594684,-52.86151210911201,-0.03635708494780777,-0.4166285674476037,-0.00037072,0.8021421948713509,0.00017264,1,1.0
4515,0.12773545302214628,0.13705151686751382,-0.00033195,1.7394849584049095,3.6335273926818386,-39.097120077253095,-0.21789562370390278,12.865774399825641,-0.04593960525765017,-81.3836833442605,0.14951036861664863,84.40519819342646,0.3196625855594684,44.54360863589173,-0.03635708494780777,-0.12955594386102262,-0.00037072,0.23167082715748386,0.00017264,1,1.0
4516,0.8830845127400098,0.26700444748287205,-0.00033195,1.7394849584049095,3.6335273926818386,-78.75645104919336,-0.21789562370390278,11.232875619432471,-0.04593960525765017,-19.90096413019243,0.14951036861664863,-52.06916308493175,0.3196625855594684,70.80296790913594,-0.03635708494780777,-0.23871824154403132,-0.00037072,0.2401583408895165,0.00017264,1,1.0
4517,0.9808234359629566,0.4045622650602778,-0.00033195,1.7394849584049095,3.6335273926818386,12.595619795105035,-0.21789562370390278,31.51128370505325,-0.04593960525765017,-94.78868448479794,0.14951036861664863,-80.00194206044668,0.3196625855594684,70.43848242212204,-0.03635708494780777,0.08615365234115047,-0.00037072,0.6306052989036114,0.00017264,0,1.0
4518,0.0002916817461299792,0.13041294742288884,-0.00033195,1.7394849584049095,3.6335273926818386,28.397053508427632,-0.21789562370390278,8.899806601833063,-0.04593960525765017,-45.86342138169677,0.14951036861664863,55.861760656011384,0.3196625855594684,-0.9012879680081864,-0.03635708494780777,0.20063725033800636,-0.00037072,0.2187092378881835,0.00017264,0,1.0
4519,0.5465993590087516,0.8889106097340412,-0.00033195,1.7394849584049095,3.6335273926818386,-57.13143430574851,-0.21789562370390278,-9.14207190153143,-0.04593960525765017,-67.15427316519822,0.14951036861664863,7.36059164836411,0.3196625855594684,96.9331967037409,-0.03635708494780777,-0.43456726853031347,-0.00037072,0.5094000008587993,0.00017264,1,1.0
4520,0.9770878067484414,0.40204518083625884,-0.00033195,1.7394849584049095,3.6335273926818386,66.36001524077638,-0.21789562370390278,22.528500764331827,-0.04593960525765017,-58.975611031306585,0.14951036861664863,-62.04571488334059,0.3196625855594684,31.541755483130295,-0.03635708494780777,0.35983219270905437,-0.00037072,0.8398280597760004,0.00017264,0,1.0
4521,0.8324886027760952,0.08434770493371657,-0.00033195,1.7394849584049095,3.6335273926818386,-58.43630301958023,-0.21789562370390278,4.948285302187476,-0.04593960525765017,-9.416035543090391,0.14951036861664863,-85.50322136781575,0.3196625855594684,67.71685815476512,-0.03635708494780777,-0.04504435907833725,-0.00037072,0.04506814597461089,0.00017264,1,1.0
4522,9.060987291992229e-05,0.10801197608321496,-0.00033195,1.7394849584049095,3.6335273926818386,10.728191423731264,-0.21789562370390278,4.563063267304397,-0.04593960525765017,-31.324120550855884,0.14951036861664863,53.63824681111859,0.3196625855594684,1.7031938782568958,-0.03635708494780777,0.09699253370657972,-0.00037072,0.17461925029766817,0.00017264,0,1.0
4523,0.7086963633051668,0.21049249609677267,-0.00033195,1.7394849584049095,3.6335273926818386,99.88646824040262,-0.21789562370390278,33.34666871109869,-0.04593960525765017,-59.35875087517186,0.14951036861664863,-80.1009131855267,0.3196625855594684,-0.019345840397071754,-0.03635708494780777,0.36575230736451025,-0.00037072,0.7911424411974225,0.00017264,0,1.0
4524,1.440226385677525,1.131038584557965,-0.00033195,1.7394849584049095,3.6335273926818386,28.730122858818312,-0.21789562370390278,6.734865749030042,-0.04593960525765017,-33.70492471819889,0.14951036861664863,-34.731848730536974,0.3196625855594684,58.20447426989608,-0.03635708494780777,0.31230683497018946,-0.00037072,1.1065592209490682,0.00017264,0,1.0
4525,0.9126608703072732,0.576715392975626,-0.00033195,1.7394849584049095,3.6335273926818386,72.1846402443081,-0.21789562370390278,11.80454532758219,-0.04593960525765017,-13.419149515755622,0.14951036861664863,-22.70046077326811,0.3196625855594684,0.980446286448062,-0.03635708494780777,0.43269238822021233,-0.00037072,0.8897551640915968,0.00017264,0,1.0
4526,0.41131485998214457,0.028035220396687942,-0.00033195,1.7394849584049095,3.6335273926818386,-56.7791350534686,-0.21789562370390278,9.37019343609508,-0.04593960525765017,-73.24053587749455,0.14951036861664863,20.811227073369054,0.3196625855594684,71.67196080791632,-0.03635708494780777,-0.10272830399842887,-0.00037072,0.10285208532250119,0.00017264,1,1.0
4527,0.8863893037276545,0.19123493641620276,-0.00033195,1.7394849584049095,3.6335273926818386,-85.76615952669985,-0.21789562370390278,18.79450943294566,-0.04593960525765017,-73.38136503980878,0.14951036861664863,-37.55512665300193,0.3196625855594684,98.8395409998578,-0.03635708494780777,-0.22951216941766933,-0.00037072,0.23032534370102248,0.00017264,1,1.0
4528,0.011015405962837788,0.21336066083275043,-0.00033195,1.7394849584049095,3.6335273926818386,5.418153684873419,-0.21789562370390278,18.05016249846535,-0.04593960525765017,-86.23179976810233,0.14951036861664863,92.8039007315254,0.3196625855594684,18.478307515540564,-0.03635708494780777,0.018345713295771504,-0.00037072,0.3581474486171463,0.00017264,0,1.0
4529,0.565905187943534,0.23327615556601652,-0.00033195,1.7394849584049095,3.6335273926818386,-6.270873663837084,-0.21789562370390278,19.37679964852836,-0.04593960525765017,-92.13942940094327,0.14951036861664863,4.939567114105982,0.3196625855594684,60.767753773942346,-0.03635708494780777,0.08069732260461002,-0.00037072,0.4042803938487177,0.00017264,0,1.0
4530,0.7316981577940089,0.09768973824344529,-0.00033195,1.7394849584049095,3.6335273926818386,-55.851354209016435,-0.21789562370390278,12.857253494025686,-0.04593960525765017,-36.4210252248568,0.14951036861664863,-63.74926505577793,0.3196625855594684,68.36677568768359,-0.03635708494780777,-0.14490751894028822,-0.00037072,0.14945361341657679,0.00017264,1,1.0
4531,0.47908581224784896,0.1505233414073155,-0.00033195,1.7394849584049095,3.6335273926818386,7.9907811186629845,-0.21789562370390278,13.833171905860066,-0.04593960525765017,-11.694873140310616,0.14951036861664863,-86.21507785211084,0.3196625855594684,20.58328606643253,-0.03635708494780777,-0.03625688351110881,-0.00037072,0.23634652095724087,0.00017264,1,1.0
4532,0.8576698946137276,0.3693825261415342,-0.00033195,1.7394849584049095,3.6335273926818386,-25.022654315580407,-0.21789562370390278,7.421632515966782,-0.04593960525765017,-43.42248165647465,0.14951036861664863,-40.00097555517431,0.3196625855594684,67.14968229607032,-0.03635708494780777,0.0699889353934483,-0.00037072,0.37574481056859255,0.00017264,0,1.0
4533,0.22939543443619448,0.15088883743107323,-0.00033195,1.7394849584049095,3.6335273926818386,-7.694767296739443,-0.21789562370390278,15.714387930683632,-0.04593960525765017,-71.65668822897773,0.14951036861664863,-18.24281205768743,0.3196625855594684,44.81501038750866,-0.03635708494780777,-0.1920676353563552,-0.00037072,0.2784994914598762,0.00017264,1,1.0
4534,0.5223425343557675,0.42488317378902224,-0.00033195,1.7394849584049095,3.6335273926818386,33.26569115194358,-0.21789562370390278,4.079936443771029,-0.04593960525765017,-24.969753103116474,0.14951036861664863,-12.520079077789541,0.3196625855594684,18.855967816054605,-0.03635708494780777,0.10971609187890013,-0.00037072,0.5859926687979076,0.00017264,0,1.0
4535,0.2336508730160014,0.16447282463800889,-0.00033195,1.7394849584049095,3.6335273926818386,-17.121750830187274,-0.21789562370390278,18.6478611432254,-0.04593960525765017,-82.69649299418003,0.14951036861664863,-21.502589643918306,0.3196625855594684,53.4345914822598,-0.03635708494780777,-0.2771568331376167,-0.00037072,0.28189506482546706,0.00017264,1,1.0
4536,0.525298737642174,0.09106149668252952,-0.00033195,1.7394849584049095,3.6335273926818386,-39.36382627524293,-0.21789562370390278,3.3902923910665983,-0.04593960525765017,-31.412591635856355,0.14951036861664863,-46.73225260569301,0.3196625855594684,59.6461085537396,-0.03635708494780777,-0.14646390075494348,-0.00037072,0.15271769173877764,0.00017264,1,1.0
4537,0.16078668763670828,0.12187919857568638,-0.00033195,1.7394849584049095,3.6335273926818386,64.72078234765901,-0.21789562370390278,17.529565729659346,-0.04593960525765017,-69.26800699561085,0.14951036861664863,66.5227911574478,0.3196625855594684,-6.245203492188568,-0.03635708494780777,0.408790274437245,-0.00037072,0.48094190466972664,0.00017264,0,1.0
4538,0.592636407187658,0.22585897253416978,-0.00033195,1.7394849584049095,3.6335273926818386,-29.366506020472837,-0.21789562370390278,19.34455825899967,-0.04593960525765017,-72.96646045586762,0.14951036861664863,-88.03782955902061,0.3196625855594684,75.31952932985871,-0.03635708494780777,-0.3299644432126932,-0.00037072,0.3338245580373022,0.00017264,1,1.0
4539,0.431411927432073,0.1602523177973728,-0.00033195,1.7394849584049095,3.6335273926818386,81.92449726632582,-0.21789562370390278,23.427267825632974,-0.04593960525765017,-93.36471510356773,0.14951036861664863,32.393346089108306,0.3196625855594684,11.967732555715507,-0.03635708494780777,0.36747906179243583,-0.00037072,0.786790001690005,0.00017264,0,1.0
4540,0.18350861012224476,0.0727235949148808,-0.00033195,1.7394849584049095,3.6335273926818386,10.527186152602802,-0.21789562370390278,10.622964760857178,-0.04593960525765017,-15.355352096490774,0.14951036861664863,-72.02709582953135,0.3196625855594684,13.458304649946223,-0.03635708494780777,-0.1883204787300597,-0.00037072,0.18880231428313898,0.00017264,1,1.0
4541,0.7257761856126119,0.5945472941013811,-0.00033195,1.7394849584049095,3.6335273926818386,-36.17844076588374,-0.21789562370390278,9.722543906330179,-0.04593960525765017,-74.12871175942901,0.14951036861664863,-97.16665796085546,0.3196625855594684,96.57137199519588,-0.03635708494780777,-0.44105839807152014,-0.00037072,0.48132931532069134,0.00017264,1,1.0
4542,0.17301156367077386,0.18240698692897434,-0.00033195,1.7394849584049095,3.6335273926818386,-3.4544480391076964,-0.21789562370390278,1.6987585003108086,-0.04593960525765017,-47.25802114440664,0.14951036861664863,48.54289191210114,0.3196625855594684,28.526463559845503,-0.03635708494780777,0.02383813267190954,-0.00037072,0.2762659654350014,0.00017264,0,1.0
4543,0.02703668997541897,0.23231687839143284,-0.00033195,1.7394849584049095,3.6335273926818386,-46.574799720847004,-0.21789562370390278,-14.967543808194677,-0.04593960525765017,-30.96538673352854,0.14951036861664863,99.61027735369235,0.3196625855594684,39.89454867698742,-0.03635708494780777,-0.2396899877767556,-0.00037072,0.24366616254738732,0.00017264,1,1.0
4544,0.3971734214449686,0.12955331962447625,-0.00033195,1.7394849584049095,3.6335273926818386,83.82080667569709,-0.21789562370390278,25.020157581853788,-0.04593960525765017,-65.04408014750919,0.14951036861664863,3.7094884643292745,0.3196625855594684,-5.973253102762287,-0.03635708494780777,0.4176399277608809,-0.00037072,0.6198954591499595,0.00017264,0,1.0
4545,0.2097704269079843,0.19374524757133818,-0.00033195,1.7394849584049095,3.6335273926818386,23.104108970588236,-0.21789562370390278,17.59654304959632,-0.04593960525765017,-41.96854106316635,0.14951036861664863,-65.89788744967353,0.3196625855594684,18.1808806510261,-0.03635708494780777,-0.18122049743828417,-0.00037072,0.3267438781191202,0.00017264,1,1.0
4546,0.49675482054438974,0.16450739480971227,-0.00033195,1.7394849584049095,3.6335273926818386,-40.75637774326382,-0.21789562370390278,14.439214774402643,-0.04593960525765017,-99.52864265577963,0.14951036861664863,23.24625526195706,0.3196625855594684,79.75891179679935,-0.03635708494780777,-0.059284655793564706,-0.00037072,0.2728630766458574,0.00017264,1,1.0
4547,0.4484786259700865,0.2469617081416574,-0.00033195,1.7394849584049095,3.6335273926818386,31.082092221273985,-0.21789562370390278,22.274830264915167,-0.04593960525765017,-62.60269709558051,0.14951036861664863,-46.214885350593974,0.3196625855594684,27.828888391639367,-0.03635708494780777,0.03660118483093172,-0.00037072,0.4580014441409736,0.00017264,0,1.0
4548,0.6170793029973414,0.17991853635483754,-0.00033195,1.7394849584049095,3.6335273926818386,-40.37818033904369,-0.21789562370390278,20.39680414150245,-0.04593960525765017,-78.87331439520288,0.14951036861664863,-70.15025187990186,0.3196625855594684,79.92522901159417,-0.03635708494780777,-0.29484582886515387,-0.00037072,0.2961176514817153,0.00017264,1,1.0
4549,0.6310870541915534,0.22049929344031977,-0.00033195,1.7394849584049095,3.6335273926818386,80.46891316432608,-0.21789562370390278,24.747287955153414,-0.04593960525765017,-79.88612368771831,0.14951036861664863,-12.281444306935109,0.3196625855594684,16.766754594389937,-0.03635708494780777,0.3631478853852016,-0.00037072,0.8060220426976127,0.00017264,0,1.0
4550,0.16013111587624163,0.16607369785771042,-0.00033195,1.7394849584049095,3.6335273926818386,-60.94681736815721,-0.21789562370390278,-11.894154779805724,-0.04593960525765017,-7.5093274239026355,0.14951036861664863,96.27040269371517,0.3196625855594684,30.736504208362568,-0.03635708494780777,-0.2565636987570764,-0.00037072,0.25559003125254887,0.00017264,1,1.0
4551,1.0267607066050375,0.833956526516654,-0.00033195,1.7394849584049095,3.6335273926818386,43.77434009258507,-0.21789562370390278,3.793926430284565,-0.04593960525765017,-29.787566223180608,0.14951036861664863,29.380731206658528,0.3196625855594684,27.117426691326205,-0.03635708494780777,0.31822831259493944,-0.00037072,1.065278629747075,0.00017264,0,1.0
4552,0.00099038305319063,0.08235181420976012,-0.00033195,1.7394849584049095,3.6335273926818386,-19.161774230252252,-0.21789562370390278,-4.827330586729924,-0.04593960525765017,-14.891541802649053,0.14951036861664863,70.16277742460568,0.3196625855594684,10.407675701607724,-0.03635708494780777,-0.0793374900539398,-0.00037072,0.17289824232221934,0.00017264,1,1.0
4553,0.520490863426812,0.277714050710551,-0.00033195,1.7394849584049095,3.6335273926818386,42.26110263029939,-0.21789562370390278,11.272833330869553,-0.04593960525765017,-44.211892012802466,0.14951036861664863,29.474906263750555,0.3196625855594684,11.876334803412176,-0.03635708494780777,0.3340270939072816,-0.00037072,0.5768815915864427,0.00017264,0,1.0
4554,0.4111907486956674,0.12060519775911006,-0.00033195,1.7394849584049095,3.6335273926818386,73.68898865740438,-0.21789562370390278,29.002293968194078,-0.04593960525765017,-96.90884775098188,0.14951036861664863,29.64481529814466,0.3196625855594684,10.838061580888471,-0.03635708494780777,0.3955282832411091,-0.00037072,0.6655148312343186,0.00017264,0,1.0
4555,0.6920376532360509,0.3003841067463976,-0.00033195,1.7394849584049095,3.6335273926818386,2.8826635721407503,-0.21789562370390278,12.81086281198792,-0.04593960525765017,-55.21198102156948,0.14951036861664863,-23.631760097461004,0.3196625855594684,49.10620844035533,-0.03635708494780777,0.1499668813846147,-0.00037072,0.42223925500298554,0.00017264,0,1.0
4556,1.2114565800110908,0.7850282511149241,-0.00033195,1.7394849584049095,3.6335273926818386,88.9892117714014,-0.21789562370390278,25.40293808775414,-0.04593960525765017,-36.41132895882017,0.14951036861664863,-56.287369889266024,0.3196625855594684,10.15141493455425,-0.03635708494780777,0.6736309662414157,-0.00037072,0.9372186813679477,0.00017264,0,1.0
4557,0.9200006079096417,0.4420901322129549,-0.00033195,1.7394849584049095,3.6335273926818386,-14.684914692264085,-0.21789562370390278,13.214552133444725,-0.04593960525765017,-85.30755281679036,0.14951036861664863,11.681455947179979,0.3196625855594684,77.27344461324847,-0.03635708494780777,0.2134028784549677,-0.00037072,0.5510538715454825,0.00017264,0,1.0
4558,0.006266670279405695,0.1708564937141075,-0.00033195,1.7394849584049095,3.6335273926818386,75.4269212160681,-0.21789562370390278,8.449493797916622,-0.04593960525765017,-27.898430997280308,0.14951036861664863,83.85228641191215,0.3196625855594684,-36.62785208108915,-0.03635708494780777,0.3075789091454299,-0.00037072,0.5851955265412929,0.00017264,0,1.0
4559,0.0062798920237070455,0.35373507725958375,-0.00033195,1.7394849584049095,3.6335273926818386,53.611397140527316,-0.21789562370390278,26.732784408038608,-0.04593960525765017,-52.28733258918912,0.14951036861664863,-43.56607970233284,0.3196625855594684,-8.81689224898188,-0.03635708494780777,-0.1630115385094446,-0.00037072,0.44147613106647354,0.00017264,1,1.0
4560,0.30823421600823336,0.2903877497553485,-0.00033195,1.7394849584049095,3.6335273926818386,5.097657936308524,-0.21789562370390278,1.6528732769482826,-0.04593960525765017,-45.88285094829465,0.14951036861664863,74.84148073063656,0.3196625855594684,23.70893648877313,-0.03635708494780777,0.13121775340154504,-0.00037072,0.4507093065684391,0.00017264,0,1.0
4561,0.16850492250454158,0.005615721582155792,-0.00033195,1.7394849584049095,3.6335273926818386,-24.08218460961085,-0.21789562370390278,4.276888020832321,-0.04593960525765017,-33.14228648218152,0.14951036861664863,10.400587591536723,0.3196625855594684,30.975327100586718,-0.03635708494780777,-0.04805836273732766,-0.00037072,0.048203883768736376,0.00017264,1,1.0
4562,0.0004615597748760039,0.11788622496289178,-0.00033195,1.7394849584049095,3.6335273926818386,-6.128669855514011,-0.21789562370390278,1.2491361694893282,-0.04593960525765017,-37.75470013636217,0.14951036861664863,84.65317691125868,0.3196625855594684,10.952473817698435,-0.03635708494780777,0.032806186932104214,-0.00037072,0.21391092006715315,0.00017264,0,1.0
4563,0.8785260018101182,0.6410614239400041,-0.00033195,1.7394849584049095,3.6335273926818386,-61.46030596190134,-0.21789562370390278,31.105348212343984,-0.04593960525765017,-60.676536750627044,0.14951036861664863,-92.29662234737836,0.3196625855594684,75.72722125737879,-0.03635708494780777,-0.44393812530576343,-0.00037072,0.4386477066502125,0.00017264,1,1.0
4564,0.727463420453103,0.25919629393378074,-0.00033195,1.7394849584049095,3.6335273926818386,-2.6188112383495734,-0.21789562370390278,17.29731180784605,-0.04593960525765017,-56.099934712342616,0.14951036861664863,-45.88777976419444,0.3196625855594684,51.9230651617089,-0.03635708494780777,0.11655824519511876,-0.00037072,0.3670450522958853,0.00017264,0,1.0
4565,0.24449217367124762,0.20245877228302944,-0.00033195,1.7394849584049095,3.6335273926818386,-27.22538655235225,-0.21789562370390278,-3.262096066238088,-0.04593960525765017,-40.66478753288154,0.14951036861664863,23.42911364980501,0.3196625855594684,46.54526748246821,-0.03635708494780777,-0.15336058814708792,-0.00037072,0.24376473043588914,0.00017264,1,1.0
4566,0.7149360611980857,0.277192744455805,-0.00033195,1.7394849584049095,3.6335273926818386,-6.208424931205742,-0.21789562370390278,22.928376027779024,-0.04593960525765017,-67.3315780534572,0.14951036861664863,-77.6649726223429,0.3196625855594684,59.980077431929274,-0.03635708494780777,-0.07609363470529762,-0.00037072,0.40982279070494676,0.00017264,1,1.0
4567,0.009003601656328575,0.12019074803151297,-0.00033195,1.7394849584049095,3.6335273926818386,74.6186252576299,-0.21789562370390278,13.755166371404353,-0.04593960525765017,-49.449529567019056,0.14951036861664863,67.00951312176514,0.3196625855594684,-24.48263904031385,-0.03635708494780777,0.3730252016276178,-0.00037072,0.4579065013323523,0.00017264,0,1.0
4568,0.4457992469960357,0.1824876060425064,-0.00033195,1.7394849584049095,3.6335273926818386,42.38206682707693,-0.21789562370390278,23.470081091594018,-0.04593960525765017,-91.03941655103279,0.14951036861664863,31.477964988904876,0.3196625855594684,26.68772470857157,-0.03635708494780777,0.31662623389720335,-0.00037072,0.5350751324028047,0.00017264,0,1.0
4569,0.17455319337729908,0.005985155326557059,-0.00033195,1.7394849584049095,3.6335273926818386,-38.90984316751364,-0.21789562370390278,2.6279235491934516,-0.04593960525765017,-49.930064185777915,0.14951036861664863,42.41279891171079,0.3196625855594684,44.578312911120115,-0.03635708494780777,-0.024535122165803922,-0.00037072,0.02470978331357142,0.00017264,1,1.0
4570,0.18411426121340746,0.17276809092199602,-0.00033195,1.7394849584049095,3.6335273926818386,71.58184992772014,-0.21789562370390278,17.262369341184026,-0.04593960525765017,-30.003075647351714,0.14951036861664863,-23.422368354292704,0.3196625855594684,-17.91843877462404,-0.03635708494780777,0.21876132471513798,-0.00037072,0.43324387980718815,0.00017264,0,1.0
4571,0.4585310894218528,0.02339236509518442,-0.00033195,1.7394849584049095,3.6335273926818386,-68.2044197659636,-0.21789562370390278,4.741454176386161,-0.04593960525765017,-62.55616722691596,0.14951036861664863,34.50618792263367,0.3196625855594684,73.35428726122622,-0.03635708494780777,-0.033204519141525196,-0.00037072,0.03343803777733137,0.00017264,1,1.0
4572,0.056232516683742934,0.09540326490876627,-0.00033195,1.7394849584049095,3.6335273926818386,-8.102833214664972,-0.21789562370390278,2.1007275744102976,-0.04593960525765017,-41.07045228741895,0.14951036861664863,9.243774002519654,0.3196625855594684,29.21773833357371,-0.03635708494780777,-0.1602862858428198,-0.00037072,0.18084707859561655,0.00017264,1,1.0
4573,0.7415261243763995,0.224879307200553,-0.00033195,1.7394849584049095,3.6335273926818386,-46.59129875357413,-0.21789562370390278,12.997438374509034,-0.04593960525765017,-83.30321525414101,0.14951036861664863,-10.839060868374116,0.3196625855594684,87.20366282021999,-0.03635708494780777,-0.013657495281493348,-0.00037072,0.28538461928271486,0.00017264,1,1.0
4574,0.4174484375960541,0.3102642945644827,-0.00033195,1.7394849584049095,3.6335273926818386,51.02635851364751,-0.21789562370390278,6.667027610844637,-0.04593960525765017,-28.401049839373986,0.14951036861664863,35.46001587684071,0.3196625855594684,-1.5662752646001596,-0.03635708494780777,0.27642267321599784,-0.00037072,0.6303755781841429,0.00017264,0,1.0
4575,0.014908619156471792,0.8532283970777588,-0.00033195,1.7394849584049095,3.6335273926818386,26.239833635552014,-0.21789562370390278,37.05947563998428,-0.04593960525765017,-70.43797042657373,0.14951036861664863,-56.12421663973105,0.3196625855594684,4.878023161465609,-0.03635708494780777,-0.5010389438689875,-0.00037072,0.5275812865717664,0.00017264,1,1.0
4576,0.22892915494476096,0.15219534929424156,-0.00033195,1.7394849584049095,3.6335273926818386,47.36737541438258,-0.21789562370390278,19.080950161046488,-0.04593960525765017,-77.97670844647152,0.14951036861664863,51.818531179803465,0.3196625855594684,9.87755823167293,-0.03635708494780777,0.31495895290261844,-0.00037072,0.44896227675585565,0.00017264,0,1.0
4577,0.5013339347657622,0.18403798608120564,-0.00033195,1.7394849584049095,3.6335273926818386,43.75602636696897,-0.21789562370390278,25.49887860152879,-0.04593960525765017,-96.9110728540854,0.14951036861664863,29.56470838094263,0.3196625855594684,29.96968953744727,-0.03635708494780777,0.33562532981685833,-0.00037072,0.5709529371252662,0.00017264,0,1.0
4578,0.8034879819039829,0.32022899027774543,-0.00033195,1.7394849584049095,3.6335273926818386,17.160640311007604,-0.21789562370390278,28.34921743029784,-0.04593960525765017,-87.64136676818067,0.14951036861664863,-48.96507010196214,0.3196625855594684,55.68694672328521,-0.03635708494780777,0.13879985573113873,-0.00037072,0.5600728991800885,0.00017264,0,1.0
4579,0.5415748030650851,0.09272508485541545,-0.00033195,1.7394849584049095,3.6335273926818386,-20.582169624337805,-0.21789562370390278,9.193584072344231,-0.04593960525765017,-21.331548345443498,0.14951036861664863,-94.85810423237382,0.3196625855594684,47.92019450877305,-0.03635708494780777,-0.1931763709744428,-0.00037072,0.19509197128259592,0.00017264,1,1.0
4580,0.9490059494385166,0.10206078985773843,-0.00033195,1.7394849584049095,3.6335273926818386,-85.39877371662628,-0.21789562370390278,9.824726505205671,-0.04593960525765017,-51.27631679497208,0.14951036861664863,-55.03354909378461,0.3196625855594684,99.60111806561962,-0.03635708494780777,-0.09119903746576939,-0.00037072,0.0911141753829721,0.00017264,1,1.0
4581,-0.011592467879237622,1.7344894512856759,-0.00033195,1.7394849584049095,3.6335273926818386,1.4383556725300042,-0.21789562370390278,33.26133128326749,-0.04593960525765017,-47.68453217640132,0.14951036861664863,44.289115726142626,0.3196625855594684,-16.429315111025005,-0.03635708494780777,-0.611433590689316,-0.00037072,0.7654105356201149,0.00017264,1,1.0
4582,0.8294358299288798,0.6511325084706137,-0.00033195,1.7394849584049095,3.6335273926818386,69.66530262472207,-0.21789562370390278,14.168456260099655,-0.04593960525765017,-100.0,0.14951036861664863,50.80305692413784,0.3196625855594684,42.284022981715424,-0.03635708494780777,0.31890851613498444,-0.00037072,1.165578755720359,0.00017264,0,1.0
4583,0.469636403790983,0.05482943099986798,-0.00033195,1.7394849584049095,3.6335273926818386,-36.09908496688208,-0.21789562370390278,11.006589655920825,-0.04593960525765017,-47.86870850341298,0.14951036861664863,-41.422835392911054,0.3196625855594684,57.708354870403944,-0.03635708494780777,-0.15380565230585871,-0.00037072,0.15368497707420573,0.00017264,1,1.0
4584,0.37042663208325405,0.16787713207711252,-0.00033195,1.7394849584049095,3.6335273926818386,-56.080393438876136,-0.21789562370390278,-2.3742407966510357,-0.04593960525765017,-61.35948005527971,0.14951036861664863,72.44281853163204,0.3196625855594684,66.11961224307191,-0.03635708494780777,-0.044512764062265814,-0.00037072,0.1922102570028326,0.00017264,1,1.0
4585,0.20124054153149878,0.3366310240085668,-0.00033195,1.7394849584049095,3.6335273926818386,-34.99454219813292,-0.21789562370390278,6.888999161330103,-0.04593960525765017,-4.557286449123685,0.14951036861664863,28.448069784881387,0.3196625855594684,10.04386925072719,-0.03635708494780777,-0.32663336532603515,-0.00037072,0.3317606318952546,0.00017264,1,1.0
4586,0.5082279653907,0.052338613711985484,-0.00033195,1.7394849584049095,3.6335273926818386,-70.34001660141901,-0.21789562370390278,7.701890992984242,-0.04593960525765017,-59.627769919577275,0.14951036861664863,25.703689936009333,0.3196625855594684,71.94024666524895,-0.03635708494780777,-0.10679495116231508,-0.00037072,0.10460984925316752,0.00017264,1,1.0
4587,0.3384542629120121,0.14568746931537357,-0.00033195,1.7394849584049095,3.6335273926818386,-67.83064781289059,-0.21789562370390278,-10.921922980359227,-0.04593960525765017,-12.218155478467935,0.14951036861664863,65.27783226772895,0.3196625855594684,47.38311590226333,-0.03635708494780777,-0.20197676427646488,-0.00037072,0.20167083395298258,0.00017264,1,1.0
4588,0.17888429562854813,1.4927486630804216,-0.00033195,1.7394849584049095,3.6335273926818386,-22.632783598033704,-0.21789562370390278,34.510167244939346,-0.04593960525765017,-53.80659398658215,0.14951036861664863,-33.29165080314924,0.3196625855594684,16.97353239856554,-0.03635708494780777,-0.687472804985362,-0.00037072,0.555926803043411,0.00017264,1,1.0
4589,0.486349659669467,0.18726669497283363,-0.00033195,1.7394849584049095,3.6335273926818386,74.98912208305067,-0.21789562370390278,19.598433834221854,-0.04593960525765017,-66.78113590207101,0.14951036861664863,14.997912232966598,0.3196625855594684,6.077262167560719,-0.03635708494780777,0.3868104788256533,-0.00037072,0.7016828070419179,0.00017264,0,1.0
4590,0.012174169244315358,1.1931496776763129,-0.00033195,1.7394849584049095,3.6335273926818386,79.89764331302266,-0.21789562370390278,41.7412710475475,-0.04593960525765017,-43.92021338273094,0.14951036861664863,-37.70392291089873,0.3196625855594684,-44.046078678690264,-0.03635708494780777,-0.27332948644932403,-0.00037072,0.7839377349331378,0.00017264,1,1.0
4591,0.8703116550569601,0.1462421298890439,-0.00033195,1.7394849584049095,3.6335273926818386,-63.24703187163104,-0.21789562370390278,6.142024066795106,-0.04593960525765017,-33.26981696684173,0.14951036861664863,-87.42552734738379,0.3196625855594684,86.31966385661799,-0.03635708494780777,-0.16090127368750395,-0.00037072,0.15146876240822782,0.00017264,1,1.0
4592,0.4835408909762534,0.9280012907684069,-0.00033195,1.7394849584049095,3.6335273926818386,-60.39420669910794,-0.21789562370390278,16.898212264427237,-0.04593960525765017,-15.392111907897531,0.14951036861664863,7.607802012273927,0.3196625855594684,28.935463223186577,-0.03635708494780777,-0.5340241249080095,-0.00037072,0.5230687733482542,0.00017264,1,1.0
4593,0.16108689817716604,0.5508112440722892,-0.00033195,1.7394849584049095,3.6335273926818386,-18.505685175484942,-0.21789562370390278,28.133100399854214,-0.04593960525765017,-74.98721915946255,0.14951036861664863,1.4217740811302475,0.3196625855594684,30.46111901163043,-0.03635708494780777,-0.4121329340355421,-0.00037072,0.41846822707654663,0.00017264,1,1.0
4594,0.002026722253098745,0.3924053449585466,-0.00033195,1.7394849584049095,3.6335273926818386,72.73689064800328,-0.21789562370390278,33.24949113647533,-0.04593960525765017,-96.50309490789957,0.14951036861664863,96.19679904278001,0.3196625855594684,-20.42960418961342,-0.03635708494780777,0.17359461817758337,-0.00037072,0.7377625236045918,0.00017264,0,1.0
4595,0.31946678442612,0.23109125290332638,-0.00033195,1.7394849584049095,3.6335273926818386,77.6007105529394,-0.21789562370390278,31.717428651414437,-0.04593960525765017,-78.65101207631264,0.14951036861664863,-15.272734288236054,0.3196625855594684,-1.1095657073607712,-0.03635708494780777,0.21404405220484887,-0.00037072,0.6378540106721791,0.00017264,0,1.0
4596,0.16203361647083458,0.20758576340578921,-0.00033195,1.7394849584049095,3.6335273926818386,81.78818209380573,-0.21789562370390278,25.584054827080045,-0.04593960525765017,-49.93566188592441,0.14951036861664863,-18.756260994163583,0.3196625855594684,-19.82375895301752,-0.03635708494780777,0.20009479587866663,-0.00037072,0.5288089099428798,0.00017264,0,1.0
4597,0.29769732127556214,0.1132398620809152,-0.00033195,1.7394849584049095,3.6335273926818386,81.82292924969202,-0.21789562370390278,22.4559104352247,-0.04593960525765017,-63.31081762424631,0.14951036861664863,26.835348654205735,0.3196625855594684,-10.997076759548909,-0.03635708494780777,0.4439579879541179,-0.00037072,0.5674716875277367,0.00017264,0,1.0
4598,0.6371794706036089,0.09835889525518215,-0.00033195,1.7394849584049095,3.6335273926818386,-90.13339884457994,-0.21789562370390278,2.9008341702080616,-0.04593960525765017,-50.314516898509545,0.14951036861664863,37.49498121216604,0.3196625855594684,81.18262178373408,-0.03635708494780777,-0.13353517580131075,-0.00037072,0.13323635019728963,0.00017264,1,1.0
4599,0.21981316569750542,0.37297547164852757,-0.00033195,1.7394849584049095,3.6335273926818386,17.01627916021476,-0.21789562370390278,21.810657738248835,-0.04593960525765017,-2.4089586276952346,0.14951036861664863,-94.0342749745926,0.3196625855594684,-6.1498485120995126,-0.03635708494780777,-0.32285691667303723,-0.00037072,0.33022727637336396,0.00017264,1,1.0
4600,0.011793576025595609,1.7393305478534047,-0.00033195,2.792408012983975,3.407086979128152,94.7142382367294,-0.21789562370390278,31.546250103818945,-0.04593960525765017,-47.77093285695962,0.14951036861664863,-18.861455421257272,0.3196625855594684,-61.774047642546165,-0.03635708494780777,-0.4543657564147928,-0.00037072,0.9071482826464751,0.00017264,1,1.0
4601,0.32275031641246643,0.1406279278259797,-0.00033195,2.792408012983975,3.407086979128152,84.77807279263165,-0.21789562370390278,16.310425374519397,-0.04593960525765017,-67.23919199496902,0.14951036861664863,-78.7918395804601,0.3196625855594684,24.646516148927194,-0.03635708494780777,-0.26382622331308425,-0.00037072,0.2648801650923204,0.00017264,1,1.0
4602,0.6713996913520297,0.11736169228267182,-0.00033195,2.792408012983975,3.407086979128152,-23.19776580143775,-0.21789562370390278,5.600880432145099,-0.04593960525765017,-50.19371815518716,0.14951036861664863,-48.55213388471459,0.3196625855594684,75.74339677695498,-0.03635708494780777,-0.17019086110252268,-0.00037072,0.1732688270838732,0.00017264,1,1.0
4603,0.7042023492559267,0.22418739817991645,-0.00033195,2.792408012983975,3.407086979128152,53.34650554288805,-0.21789562370390278,17.932835344039663,-0.04593960525765017,-94.46838553431735,0.14951036861664863,-91.7350639515009,0.3196625855594684,72.48341802576581,-0.03635708494780777,-0.3085473745707905,-0.00037072,0.31918498676764684,0.00017264,1,1.0
4604,0.7652560400139183,0.16785231987903515,-0.00033195,2.792408012983975,3.407086979128152,-23.182085460175507,-0.21789562370390278,17.25918502824698,-0.04593960525765017,-73.4967620457699,0.14951036861664863,-67.93891797189372,0.3196625855594684,75.87454544668455,-0.03635708494780777,-0.22796052497585817,-0.00037072,0.2282747102969359,0.00017264,1,1.0
4605,0.001374475542987752,0.13953267346410916,-0.00033195,2.792408012983975,3.407086979128152,17.642744697150064,-0.21789562370390278,3.707471179508748,-0.04593960525765017,-53.35913227988215,0.14951036861664863,71.80996749089533,0.3196625855594684,14.182569824802657,-0.03635708494780777,0.07688929680743903,-0.00037072,0.2599678011991521,0.00017264,0,1.0
4606,0.3633043638335515,0.584340633810293,-0.00033195,2.792408012983975,3.407086979128152,84.09158310733021,-0.21789562370390278,-0.4234649583468585,-0.04593960525765017,-47.51278254128884,0.14951036861664863,26.949107089156865,0.3196625855594684,22.668971039514787,-0.03635708494780777,-0.03893301347689254,-0.00037072,0.6312625607593327,0.00017264,1,1.0
4607,-0.00016975015982916009,0.03128946732138187,-0.00033195,2.792408012983975,3.407086979128152,-72.07273398336366,-0.21789562370390278,-0.42515302013329903,-0.04593960525765017,-31.685333999947133,0.14951036861664863,69.76542342162966,0.3196625855594684,34.582434431247165,-0.03635708494780777,-0.10031694367818587,-0.00037072,0.11204986233349308,0.00017264,1,1.0
4608,1.3093109690401756,1.4108667248062212,-0.00033195,2.792408012983975,3.407086979128152,34.811230254275046,-0.21789562370390278,3.5178890043141986,-0.04593960525765017,-77.93195151329239,0.14951036861664863,75.17986294041899,0.3196625855594684,77.27742750705882,-0.03635708494780777,0.1900917019675764,-0.00037072,1.232082968407802,0.00017264,0,1.0
4609,0.02545914452044129,0.3617366802116967,-0.00033195,2.792408012983975,3.407086979128152,43.29608450941655,-0.21789562370390278,19.840655420289416,-0.04593960525765017,-61.164639325269505,0.14951036861664863,-25.801163161893285,0.3196625855594684,-1.0535869421630741,-0.03635708494780777,-0.33626146117327976,-0.00037072,0.33658401918727027,0.00017264,1,1.0
4610,-0.006536289019482777,0.6379906541332334,-0.00033195,2.792408012983975,3.407086979128152,-49.111093935536324,-0.21789562370390278,14.06424768991864,-0.04593960525765017,-71.73271640320353,0.14951036861664863,92.08942933474168,0.3196625855594684,20.60457399332512,-0.03635708494780777,-0.29661521432125515,-0.00037072,0.5410151225985035,0.00017264,1,1.0
4611,1.3096973417130282,0.995098130458716,-0.00033195,2.792408012983975,3.407086979128152,76.47641769372537,-0.21789562370390278,5.061530258736339,-0.04593960525765017,-32.248214201425796,0.14951036861664863,-93.26851079442626,0.3196625855594684,63.28201720696423,-0.03635708494780777,0.026521198726716877,-0.00037072,0.703151935829629,0.00017264,0,1.0
4612,-0.0008208952785840884,0.8127631449183688,-0.00033195,2.792408012983975,3.407086979128152,-50.0508241935931,-0.21789562370390278,10.476541130355349,-0.04593960525765017,-15.649224844594919,0.14951036861664863,54.24293017736216,0.3196625855594684,-10.533062039250856,-0.03635708494780777,-0.37800794604919413,-0.00037072,0.5924033960933657,0.00017264,1,1.0
4613,0.6478151044516296,0.11222729877126049,-0.00033195,2.792408012983975,3.407086979128152,-84.9742706806923,-0.21789562370390278,-1.9341283443685158,-0.04593960525765017,-31.484533419382682,0.14951036861664863,-6.116791568392669,0.3196625855594684,85.7623453485028,-0.03635708494780777,-0.11926357035968212,-0.00037072,0.12009089858380047,0.00017264,1,1.0
4614,-0.0010862082732379652,0.0917764293132998,-0.00033195,2.792408012983975,3.407086979128152,-23.668962190094458,-0.21789562370390278,5.163923041212077,-0.04593960525765017,-37.82650803123701,0.14951036861664863,44.773287644848374,0.3196625855594684,16.928166254039105,-0.03635708494780777,-0.08837128622103638,-0.00037072,0.1743725616539155,0.00017264,1,1.0
4615,-0.0031936417651641236,0.9648575727411409,-0.00033195,2.792408012983975,3.407086979128152,65.41625619854247,-0.21789562370390278,20.714439604183895,-0.04593960525765017,-33.01996817408156,0.14951036861664863,13.248761373473654,0.3196625855594684,-47.315689126711554,-0.03635708494780777,-0.2629848654543417,-0.00037072,0.7222396458099605,0.00017264,1,1.0
4616,-0.007835184913561388,1.3128723827740036,-0.00033195,2.792408012983975,3.407086979128152,63.73942569745055,-0.21789562370390278,27.286326225077875,-0.04593960525765017,-60.87276910508303,0.14951036861664863,13.082530424789796,0.3196625855594684,-38.29234178567347,-0.03635708494780777,-0.3855558664957621,-0.00037072,0.7889509547410003,0.00017264,1,1.0
4617,0.49724234434068343,0.4269146656845021,-0.00033195,2.792408012983975,3.407086979128152,79.9422224089065,-0.21789562370390278,7.917786652769938,-0.04593960525765017,-99.69743887133227,0.14951036861664863,45.65027307378048,0.3196625855594684,49.99742051559096,-0.03635708494780777,0.1021145036517358,-0.00037072,0.5744034940547154,0.00017264,0,1.0
4618,-0.0006967282574314448,0.15061697616509612,-0.00033195,2.792408012983975,3.407086979128152,-19.86658470217776,-0.21789562370390278,6.528763560241398,-0.04593960525765017,-21.48742400690314,0.14951036861664863,22.31266668609894,0.3196625855594684,3.4352003865109464,-0.03635708494780777,-0.17445709340259338,-0.00037072,0.22407988160581402,0.00017264,1,1.0
4619,0.10893022708444278,0.6092664374515798,-0.00033195,2.792408012983975,3.407086979128152,-15.696170024166145,-0.21789562370390278,18.81489591353356,-0.04593960525765017,-51.444702116950374,0.14951036861664863,-6.826703549368602,0.3196625855594684,9.812441594555242,-0.03635708494780777,-0.43228943253008795,-0.00037072,0.42316090803735157,0.00017264,1,1.0
4620,-0.00017358760558416897,0.4495897391435724,-0.00033195,2.792408012983975,3.407086979128152,95.92912405053892,-0.21789562370390278,20.96790654343814,-0.04593960525765017,-63.018921930023566,0.14951036861664863,5.386867458606247,0.3196625855594684,-28.49332530823289,-0.03635708494780777,-0.10377071426186563,-0.00037072,0.5001876038988757,0.00017264,1,1.0
4621,0.0027182677460166893,0.5043669691475569,-0.00033195,2.792408012983975,3.407086979128152,82.20488574552499,-0.21789562370390278,14.798658279235767,-0.04593960525765017,-53.127892295673526,0.14951036861664863,70.00318146149141,0.3196625855594684,-34.46840065119227,-0.03635708494780777,0.01834599577632956,-0.00037072,0.7103274663909075,0.00017264,0,1.0
4622,0.5470771257227306,0.513247040464234,-0.00033195,2.792408012983975,3.407086979128152,74.4826778939263,-0.21789562370390278,3.241044145706883,-0.04593960525765017,-56.8703598512713,0.14951036861664863,12.483358043977342,0.3196625855594684,35.41566282289764,-0.03635708494780777,0.03656066761522869,-0.00037072,0.5840156462480943,0.00017264,0,1.0
4623,1.1869213201392939,2.4188969526360715,-0.00033195,2.792408012983975,3.407086979128152,97.27211589391479,-0.21789562370390278,15.266527251203419,-0.04593960525765017,-28.713266146019002,0.14951036861664863,96.60938536584278,0.3196625855594684,-27.30774759847568,-0.03635708494780777,0.1378797458486115,-0.00037072,1.9492720129046117,0.00017264,0,1.0
4624,-0.004600845428458511,0.27221421891374986,-0.00033195,2.792408012983975,3.407086979128152,86.8471965735363,-0.21789562370390278,14.741988672855735,-0.04593960525765017,-13.72501363841029,0.14951036861664863,-47.46794455212369,0.3196625855594684,-40.55038791246833,-0.03635708494780777,-0.14817352074716333,-0.00037072,0.31049253146401473,0.00017264,1,1.0
4625,0.38003530271409414,0.25453729526786495,-0.00033195,2.792408012983975,3.407086979128152,-31.35809062341276,-0.21789562370390278,16.137407975306715,-0.04593960525765017,-64.41550074234236,0.14951036861664863,-16.615876976314528,0.3196625855594684,45.70952086831105,-0.03635708494780777,-0.2852304131179009,-0.00037072,0.28565683205959497,0.00017264,1,1.0
4626,5.7895221915182926e-05,0.221481192727093,-0.00033195,2.792408012983975,3.407086979128152,3.877685035212583,-0.21789562370390278,-0.9386694616622161,-0.04593960525765017,-27.682432605699354,0.14951036861664863,82.1709408282509,0.3196625855594684,4.345099258310946,-0.03635708494780777,0.014503949620350565,-0.00037072,0.39250925935244946,0.00017264,0,1.0
4627,0.5862205464208873,0.22219707583156606,-0.00033195,2.792408012983975,3.407086979128152,80.02275105243314,-0.21789562370390278,18.135289958377893,-0.04593960525765017,-99.40271481957856,0.14951036861664863,-60.271925949785754,0.3196625855594684,55.20558393449658,-0.03635708494780777,-0.1355050192573329,-0.00037072,0.3357340349884984,0.00017264,1,1.0
4628,0.6382043289352313,0.7560320268113803,-0.00033195,2.792408012983975,3.407086979128152,-63.32934336200185,-0.21789562370390278,-11.41152057766869,-0.04593960525765017,-17.43696988026741,0.14951036861664863,55.55774397663274,0.3196625855594684,73.25446580654418,-0.03635708494780777,-0.16751505321405513,-0.00037072,0.588304708618492,0.00017264,1,1.0
4629,0.5025877337249608,0.23940643387452087,-0.00033195,2.792408012983975,3.407086979128152,0.16015021787237027,-0.21789562370390278,3.397102347326879,-0.04593960525765017,-64.2300863676,0.14951036861664863,-10.751851220477818,0.3196625855594684,70.36064910700307,-0.03635708494780777,-0.17702267568208419,-0.00037072,0.2807925442695193,0.00017264,1,1.0
4630,0.07398163374631517,0.04077123249514294,-0.00033195,2.792408012983975,3.407086979128152,47.044710761193535,-0.21789562370390278,8.50522382832294,-0.04593960525765017,-42.69496123009928,0.14951036861664863,-24.79175633629681,0.3196625855594684,11.135384114000876,-0.03635708494780777,-0.13811104603324148,-0.00037072,0.13989583475261586,0.00017264,1,1.0
4631,0.03777044339788854,0.03066330816067334,-0.00033195,2.792408012983975,3.407086979128152,26.09238173523226,-0.21789562370390278,6.9472231682793835,-0.04593960525765017,-20.779698298074667,0.14951036861664863,-19.556750191488604,0.3196625855594684,-0.6608535344496654,-0.03635708494780777,-0.09902557165776396,-0.00037072,0.10204064114068903,0.00017264,1,1.0
4632,0.346229208319776,0.13301881368843538,-0.00033195,2.792408012983975,3.407086979128152,-45.338574129974404,-0.21789562370390278,1.124200155425562,-0.04593960525765017,-74.90079325264603,0.14951036861664863,36.385420529348735,0.3196625855594684,82.39423416860836,-0.03635708494780777,-0.17530881614146032,-0.00037072,0.19108347244107243,0.00017264,1,1.0
4633,0.9051922981247101,0.5695714875224591,-0.00033195,2.792408012983975,3.407086979128152,51.13096844961336,-0.21789562370390278,6.418819600644072,-0.04593960525765017,-38.461040452120066,0.14951036861664863,-20.819561252337017,0.3196625855594684,39.95830215151853,-0.03635708494780777,0.16278234441498513,-0.00037072,0.5801217495355093,0.00017264,0,1.0
4634,0.4420600170210618,0.998635390584712,-0.00033195,2.792408012983975,3.407086979128152,73.60604125534782,-0.21789562370390278,-7.604480521354092,-0.04593960525765017,-21.968241086570785,0.14951036861664863,58.52231466440701,0.3196625855594684,15.526690620552758,-0.03635708494780777,-0.06104477607698672,-0.00037072,0.9085738213224275,0.00017264,1,1.0
4635,0.0392593894427436,0.01605065983291377,-0.00033195,2.792408012983975,3.407086979128152,7.265038359114854,-0.21789562370390278,4.494978569220222,-0.04593960525765017,-15.407972660609591,0.14951036861664863,-7.342379791002773,0.3196625855594684,3.587022857074083,-0.03635708494780777,-0.07025919376229497,-0.00037072,0.07175233125427691,0.00017264,1,1.0
4636,0.5125106158152188,0.09429933745676511,-0.00033195,2.792408012983975,3.407086979128152,31.86541433485017,-0.21789562370390278,13.427226743657888,-0.04593960525765017,-60.27321185826778,0.14951036861664863,-70.2422451020534,0.3196625855594684,47.30605512335805,-0.03635708494780777,-0.20226617193348406,-0.00037072,0.20401205421543234,0.00017264,1,1.0
4637,0.2710210780174701,0.10135061575925541,-0.00033195,2.792408012983975,3.407086979128152,84.94971453023956,-0.21789562370390278,9.757816196018123,-0.04593960525765017,-28.713190245028446,0.14951036861664863,-86.3128578279388,0.3196625855594684,6.424094553593903,-0.03635708494780777,-0.21703435921934192,-0.00037072,0.22008280686534745,0.00017264,1,1.0
4638,1.1252400337518047,1.2106557600935894,-0.00033195,2.792408012983975,3.407086979128152,47.59100754332958,-0.21789562370390278,-0.18633526461600178,-0.04593960525765017,-60.90483757739129,0.14951036861664863,-8.039058620851444,0.3196625855594684,82.60532693070097,-0.03635708494780777,-0.04462889794135694,-0.00037072,0.8532416541334089,0.00017264,1,1.0
4639,0.02957805727205841,0.05086436551283208,-0.00033195,2.792408012983975,3.407086979128152,-87.88451275157428,-0.21789562370390278,1.1293216208388435,-0.04593960525765017,-42.22046193360599,0.14951036861664863,78.0502635831178,0.3196625855594684,44.180273243208084,-0.03635708494780777,-0.14264142861231574,-0.00037072,0.14150996015662956,0.00017264,1,1.0
4640,0.04842279392068327,0.23561927907495134,-0.00033195,2.792408012983975,3.407086979128152,-55.93144242022744,-0.21789562370390278,-7.9802649373496415,-0.04593960525765017,-46.85127480101804,0.14951036861664863,81.82224703526259,0.3196625855594684,60.714760134766344,-0.03635708494780777,-0.2280796056095421,-0.00037072,0.2550572279409564,0.00017264,1,1.0
4641,0.00019752484455448638,0.050329049977985194,-0.00033195,2.792408012983975,3.407086979128152,-19.521238026473014,-0.21789562370390278,-3.1803169576970367,-0.04593960525765017,-11.141065830934565,0.14951036861664863,35.974434232809955,0.3196625855594684,14.902994470667224,-0.03635708494780777,-0.04753930055003479,-0.00037072,0.1098952618350074,0.00017264,1,1.0
4642,0.19481614676557085,0.16715014168651166,-0.00033195,2.792408012983975,3.407086979128152,74.00729635684598,-0.21789562370390278,8.201982498584611,-0.04593960525765017,-65.78495074791769,0.14951036861664863,-0.8618188425561324,0.3196625855594684,22.03220648135693,-0.03635708494780777,-0.022601765488342973,-0.00037072,0.27837044265953287,0.00017264,1,1.0
4643,0.07414320021002274,0.06436358656889016,-0.00033195,2.792408012983975,3.407086979128152,-4.788986003325407,-0.21789562370390278,7.96512785821332,-0.04593960525765017,-99.75147070672206,0.14951036861664863,53.642826603756504,0.3196625855594684,60.12395922531107,-0.03635708494780777,-0.12235170686907967,-0.00037072,0.15360592521789626,0.00017264,1,1.0
4644,-0.0017807972565773156,0.549785753199056,-0.00033195,2.792408012983975,3.407086979128152,99.29185721122492,-0.21789562370390278,14.431219696708256,-0.04593960525765017,-11.537136191210077,0.14951036861664863,8.45591875000099,0.3196625855594684,-60.53887493370494,-0.03635708494780777,-0.05137099486704233,-0.00037072,0.6341227796481956,0.00017264,1,1.0
4645,-8.153885001072059e-05,0.18661228545083836,-0.00033195,2.792408012983975,3.407086979128152,75.11666731578158,-0.21789562370390278,8.070569724765459,-0.04593960525765017,-68.58399453046141,0.14951036861664863,76.58807498657195,0.3196625855594684,-3.0191419873508396,-0.03635708494780777,0.16410377387993164,-0.00037072,0.41746129742225396,0.00017264,0,1.0
4646,0.3283453732860928,2.5451704839930436,-0.00033195,2.792408012983975,3.407086979128152,-93.85513812131344,-0.21789562370390278,27.92407208962517,-0.04593960525765017,-45.1202709105283,0.14951036861664863,-95.37007175747331,0.3196625855594684,37.78182021267883,-0.03635708494780777,-1.0487531854312344,-0.00037072,0.4885161693159802,0.00017264,1,1.0
4647,-0.2771181579690847,2.4614555644838116,-0.00033195,2.792408012983975,3.407086979128152,-38.83776021996468,-0.21789562370390278,19.14886574218811,-0.04593960525765017,-5.569930832307738,0.14951036861664863,32.576173475213025,0.3196625855594684,-49.35264907645999,-0.03635708494780777,-0.7371102335911506,-0.00037072,0.7803757123013315,0.00017264,1,1.0
4648,0.764984253220085,0.209784601223198,-0.00033195,2.792408012983975,3.407086979128152,5.913665867391102,-0.21789562370390278,9.247359166988625,-0.04593960525765017,-42.04493042750354,0.14951036861664863,-54.12317033964736,0.3196625855594684,54.54099098164757,-0.03635708494780777,0.08585313288491023,-0.00037072,0.16191724292150164,0.00017264,0,1.0
4649,0.5588031571470062,0.14058919530843197,-0.00033195,2.792408012983975,3.407086979128152,9.62736713252752,-0.21789562370390278,3.670778777381165,-0.04593960525765017,-27.837418048498495,0.14951036861664863,-66.32071310519214,0.3196625855594684,50.43103795924515,-0.03635708494780777,-0.20325641693510324,-0.00037072,0.2052262010886289,0.00017264,1,1.0
4650,0.07746719053931372,0.017921686773945282,-0.00033195,2.792408012983975,3.407086979128152,3.4758593969498865,-0.21789562370390278,6.823833661365015,-0.04593960525765017,-49.99760323337863,0.14951036861664863,9.882547623414968,0.3196625855594684,27.033662169740385,-0.03635708494780777,-0.09140387189462258,-0.00037072,0.09133644880347315,0.00017264,1,1.0
4651,0.22326945323950076,0.34496970575358665,-0.00033195,2.792408012983975,3.407086979128152,20.170235840957567,-0.21789562370390278,17.943086183742967,-0.04593960525765017,-41.08710496442847,0.14951036861664863,-48.21193519881785,0.3196625855594684,6.102071244279878,-0.03635708494780777,-0.3258358599379938,-0.00037072,0.3255894729860873,0.00017264,1,1.0
4652,0.5013145905665954,0.1331099104661032,-0.00033195,2.792408012983975,3.407086979128152,41.41401186539915,-0.21789562370390278,11.525657494808666,-0.04593960525765017,-64.58938722575893,0.14951036861664863,-66.97859515095159,0.3196625855594684,51.65692674185693,-0.03635708494780777,-0.23383298427554872,-0.00037072,0.24053935015180034,0.00017264,1,1.0
4653,0.37170762432030446,0.05805332656304942,-0.00033195,2.792408012983975,3.407086979128152,-42.9124346141293,-0.21789562370390278,7.4379705979362765,-0.04593960525765017,-37.36956982044544,0.14951036861664863,-9.97368682977562,0.3196625855594684,44.899570351446165,-0.03635708494780777,-0.12331867733294165,-0.00037072,0.12643014473674308,0.00017264,1,1.0
4654,0.08513455775547929,0.09238213970845893,-0.00033195,2.792408012983975,3.407086979128152,12.15978442699659,-0.21789562370390278,7.838536051441446,-0.04593960525765017,-95.81907976068777,0.14951036861664863,54.829436115186844,0.3196625855594684,51.46732959945391,-0.03635708494780777,-0.045376739327208135,-0.00037072,0.17785906555404413,0.00017264,1,1.0
4655,0.5165150204846523,0.5440942372505503,-0.00033195,2.792408012983975,3.407086979128152,34.23285221474751,-0.21789562370390278,-3.9511658708705593,-0.04593960525765017,-16.058384124179817,0.14951036861664863,-35.22426889016243,0.3196625855594684,41.281496825560765,-0.03635708494780777,-0.23577586779050308,-0.00037072,0.4571779649603821,0.00017264,1,1.0
4656,0.5027675974866461,0.22573250197916922,-0.00033195,2.792408012983975,3.407086979128152,6.397008805228818,-0.21789562370390278,8.059746718964321,-0.04593960525765017,-100.0,0.14951036861664863,17.354766188273032,0.3196625855594684,81.47249082208332,-0.03635708494780777,-0.08764441603099826,-0.00037072,0.2927947816964551,0.00017264,1,1.0
4657,0.12707361028686992,0.4879772383454498,-0.00033195,2.792408012983975,3.407086979128152,-37.42450122427581,-0.21789562370390278,19.53893097087163,-0.04593960525765017,-89.58663185704874,0.14951036861664863,31.91393246917262,0.3196625855594684,39.91251096996775,-0.03635708494780777,-0.39445100324294785,-0.00037072,0.39724457085655734,0.00017264,1,1.0
4658,0.2577219201699841,0.23955353800462528,-0.00033195,2.792408012983975,3.407086979128152,-45.20185478224094,-0.21789562370390278,-2.691158253943496,-0.04593960525765017,-69.72770714292022,0.14951036861664863,70.926364156491,0.3196625855594684,74.96482784159214,-0.03635708494780777,-0.13796526105811505,-0.00037072,0.2773530257544614,0.00017264,1,1.0
4659,0.00010862797651391143,0.17778426767561317,-0.00033195,2.792408012983975,3.407086979128152,-6.307744930870032,-0.21789562370390278,-0.49599479541179103,-0.04593960525765017,-12.906314903375788,0.14951036861664863,59.962436573585926,0.3196625855594684,-0.9458733001011905,-0.03635708494780777,-0.017518709852475833,-0.00037072,0.31450589741930934,0.00017264,1,1.0
4660,0.0021084330469994805,0.14383940809410342,-0.00033195,2.792408012983975,3.407086979128152,84.23849930551474,-0.21789562370390278,4.255081488117917,-0.04593960525765017,-7.734210695393093,0.14951036861664863,0.5892056680584362,0.3196625855594684,-31.14653265566762,-0.03635708494780777,0.10506637312970944,-0.00037072,0.2556408556270479,0.00017264,0,1.0
4661,0.7092532993824845,0.8771428665283316,-0.00033195,2.792408012983975,3.407086979128152,30.60454690453467,-0.21789562370390278,-6.498109528195817,-0.04593960525765017,-14.010565582386803,0.14951036861664863,-34.07231972045308,0.3196625855594684,53.63753035159617,-0.03635708494780777,-0.2531912241432833,-0.00037072,0.6078774056091002,0.00017264,1,1.0
4662,0.36781435805285323,0.19824433034786668,-0.00033195,2.792408012983975,3.407086979128152,40.026372669539924,-0.21789562370390278,19.525201120744615,-0.04593960525765017,-69.63377090411332,0.14951036861664863,-61.67157727169621,0.3196625855594684,30.260545382157773,-0.03635708494780777,-0.2703903221623039,-0.00037072,0.27283833265461227,0.00017264,1,1.0
4663,6.571796332455193e-06,0.061446935294230565,-0.00033195,2.792408012983975,3.407086979128152,91.17874791214311,-0.21789562370390278,8.038049678766518,-0.04593960525765017,-15.537380442444004,0.14951036861664863,-49.07528493721386,0.3196625855594684,-22.774333849320463,-0.03635708494780777,-0.07292303128884961,-0.00037072,0.15059937917819258,0.00017264,1,1.0
4664,0.3339721303443648,0.30621426030921417,-0.00033195,2.792408012983975,3.407086979128152,-13.321094127371556,-0.21789562370390278,-3.681025441764806,-0.04593960525765017,-28.351745014421642,0.14951036861664863,41.11860147193442,0.3196625855594684,40.32371541159624,-0.03635708494780777,-0.04963549828846961,-0.00037072,0.36725387389873454,0.00017264,1,1.0
4665,0.0018910297619278982,0.24798222688746277,-0.00033195,2.792408012983975,3.407086979128152,89.85612417968125,-0.21789562370390278,6.230125662962681,-0.04593960525765017,-37.93892264643011,0.14951036861664863,61.32218703734434,0.3196625855594684,-26.761433037935383,-0.03635708494780777,0.13580293225305184,-0.00037072,0.5258272093018797,0.00017264,0,1.0
4666,0.30952121945727323,0.052931596321977345,-0.00033195,2.792408012983975,3.407086979128152,-30.78874414875309,-0.21789562370390278,1.3983594206425163,-0.04593960525765017,-45.143147952307416,0.14951036861664863,7.9180467219345045,0.3196625855594684,56.29395686631257,-0.03635708494780777,-0.11839036737254591,-0.00037072,0.11839027196132307,0.00017264,1,1.0
4667,0.45277944289588373,0.6536432649112678,-0.00033195,2.792408012983975,3.407086979128152,9.298773211751366,-0.21789562370390278,-5.378108152975888,-0.04593960525765017,-46.403804853003194,0.14951036861664863,26.883487085364493,0.3196625855594684,61.659608865965886,-0.03635708494780777,-0.2185804641179472,-0.00037072,0.5292279521191656,0.00017264,1,1.0
4668,0.0011818407992367774,0.05248131343159772,-0.00033195,2.792408012983975,3.407086979128152,54.81730162851503,-0.21789562370390278,7.749478815444844,-0.04593960525765017,-43.97482446077183,0.14951036861664863,-10.363704500939983,0.3196625855594684,5.244315478321722,-0.03635708494780777,-0.09283340617543226,-0.00037072,0.14144198502776975,0.00017264,1,1.0
4669,-0.010473151663339841,0.550253434729314,-0.00033195,2.792408012983975,3.407086979128152,87.84788060553569,-0.21789562370390278,8.524216993578628,-0.04593960525765017,-16.873451370261197,0.14951036861664863,69.78329784216037,0.3196625855594684,-53.67155361495556,-0.03635708494780777,0.03458253367780051,-0.00037072,0.7910053938324264,0.00017264,0,1.0
4670,0.6842505368793991,0.23985246212982242,-0.00033195,2.792408012983975,3.407086979128152,-92.85282228271836,-0.21789562370390278,13.086054311800705,-0.04593960525765017,-62.17209653451356,0.14951036861664863,-14.036032155352247,0.3196625855594684,81.53624342035147,-0.03635708494780777,-0.2565761335764678,-0.00037072,0.25796196959478024,0.00017264,1,1.0
4671,-0.0006281464362037914,0.0930809232963806,-0.00033195,2.792408012983975,3.407086979128152,-28.315688763040672,-0.21789562370390278,5.46592689151251,-0.04593960525765017,-42.97318481745314,0.14951036861664863,50.33173182693994,0.3196625855594684,20.86997799454056,-0.03635708494780777,-0.0941889129110195,-0.00037072,0.17806643518419302,0.00017264,1,1.0
4672,0.0009425855848336773,0.189764136540558,-0.00033195,2.792408012983975,3.407086979128152,49.371172268055005,-0.21789562370390278,6.859712629179164,-0.04593960525765017,-65.03200484746655,0.14951036861664863,82.8345984007771,0.3196625855594684,3.5499300198938286,-0.03635708494780777,0.12419167477939302,-0.00037072,0.39686757945297285,0.00017264,0,1.0
4673,0.529819120750654,0.2751352056416427,-0.00033195,2.792408012983975,3.407086979128152,82.48798949206547,-0.21789562370390278,13.29035705693236,-0.04593960525765017,-100.0,0.14951036861664863,-10.58505819616731,0.3196625855594684,51.9730793161293,-0.03635708494780777,0.03064187071938726,-0.00037072,0.38771629088797244,0.00017264,0,1.0
4674,0.628251657497502,0.27849929716547533,-0.00033195,2.792408012983975,3.407086979128152,13.992395882111568,-0.21789562370390278,6.754856488738233,-0.04593960525765017,-76.82730713737116,0.14951036861664863,-24.86991413085438,0.3196625855594684,77.04298644468933,-0.03635708494780777,-0.15533524331789791,-0.00037072,0.3146291668851743,0.00017264,1,1.0
4675,0.7032182159564953,0.5639686395426077,-0.00033195,2.792408012983975,3.407086979128152,83.24280152235856,-0.21789562370390278,5.858013203695027,-0.04593960525765017,-66.38887147680221,0.14951036861664863,-18.600620022679323,0.3196625855594684,48.42724574423089,-0.03635708494780777,0.0011723318525327375,-0.00037072,0.5753962712043594,0.00017264,0,1.0
4676,0.539261529799697,1.5264382143408233,-0.00033195,2.792408012983975,3.407086979128152,30.1737216567988,-0.21789562370390278,-14.554510508499034,-0.04593960525765017,-21.252684928729654,0.14951036861664863,92.85500254281965,0.3196625855594684,40.88715266001947,-0.03635708494780777,-0.1740374085967229,-0.00037072,1.0665933258207672,0.00017264,1,1.0
4677,0.0049305839564269816,0.2266190340775092,-0.00033195,2.792408012983975,3.407086979128152,32.09125287087035,-0.21789562370390278,9.090468643409093,-0.04593960525765017,-55.760800392791374,0.14951036861664863,67.0950590285043,0.3196625855594684,-0.5555047411051093,-0.03635708494780777,0.033202059767784786,-0.00037072,0.3924239982897154,0.00017264,0,1.0
4678,0.3446312935923973,0.015914612765486176,-0.00033195,2.792408012983975,3.407086979128152,-39.82112207331482,-0.21789562370390278,4.870913545674167,-0.04593960525765017,-51.045555510438255,0.14951036861664863,6.201846097053232,0.3196625855594684,57.50034524048516,-0.03635708494780777,-0.06263016388644133,-0.00037072,0.06297826122172628,0.00017264,1,1.0
4679,0.723704185532547,0.288011875702371,-0.00033195,2.792408012983975,3.407086979128152,35.92888811562474,-0.21789562370390278,12.432228091921688,-0.04593960525765017,-99.3713451525646,0.14951036861664863,-35.260740201234505,0.3196625855594684,82.16675888465554,-0.03635708494780777,-0.11350071065149381,-0.00037072,0.3429718482994585,0.00017264,1,1.0
4680,0.0016627947799995324,0.14757481045097584,-0.00033195,2.792408012983975,3.407086979128152,57.62044177875417,-0.21789562370390278,5.112884804364421,-0.04593960525765017,-38.847613835588106,0.14951036861664863,41.56171686976982,0.3196625855594684,-7.420987545892486,-0.03635708494780777,0.11048496709529541,-0.00037072,0.2757070577875356,0.00017264,0,1.0
4681,0.0058359144898002535,0.11476705034993342,-0.00033195,2.792408012983975,3.407086979128152,-2.8011583247809657,-0.21789562370390278,2.1124434955007416,-0.04593960525765017,-63.48132215240707,0.14951036861664863,79.59725333284734,0.3196625855594684,32.09708245555875,-0.03635708494780777,0.045855753709203764,-0.00037072,0.19600509615974548,0.00017264,0,1.0
4682,0.002712174144217261,0.0060171163711158155,-0.00033195,2.792408012983975,3.407086979128152,-52.8753254237504,-0.21789562370390278,3.392731822703362,-0.04593960525765017,-76.16916502914987,0.14951036861664863,80.04605175272215,0.3196625855594684,56.35012930396971,-0.03635708494780777,-0.03459339661939273,-0.00037072,0.03473502173721091,0.00017264,1,1.0
4683,0.43110424827871585,0.07926630100950142,-0.00033195,2.792408012983975,3.407086979128152,-8.863140510072201,-0.21789562370390278,12.043529818480186,-0.04593960525765017,-99.37790196153426,0.14951036861664863,-3.9134351671707797,0.3196625855594684,78.8710438234091,-0.03635708494780777,-0.19112224102539827,-0.00037072,0.19133022174442066,0.00017264,1,1.0
4684,0.45892164508039124,0.4502808503278457,-0.00033195,2.792408012983975,3.407086979128152,71.60822583564563,-0.21789562370390278,28.074266568043218,-0.04593960525765017,-86.8678102568061,0.14951036861664863,-98.72055573396239,0.3196625855594684,27.118276935174407,-0.03635708494780777,-0.40304211942881735,-0.00037072,0.3996667416711081,0.00017264,1,1.0
4685,0.9306603103699665,0.644297395244404,-0.00033195,2.792408012983975,3.407086979128152,63.1059865852186,-0.21789562370390278,5.840467054481718,-0.04593960525765017,-54.18799348792891,0.14951036861664863,-85.583345137726,0.3196625855594684,69.89634769529621,-0.03635708494780777,-0.19860400498263986,-0.00037072,0.5107494540676185,0.00017264,1,1.0
4686,0.48986575190405945,1.4972847260656574,-0.00033195,2.792408012983975,3.407086979128152,16.110588029029685,-0.21789562370390278,-17.03092512955229,-0.04593960525765017,-5.365063374346684,0.14951036861664863,62.54390809081727,0.3196625855594684,43.60906822142048,-0.03635708494780777,-0.28817734299878484,-0.00037072,0.9280164684626568,0.00017264,1,1.0
4687,0.0011870231993800218,0.487825699972308,-0.00033195,2.792408012983975,3.407086979128152,81.86290826195314,-0.21789562370390278,6.122788808144174,-0.04593960525765017,-16.067787900445104,0.14951036861664863,77.74142466339435,0.3196625855594684,-48.08686007080753,-0.03635708494780777,0.052300157666268554,-0.00037072,0.7834760721887937,0.00017264,0,1.0
4688,0.5804954405970553,0.03846370763767372,-0.00033195,2.792408012983975,3.407086979128152,-72.29099338503839,-0.21789562370390278,6.494944553333941,-0.04593960525765017,-62.54084192150738,0.14951036861664863,0.21371230688411774,0.3196625855594684,84.36480607236682,-0.03635708494780777,-0.07165932947367458,-0.00037072,0.07190119057223575,0.00017264,1,1.0
4689,0.3639710767616888,0.13645889212557946,-0.00033195,2.792408012983975,3.407086979128152,-0.3143582779610571,-0.21789562370390278,16.8000327787908,-0.04593960525765017,-84.27780429353076,0.14951036861664863,-20.639132776899523,0.3196625855594684,52.445305354070435,-0.03635708494780777,-0.2294720930779303,-0.00037072,0.23023796361031149,0.00017264,1,1.0
4690,0.05596373057125992,0.5998795677993155,-0.00033195,2.792408012983975,3.407086979128152,75.91002332355683,-0.21789562370390278,25.40115780121141,-0.04593960525765017,-59.561622391564896,0.14951036861664863,-61.762839238687924,0.3196625855594684,-16.4875868570473,-0.03635708494780777,-0.4281438486619811,-0.00037072,0.43104656687488196,0.00017264,1,1.0
4691,0.04737410411818943,0.8873490609059322,-0.00033195,2.792408012983975,3.407086979128152,-2.923373003524281,-0.21789562370390278,19.009198344622746,-0.04593960525765017,-18.354146259809056,0.14951036861664863,-30.103211219973655,0.3196625855594684,-20.79613822513972,-0.03635708494780777,-0.5139257535804175,-0.00037072,0.5088978366654401,0.00017264,1,1.0
4692,0.29398055371190424,0.08058720132430543,-0.00033195,2.792408012983975,3.407086979128152,32.46773424580263,-0.21789562370390278,13.081553778845931,-0.04593960525765017,-78.71329283476138,0.14951036861664863,-28.2082037709678,0.3196625855594684,45.685074998441685,-0.03635708494780777,-0.19998943087857668,-0.00037072,0.20052651204099192,0.00017264,1,1.0
4693,0.21715514659796392,0.09300661668008253,-0.00033195,2.792408012983975,3.407086979128152,-39.41716759088541,-0.21789562370390278,-0.6956123271492437,-0.04593960525765017,-56.67729439290842,0.14951036861664863,37.833431326442394,0.3196625855594684,63.570740626357825,-0.03635708494780777,-0.1574857629270081,-0.00037072,0.15760939555552433,0.00017264,1,1.0
4694,0.21433990037613004,0.5933507519783214,-0.00033195,2.792408012983975,3.407086979128152,34.55687320653164,-0.21789562370390278,-8.889470254696539,-0.04593960525765017,-6.599815867943213,0.14951036861664863,31.952784264388992,0.3196625855594684,16.428158647483205,-0.03635708494780777,-0.17246074060182653,-0.00037072,0.5533821230699014,0.00017264,1,1.0
4695,0.4965626958873096,0.08824973639907421,-0.00033195,2.792408012983975,3.407086979128152,-81.64259077735365,-0.21789562370390278,7.205216509340439,-0.04593960525765017,-45.73293961509147,0.14951036861664863,3.5840157149059135,0.3196625855594684,66.48391408580218,-0.03635708494780777,-0.14960019855290368,-0.00037072,0.1503781158388981,0.00017264,1,1.0
4696,0.3736021362682076,0.19178610446632938,-0.00033195,2.792408012983975,3.407086979128152,-49.42076882842697,-0.21789562370390278,1.202956309881573,-0.04593960525765017,-88.8384987188777,0.14951036861664863,59.020467609093735,0.3196625855594684,91.10220839370331,-0.03635708494780777,-0.13058389017695402,-0.00037072,0.2362400459422541,0.00017264,1,1.0
4697,-0.05568937070185942,1.0614024711946897,-0.00033195,2.792408012983975,3.407086979128152,31.30670563528747,-0.21789562370390278,13.475697223383891,-0.04593960525765017,-25.291850964600698,0.14951036861664863,76.78056929635903,0.3196625855594684,-43.71496973195488,-0.03635708494780777,-0.2014523546504272,-0.00037072,0.8336640298692624,0.00017264,1,1.0
4698,0.45762549707391337,0.10139873830951215,-0.00033195,2.792408012983975,3.407086979128152,-56.340247086513784,-0.21789562370390278,-0.8541681698501086,-0.04593960525765017,-43.52553461023395,0.14951036861664863,7.883315302451053,0.3196625855594684,74.11995796230936,-0.03635708494780777,-0.14543059225584218,-0.00037072,0.14751249247885986,0.00017264,1,1.0
4699,0.0004357219023418679,0.08490420720676692,-0.00033195,2.792408012983975,3.407086979128152,-35.853286771234906,-0.21789562370390278,-3.5855119454918776,-0.04593960525765017,-25.313023413146638,0.14951036861664863,65.34744610568347,0.3196625855594684,26.255984353117885,-0.03635708494780777,-0.04413168509559587,-0.00037072,0.1607525780758142,0.00017264,1,1.0
4700,0.1095202797086885,0.003166034515378449,-0.00033195,1.564833058983056,6.1718607294043455,-80.47669783987362,-0.21789562370390278,6.4447550622144565,-0.04593960525765017,-86.10926735301034,0.14951036861664863,-11.725999785812004,0.3196625855594684,78.09784954081431,-0.03635708494780777,-0.023841200880648762,-0.00037072,0.023753988287890958,0.00017264,1,1.0
4701,0.0002783292990989339,0.018234882440095287,-0.00033195,1.564833058983056,6.1718607294043455,24.194249602112954,-0.21789562370390278,19.8732994313464,-0.04593960525765017,-12.448430998452832,0.14951036861664863,-93.33301984941673,0.3196625855594684,-9.528521263106544,-0.03635708494780777,-0.02456527623287532,-0.00037072,0.04707224958881719,0.00017264,1,1.0
4702,0.21859972372558356,0.006347050753928105,-0.00033195,1.564833058983056,6.1718607294043455,-81.97211317695347,-0.21789562370390278,0.16291911496136546,-0.04593960525765017,-16.880011592647087,0.14951036861664863,10.515773444811876,0.3196625855594684,59.767818622767415,-0.03635708494780777,-0.02767106324965347,-0.00037072,0.027631606724602565,0.00017264,1,1.0
4703,0.04062722146412434,0.00622403336116416,-0.00033195,1.564833058983056,6.1718607294043455,-38.0961768693312,-0.21789562370390278,-11.760310764596456,-0.04593960525765017,-24.82311326221855,0.14951036861664863,90.78697717231812,0.3196625855594684,31.42675095495716,-0.03635708494780777,-0.026699522066976338,-0.00037072,0.02672135748046063,0.00017264,1,1.0
4704,0.00010138425151270947,0.027577460370783007,-0.00033195,1.564833058983056,6.1718607294043455,27.23733296619681,-0.21789562370390278,23.725284865037022,-0.04593960525765017,-9.344958239397876,0.14951036861664863,-0.6130069558812419,0.3196625855594684,-22.691055298538274,-0.03635708494780777,-0.04235170152870766,-0.00037072,0.06041037657067783,0.00017264,1,1.0
4705,-9.449084104745653e-06,0.03317263670021158,-0.00033195,1.564833058983056,6.1718607294043455,32.87276036452666,-0.21789562370390278,19.559608317488497,-0.04593960525765017,-36.60282913773355,0.14951036861664863,67.03248240343498,0.3196625855594684,-13.028905948843333,-0.03635708494780777,0.000422762345666676,-0.00037072,0.05793871911771777,0.00017264,0,1.0
4706,0.000300903349544121,0.012075730656018026,-0.00033195,1.564833058983056,6.1718607294043455,-8.51407298657958,-0.21789562370390278,14.981909693660302,-0.04593960525765017,-58.620488086108935,0.14951036861664863,79.95560771455594,0.3196625855594684,13.964448007139714,-0.03635708494780777,-0.014777522741581482,-0.00037072,0.033608768924241736,0.00017264,1,1.0
4707,0.10365429131844495,0.020310067808221356,-0.00033195,1.564833058983056,6.1718607294043455,-47.69262066023216,-0.21789562370390278,20.211412729651435,-0.04593960525765017,-94.88079625863946,0.14951036861664863,44.14220777632446,0.3196625855594684,55.865617856078735,-0.03635708494780777,-0.010223672315673428,-0.00037072,0.04766133072012653,0.00017264,1,1.0
4708,0.02192982361483642,0.04164976514235128,-0.00033195,1.564833058983056,6.1718607294043455,4.524543002888451,-0.21789562370390278,-10.34408329203071,-0.04593960525765017,-10.51854779866064,0.14951036861664863,-80.09973177823204,0.3196625855594684,21.121997833649353,-0.03635708494780777,-0.041812744573322416,-0.00037072,0.08659860643029636,0.00017264,1,1.0
4709,0.02321611050755866,0.051515592646604824,-0.00033195,1.564833058983056,6.1718607294043455,57.684577912697144,-0.21789562370390278,12.410749241227593,-0.04593960525765017,-20.601910135051448,0.14951036861664863,-20.212971420941845,0.3196625855594684,-13.569574866860888,-0.03635708494780777,0.013321791481373232,-0.00037072,0.09380449817768627,0.00017264,0,1.0
4710,0.01644139638778104,0.03214492304097881,-0.00033195,1.564833058983056,6.1718607294043455,1.759985102226874,-0.21789562370390278,14.9986322337137,-0.04593960525765017,-73.68803304758917,0.14951036861664863,-8.84792464738346,0.3196625855594684,27.387986882402753,-0.03635708494780777,-0.01584264380502315,-0.00037072,0.07477094800291594,0.00017264,1,1.0
4711,7.379587210071259e-05,0.03516110354610348,-0.00033195,1.564833058983056,6.1718607294043455,42.176993217183906,-0.21789562370390278,22.736416279413547,-0.04593960525765017,-27.62153161236486,0.14951036861664863,-68.56052145280282,0.3196625855594684,-11.976114790984925,-0.03635708494780777,-0.009573119027841179,-0.00037072,0.07095657605619382,0.00017264,1,1.0
4712,0.1566414639545411,0.0030505403960016156,-0.00033195,1.564833058983056,6.1718607294043455,-83.18107001807479,-0.21789562370390278,7.910428668087417,-0.04593960525765017,-69.72105427536628,0.14951036861664863,63.48239409643601,0.3196625855594684,69.00351093161473,-0.03635708494780777,-0.01208509914108501,-0.00037072,0.014748727693981566,0.00017264,1,1.0
4713,0.2171224160326498,0.08005700290969292,-0.00033195,1.564833058983056,6.1718607294043455,24.34893646531056,-0.21789562370390278,17.236091283046903,-0.04593960525765017,-36.46531051473073,0.14951036861664863,93.04880000992223,0.3196625855594684,15.056726117395726,-0.03635708494780777,0.07092893011844877,-0.00037072,0.09310112171488817,0.00017264,0,1.0
4714,0.1738361971717218,0.01679703031596038,-0.00033195,1.564833058983056,6.1718607294043455,-84.22024584287395,-0.21789562370390278,-16.939778259389065,-0.04593960525765017,-19.898900172801365,0.14951036861664863,41.10216802040036,0.3196625855594684,67.69280328839427,-0.03635708494780777,-0.03969696802231461,-0.00037072,0.03978441614865813,0.00017264,1,1.0
4715,0.0054450581619840815,0.016447176824818818,-0.00033195,1.564833058983056,6.1718607294043455,18.466649912113983,-0.21789562370390278,13.122226751645655,-0.04593960525765017,-16.557217221859812,0.14951036861664863,-55.383552041225165,0.3196625855594684,-2.7816210069157052,-0.03635708494780777,-0.009235472543835456,-0.00037072,0.03874066381491481,0.00017264,1,1.0
4716,0.0009466963593754707,0.0372599295231666,-0.00033195,1.564833058983056,6.1718607294043455,-17.82233945142249,-0.21789562370390278,-26.841088970151613,-0.04593960525765017,-0.1287856100858204,0.14951036861664863,34.599760134999244,0.3196625855594684,24.23816300420931,-0.03635708494780777,-0.06374541000634237,-0.00037072,0.07472648893284867,0.00017264,1,1.0
4717,0.021674374047085044,0.0016348007137232214,-0.00033195,1.564833058983056,6.1718607294043455,-32.98206973861935,-0.21789562370390278,1.4832190055589014,-0.04593960525765017,-46.90184135472552,0.14951036861664863,13.164860884386684,0.3196625855594684,34.55250467280661,-0.03635708494780777,-0.01756548826714186,-0.00037072,0.01756995622599937,0.00017264,1,1.0
4718,0.0006293516209182164,0.0019805195707418817,-0.00033195,1.564833058983056,6.1718607294043455,0.595713797944887,-0.21789562370390278,-0.36978303510038635,-0.04593960525765017,-0.09649847212573195,0.14951036861664863,94.93896687675489,0.3196625855594684,-7.522815923227336,-0.03635708494780777,-0.019390501013810287,-0.00037072,0.02061094344826304,0.00017264,1,1.0
4719,0.00013973509398201855,0.06051360557977759,-0.00033195,1.564833058983056,6.1718607294043455,71.9480410181355,-0.21789562370390278,32.50136878336095,-0.04593960525765017,-42.595556172003455,0.14951036861664863,-75.19614667949544,0.3196625855594684,-21.16097543923202,-0.03635708494780777,-0.0036460062660869444,-0.00037072,0.1130409118205582,0.00017264,1,1.0
4720,0.026909427228221122,0.05814402212826714,-0.00033195,1.564833058983056,6.1718607294043455,46.90752524367127,-0.21789562370390278,34.71699906037894,-0.04593960525765017,-58.81108271225141,0.14951036861664863,20.215776742649947,0.3196625855594684,-11.29943691683398,-0.03635708494780777,-0.005202648053947406,-0.00037072,0.0996551537400093,0.00017264,1,1.0
4721,7.901204895260916e-05,0.061929262084862054,-0.00033195,1.564833058983056,6.1718607294043455,73.23832347331451,-0.21789562370390278,19.73250442436151,-0.04593960525765017,-41.272596373369666,0.14951036861664863,-13.872860086444469,0.3196625855594684,-17.19143757866895,-0.03635708494780777,0.01036066211609949,-0.00037072,0.11816522292143355,0.00017264,0,1.0
4722,0.09602657316692781,0.013003705587145496,-0.00033195,1.564833058983056,6.1718607294043455,-66.33857267740966,-0.21789562370390278,-13.352579431832172,-0.04593960525765017,-39.445931305280745,0.14951036861664863,52.61099684533198,0.3196625855594684,58.80491617903735,-0.03635708494780777,-0.036017789817136214,-0.00037072,0.03636838696181649,0.00017264,1,1.0
4723,0.0004820805845686671,0.010141823126063544,-0.00033195,1.564833058983056,6.1718607294043455,8.333695762844366,-0.21789562370390278,16.245183280764998,-0.04593960525765017,-10.958902634803442,0.14951036861664863,8.90710166654539,0.3196625855594684,-10.633336475740355,-0.03635708494780777,-0.039189301848360135,-0.00037072,0.0392841973023283,0.00017264,1,1.0
4724,0.11281546232013005,0.0006332253901344267,-0.00033195,1.564833058983056,6.1718607294043455,-72.63715463154746,-0.21789562370390278,10.019985582962866,-0.04593960525765017,-76.6072349918257,0.14951036861664863,11.785482678731917,0.3196625855594684,66.44550840483178,-0.03635708494780777,-0.014199920895043294,-0.00037072,0.014208527921705918,0.00017264,1,1.0
4725,0.3712624958854832,0.11317151118223162,-0.00033195,1.564833058983056,6.1718607294043455,-25.296645228300306,-0.21789562370390278,21.071042267761158,-0.04593960525765017,-92.29217552435546,0.14951036861664863,0.8237536273521732,0.3196625855594684,81.89156857255902,-0.03635708494780777,0.05220411674630049,-0.00037072,0.1615692149884107,0.00017264,0,1.0
4726,0.19860785389224941,0.029780874218806902,-0.00033195,1.564833058983056,6.1718607294043455,-95.17068728825818,-0.21789562370390278,-24.871831901585264,-0.04593960525765017,-12.143317928599927,0.14951036861664863,53.15410644225009,0.3196625855594684,75.51043282963386,-0.03635708494780777,-0.055968054286869975,-0.00037072,0.055884614199575286,0.00017264,1,1.0
4727,0.3233919601660433,0.12492564217675883,-0.00033195,1.564833058983056,6.1718607294043455,2.1951652044927257,-0.21789562370390278,15.658460614311924,-0.04593960525765017,-87.0137391208856,0.14951036861664863,66.05349506267025,0.3196625855594684,63.66359545936224,-0.03635708494780777,0.052506802969104385,-0.00037072,0.18263860005833454,0.00017264,0,1.0
4728,0.055606357529639674,0.013389511285324441,-0.00033195,1.564833058983056,6.1718607294043455,-32.6773427090074,-0.21789562370390278,-3.965591648760024,-0.04593960525765017,-31.27618748607225,0.14951036861664863,-51.712400868131134,0.3196625855594684,40.18963378084155,-0.03635708494780777,-0.02891849765709023,-0.00037072,0.041420778432416205,0.00017264,1,1.0
4729,0.6785514383980669,0.21091936377974718,-0.00033195,1.564833058983056,6.1718607294043455,-2.0935148865702584,-0.21789562370390278,57.28339642631717,-0.04593960525765017,-66.21351411000329,0.14951036861664863,79.08932616130573,0.3196625855594684,62.75189972376316,-0.03635708494780777,0.1160635836384331,-0.00037072,0.22163061898474717,0.00017264,0,1.0
4730,0.15670778656055495,0.0011187915811038396,-0.00033195,1.564833058983056,6.1718607294043455,-98.23635879427209,-0.21789562370390278,12.530356414138701,-0.04593960525765017,-100.0,0.14951036861664863,55.77725779646682,0.3196625855594684,86.09060920306241,-0.03635708494780777,-0.015417561763066061,-0.00037072,0.015456761146729042,0.00017264,1,1.0
4731,7.751312380739617e-05,0.022295846831871125,-0.00033195,1.564833058983056,6.1718607294043455,-2.61805868038571,-0.21789562370390278,14.649057770595158,-0.04593960525765017,-74.04781983867491,0.14951036861664863,79.94934516008055,0.3196625855594684,20.071702491989406,-0.03635708494780777,-0.005046658044729917,-0.00037072,0.048296243918021876,0.00017264,1,1.0
4732,0.0011541446517815135,0.019284466301031176,-0.00033195,1.564833058983056,6.1718607294043455,5.984040649551558,-0.21789562370390278,22.391704836103294,-0.04593960525765017,-48.98774267592331,0.14951036861664863,-5.537254236434804,0.3196625855594684,5.686322162253367,-0.03635708494780777,-0.026888742124096154,-0.00037072,0.05035020176800534,0.00017264,1,1.0
4733,0.030211363910063536,0.001890919344593639,-0.00033195,1.564833058983056,6.1718607294043455,-45.82219096299236,-0.21789562370390278,11.46793170805011,-0.04593960525765017,-79.69709809451561,0.14951036861664863,0.5040362321536502,0.3196625855594684,49.37376907227006,-0.03635708494780777,-0.027323828032916213,-0.00037072,0.02734364240396362,0.00017264,1,1.0
4734,0.0012285292796193614,0.0691172411658499,-0.00033195,1.564833058983056,6.1718607294043455,76.47425527089212,-0.21789562370390278,22.886604971845276,-0.04593960525765017,-56.29686947977768,0.14951036861664863,1.2769973420385083,0.3196625855594684,-14.252678187419185,-0.03635708494780777,0.010821482558808923,-0.00037072,0.1329289748295559,0.00017264,0,1.0
4735,0.0004839226728532778,0.02628657619484206,-0.00033195,1.564833058983056,6.1718607294043455,7.946129087443825,-0.21789562370390278,6.187281712444268,-0.04593960525765017,-49.796127953047915,0.14951036861664863,48.84787774846015,0.3196625855594684,13.7138006369364,-0.03635708494780777,-0.004049971537645598,-0.00037072,0.05451215804456938,0.00017264,1,1.0
4736,0.1250231585631022,0.05605472281786081,-0.00033195,1.564833058983056,6.1718607294043455,-20.380595472651624,-0.21789562370390278,-12.87376045016179,-0.04593960525765017,-23.631326223568006,0.14951036861664863,77.53371928483764,0.3196625855594684,37.07544163143159,-0.03635708494780777,-0.01442736990789327,-0.00037072,0.08899258024579977,0.00017264,1,1.0
4737,0.36789258802431213,0.06680964419960365,-0.00033195,1.564833058983056,6.1718607294043455,-55.23173211988855,-0.21789562370390278,23.84856605504289,-0.04593960525765017,-36.34730365059873,0.14951036861664863,-42.770228702180354,0.3196625855594684,64.32325499393187,-0.03635708494780777,0.026158146973866928,-0.00037072,0.08099124801494302,0.00017264,0,1.0
4738,3.41395553972168e-05,0.04918963467521589,-0.00033195,1.564833058983056,6.1718607294043455,60.59355659850572,-0.21789562370390278,21.348271138204872,-0.04593960525765017,-34.72035823213075,0.14951036861664863,4.240557684757488,0.3196625855594684,-19.178091010873818,-0.03635708494780777,0.011787423339540408,-0.00037072,0.087564852688815,0.00017264,0,1.0
4739,0.0007193077760047073,0.07122473076202684,-0.00033195,1.564833058983056,6.1718607294043455,60.19567629810748,-0.21789562370390278,40.40219959672637,-0.04593960525765017,-88.17178592293446,0.14951036861664863,-96.34879795082706,0.3196625855594684,1.1386753236840643,-0.03635708494780777,-0.020828210406912018,-0.00037072,0.1428765541347695,0.00017264,1,1.0
4740,0.044559533649710034,0.007048181769067736,-0.00033195,1.564833058983056,6.1718607294043455,-37.66161869104842,-0.21789562370390278,23.047438426438074,-0.04593960525765017,-75.5461994380015,0.14951036861664863,-9.98423023769367,0.3196625855594684,38.08799320651704,-0.03635708494780777,-0.04060030484138735,-0.00037072,0.04067371219386283,0.00017264,1,1.0
4741,0.0008291847120636964,0.07341653710142731,-0.00033195,1.564833058983056,6.1718607294043455,81.84779954327131,-0.21789562370390278,37.521105153333586,-0.04593960525765017,-61.447460533665456,0.14951036861664863,-8.578310031000765,0.3196625855594684,-24.16265140989557,-0.03635708494780777,0.005709936245850318,-0.00037072,0.1299203544560291,0.00017264,0,1.0
4742,0.06783024088694711,0.0007670148279415526,-0.00033195,1.564833058983056,6.1718607294043455,-66.09515613920644,-0.21789562370390278,6.830990733698581,-0.04593960525765017,-86.51355232926609,0.14951036861664863,75.84322691739806,0.3196625855594684,61.28985942433151,-0.03635708494780777,-0.012182892331260138,-0.00037072,0.012192307636814653,0.00017264,1,1.0
4743,0.19993915533490214,0.029460157093158527,-0.00033195,1.564833058983056,6.1718607294043455,-86.00579687127554,-0.21789562370390278,0.5330793980150013,-0.04593960525765017,-81.41528502688578,0.14951036861664863,95.63921598388215,0.3196625855594684,84.11579447428312,-0.03635708494780777,0.0024635496345507615,-0.00037072,0.04043164184163284,0.00017264,0,1.0
4744,0.2640458113431625,0.14715201313241663,-0.00033195,1.564833058983056,6.1718607294043455,65.20968617647603,-0.21789562370390278,23.18633482186155,-0.04593960525765017,-88.5570366622501,0.14951036861664863,16.481818258914362,0.3196625855594684,35.25137711723681,-0.03635708494780777,0.049008901457733914,-0.00037072,0.2471320001491899,0.00017264,0,1.0
4745,0.06312896426248421,0.004711994477923521,-0.00033195,1.564833058983056,6.1718607294043455,-41.89327893874326,-0.21789562370390278,16.434832172896233,-0.04593960525765017,-62.727174145692196,0.14951036861664863,58.96945029959968,0.3196625855594684,34.77787645005226,-0.03635708494780777,-0.031325640137090924,-0.00037072,0.03165595835545487,0.00017264,1,1.0
4746,0.0005198684617584715,0.03362839833968223,-0.00033195,1.564833058983056,6.1718607294043455,-36.40644973810533,-0.21789562370390278,-18.9220478626757,-0.04593960525765017,-39.02481134057148,0.14951036861664863,0.7526801195780124,0.3196625855594684,46.27462803801459,-0.03635708494780777,-0.0661794782462459,-0.00037072,0.07200094492717798,0.00017264,1,1.0
4747,0.0003730749671552458,0.0117952186371525,-0.00033195,1.564833058983056,6.1718607294043455,0.5892417386419725,-0.21789562370390278,10.950760824316125,-0.04593960525765017,-36.53393320585446,0.14951036861664863,-60.23487811295086,0.3196625855594684,14.536213548668355,-0.03635708494780777,-0.01974382656812182,-0.00037072,0.039584173097814826,0.00017264,1,1.0
4748,0.30593077087803666,0.04369951795555284,-0.00033195,1.564833058983056,6.1718607294043455,-99.94032358757444,-0.21789562370390278,31.721934109665305,-0.04593960525765017,-73.0804035526567,0.14951036861664863,45.16497497730148,0.3196625855594684,76.49288141320304,-0.03635708494780777,-0.06351101072130469,-0.00037072,0.08732555711766934,0.00017264,1,1.0
4749,0.21625027039861797,0.09363417355701179,-0.00033195,1.564833058983056,6.1718607294043455,20.451310764836364,-0.21789562370390278,10.711150482284252,-0.04593960525765017,-46.982807682487184,0.14951036861664863,-15.53518318990709,0.3196625855594684,35.503625675212575,-0.03635708494780777,0.02958969695759904,-0.00037072,0.14796169994377373,0.00017264,0,1.0
4750,0.0002645540905960031,0.0354283328398635,-0.00033195,1.564833058983056,6.1718607294043455,0.7610973624287369,-0.21789562370390278,36.176148050922386,-0.04593960525765017,-90.28043889589966,0.14951036861664863,-1.5474490343507634,0.3196625855594684,16.8669453157901,-0.03635708494780777,-0.04620596869330387,-0.00037072,0.079238695197767,0.00017264,1,1.0
4751,5.385028553828164e-05,0.07009925314812854,-0.00033195,1.564833058983056,6.1718607294043455,13.554325985263592,-0.21789562370390278,49.080114651578285,-0.04593960525765017,-69.4099671207634,0.14951036861664863,2.0543797873913148,0.3196625855594684,-8.244940554157543,-0.03635708494780777,-0.09154521362522339,-0.00037072,0.10656193776348175,0.00017264,1,1.0
4752,0.2420308580638391,0.02377436491214161,-0.00033195,1.564833058983056,6.1718607294043455,-80.21266932813238,-0.21789562370390278,11.13771195532966,-0.04593960525765017,-51.66658886232578,0.14951036861664863,74.70459976086556,0.3196625855594684,65.60719351433792,-0.03635708494780777,-0.01494917099928796,-0.00037072,0.04638785924380927,0.00017264,1,1.0
4753,0.24159718824853132,0.029780182100088894,-0.00033195,1.564833058983056,6.1718607294043455,-91.51180435301318,-0.21789562370390278,37.93881020394091,-0.04593960525765017,-78.65368940309182,0.14951036861664863,-73.4466557045984,0.3196625855594684,73.74972569193962,-0.03635708494780777,-0.07609676596562746,-0.00037072,0.07606843868577852,0.00017264,1,1.0
4754,0.30119774732697796,0.044705687244926226,-0.00033195,1.564833058983056,6.1718607294043455,-69.66556379776901,-0.21789562370390278,10.185309619055463,-0.04593960525765017,-32.044596764093995,0.14951036861664863,73.0690263195849,0.3196625855594684,60.22106600276199,-0.03635708494780777,-0.0019347948556105443,-0.00037072,0.06513819107316945,0.00017264,1,1.0
4755,0.10225477893865711,0.0017135993916126244,-0.00033195,1.564833058983056,6.1718607294043455,-54.25047201118729,-0.21789562370390278,15.415893905591366,-0.04593960525765017,-58.86130938911722,0.14951036861664863,-65.43168705346415,0.3196625855594684,52.391372308026554,-0.03635708494780777,-0.025311584077372735,-0.00037072,0.02540421961178695,0.00017264,1,1.0
4756,0.20750876599634802,0.13520918167751758,-0.00033195,1.564833058983056,6.1718607294043455,71.88348739459512,-0.21789562370390278,60.633953378185296,-0.04593960525765017,-94.74650512345515,0.14951036861664863,90.13339552890571,0.3196625855594684,-5.987707947781728,-0.03635708494780777,0.035871011057198365,-0.00037072,0.19095989887735082,0.00017264,0,1.0
4757,0.10902491129623877,0.09204489103167927,-0.00033195,1.564833058983056,6.1718607294043455,36.66286822322147,-0.21789562370390278,20.961936202238594,-0.04593960525765017,-99.96095879997577,0.14951036861664863,22.8346810085877,0.3196625855594684,33.062568059401386,-0.03635708494780777,0.010218049732590911,-0.00037072,0.17054333308013192,0.00017264,0,1.0
4758,0.20552816641105207,0.026994746846570227,-0.00033195,1.564833058983056,6.1718607294043455,-63.2991284863805,-0.21789562370390278,4.5119709005457045,-0.04593960525765017,-47.51226996469034,0.14951036861664863,29.820306716266384,0.3196625855594684,62.63436983132964,-0.03635708494780777,0.01689245310186208,-0.00037072,0.028551400080231538,0.00017264,0,1.0
4759,0.06461222391734484,0.012830780876985557,-0.00033195,1.564833058983056,6.1718607294043455,-46.18679952707328,-0.21789562370390278,31.87385037129894,-0.04593960525765017,-91.94540572137997,0.14951036861664863,-91.6200098048077,0.3196625855594684,51.168089538486456,-0.03635708494780777,-0.05728896208752131,-0.00037072,0.057351607422326284,0.00017264,1,1.0
4760,0.221927846713188,0.03216668473887843,-0.00033195,1.564833058983056,6.1718607294043455,-57.17873862122267,-0.21789562370390278,13.633757457834419,-0.04593960525765017,-46.299143683133316,0.14951036861664863,78.30791683803469,0.3196625855594684,50.85219445650688,-0.03635708494780777,-0.004282759979053821,-0.00037072,0.05350671517905903,0.00017264,1,1.0
4761,0.14380542098410432,0.021840520745925456,-0.00033195,1.564833058983056,6.1718607294043455,-61.46612433510482,-0.21789562370390278,33.587680186465455,-0.04593960525765017,-80.24792671763886,0.14951036861664863,-32.50368077918225,0.3196625855594684,53.396024061681544,-0.03635708494780777,-0.06106192539314497,-0.00037072,0.06486583750121688,0.00017264,1,1.0
4762,0.07743283490848153,0.0037232828031802463,-0.00033195,1.564833058983056,6.1718607294043455,-48.075890913702885,-0.21789562370390278,-2.082101432178515,-0.04593960525765017,-35.04771894523729,0.14951036861664863,-37.499737057375604,0.3196625855594684,46.983823228389916,-0.03635708494780777,-0.021208547046352274,-0.00037072,0.02113917497239674,0.00017264,1,1.0
4763,0.15598467107307434,0.11287586658100898,-0.00033195,1.564833058983056,6.1718607294043455,-20.118238637892553,-0.21789562370390278,-13.604432696430761,-0.04593960525765017,-64.79832671337226,0.14951036861664863,74.34583293149865,0.3196625855594684,62.220869085037364,-0.03635708494780777,-0.02828745571618571,-0.00037072,0.15966359751277429,0.00017264,1,1.0
4764,0.034691317242617786,0.05820724292902576,-0.00033195,1.564833058983056,6.1718607294043455,33.576676286655974,-0.21789562370390278,32.259614270215664,-0.04593960525765017,-90.95121150071674,0.14951036861664863,-1.367330432044664,0.3196625855594684,13.792036756828967,-0.03635708494780777,-0.003951577124083928,-0.00037072,0.11497089556216705,0.00017264,1,1.0
4765,0.18371846500664263,0.009930003847948935,-0.00033195,1.564833058983056,6.1718607294043455,-73.24757474734764,-0.21789562370390278,-10.376401689002817,-0.04593960525765017,-6.130538619407454,0.14951036861664863,98.39411035031011,0.3196625855594684,48.55337113232059,-0.03635708494780777,-0.03910870389557048,-0.00037072,0.039237150397442196,0.00017264,1,1.0
4766,0.05768209864425092,0.03510947652927007,-0.00033195,1.564833058983056,6.1718607294043455,-7.952826473117038,-0.21789562370390278,11.93956427391221,-0.04593960525765017,-69.16984279670193,0.14951036861664863,-7.686349985556668,0.3196625855594684,35.43594844104637,-0.03635708494780777,-0.009129394685036284,-0.00037072,0.07467636011186146,0.00017264,1,1.0
4767,0.09259833788251624,0.0035651513957579276,-0.00033195,1.564833058983056,6.1718607294043455,-66.19915262806852,-0.21789562370390278,20.565729305456237,-0.04593960525765017,-92.80268390348527,0.14951036861664863,-83.87828675388917,0.3196625855594684,69.63080909238178,-0.03635708494780777,-0.03994649750241505,-0.00037072,0.039978440279188523,0.00017264,1,1.0
4768,0.19782037038836248,0.013393437453620902,-0.00033195,1.564833058983056,6.1718607294043455,-80.38828985497959,-0.21789562370390278,27.946303834835224,-0.04593960525765017,-69.71017261108551,0.14951036861664863,-63.746420418004476,0.3196625855594684,67.56694100471599,-0.03635708494780777,-0.05156934831446476,-0.00037072,0.0523090224180708,0.00017264,1,1.0
4769,0.00031112139255562443,0.07823010490066902,-0.00033195,1.564833058983056,6.1718607294043455,82.34715988088492,-0.21789562370390278,21.518713919678895,-0.04593960525765017,-65.79972310201981,0.14951036861664863,31.920456416967156,0.3196625855594684,-12.88830557816545,-0.03635708494780777,0.013128350941544673,-0.00037072,0.15035378862560206,0.00017264,0,1.0
4770,0.18623224714938577,0.0034691530607257274,-0.00033195,1.564833058983056,6.1718607294043455,-86.95954973960107,-0.21789562370390278,1.1213735630408024,-0.04593960525765017,-45.63942466032295,0.14951036861664863,24.91514107485754,0.3196625855594684,70.09231564431575,-0.03635708494780777,-0.011743395404520202,-0.00037072,0.01179031005912462,0.00017264,1,1.0
4771,2.043037014048954e-05,0.06473890389138143,-0.00033195,1.564833058983056,6.1718607294043455,51.87432786994343,-0.21789562370390278,33.09878475398774,-0.04593960525765017,-96.02768841461557,0.14951036861664863,34.41965683635487,0.3196625855594684,2.7751986917965032,-0.03635708494780777,-0.0008001929783062744,-0.00037072,0.12613627555375193,0.00017264,1,1.0
4772,0.005190326103213891,0.02722753668361925,-0.00033195,1.564833058983056,6.1718607294043455,-32.3120213670952,-0.21789562370390278,-17.674499512151886,-0.04593960525765017,-24.45831869169924,0.14951036861664863,-54.538464461102706,0.3196625855594684,41.703261643913095,-0.03635708494780777,-0.06582194373869789,-0.00037072,0.06566909792365751,0.00017264,1,1.0
4773,0.14351112898988197,0.0292896350345854,-0.00033195,1.564833058983056,6.1718607294043455,-77.52916704096468,-0.21789562370390278,-26.891743520167214,-0.04593960525765017,-10.296742616049139,0.14951036861664863,89.34930663550703,0.3196625855594684,61.02025199934807,-0.03635708494780777,-0.05864259914306737,-0.00037072,0.05856030672203402,0.00017264,1,1.0
4774,0.046474065172069104,0.0006320024829423539,-0.00033195,1.564833058983056,6.1718607294043455,-21.374726110950988,-0.21789562370390278,8.239678320975713,-0.04593960525765017,-22.588036604900957,0.14951036861664863,-79.54630611194546,0.3196625855594684,23.750653987085258,-0.03635708494780777,-0.016698564360970693,-0.00037072,0.01670362947626722,0.00017264,1,1.0
4775,0.07645403922092107,0.007925530964522632,-0.00033195,1.564833058983056,6.1718607294043455,-32.227380066239185,-0.21789562370390278,13.746893478680853,-0.04593960525765017,-34.066557242969616,0.14951036861664863,73.46415268699877,0.3196625855594684,19.748888337614115,-0.03635708494780777,-0.03970488686903342,-0.00037072,0.03973754945519607,0.00017264,1,1.0
4776,0.00488017296131063,0.0021864756470165296,-0.00033195,1.564833058983056,6.1718607294043455,-0.1605397527161734,-0.21789562370390278,10.978928083293454,-0.04593960525765017,-14.161894410813876,0.14951036861664863,-65.58991731465494,0.3196625855594684,4.460710975801151,-0.03635708494780777,-0.021145928546571532,-0.00037072,0.02115962130067301,0.00017264,1,1.0
4777,0.05964291061202566,0.0030552922922193228,-0.00033195,1.564833058983056,6.1718607294043455,-47.605576566272106,-0.21789562370390278,17.617219670590412,-0.04593960525765017,-74.97933110947437,0.14951036861664863,-76.64489274124286,0.3196625855594684,52.50506835433999,-0.03635708494780777,-0.03574886978782193,-0.00037072,0.03575928934027007,0.00017264,1,1.0
4778,0.03949030809720418,0.00012656745399050855,-0.00033195,1.564833058983056,6.1718607294043455,-41.11635334298739,-0.21789562370390278,4.296011900934954,-0.04593960525765017,-55.68323530154335,0.14951036861664863,77.22636436727923,0.3196625855594684,36.25791172382067,-0.03635708494780777,-0.004684777993202442,-0.00037072,0.004698282844094375,0.00017264,1,1.0
4779,0.021444177772545744,0.003516817017448565,-0.00033195,1.564833058983056,6.1718607294043455,-41.784108782746976,-0.21789562370390278,17.117661237065732,-0.04593960525765017,-86.40948769357165,0.14951036861664863,-23.43999224982453,0.3196625855594684,47.91825780751294,-0.03635708494780777,-0.036135987248365066,-0.00037072,0.03617640857254829,0.00017264,1,1.0
4780,0.0006090686096316134,0.04515042925248508,-0.00033195,1.564833058983056,6.1718607294043455,15.953538665969305,-0.21789562370390278,37.91070025729334,-0.04593960525765017,-38.26878497325243,0.14951036861664863,-24.244966278277342,0.3196625855594684,-13.685297525955065,-0.03635708494780777,-0.0766631263505981,-0.00037072,0.08321980186628544,0.00017264,1,1.0
4781,0.26632507015693696,0.05651657831385479,-0.00033195,1.564833058983056,6.1718607294043455,-45.531892765232655,-0.21789562370390278,6.689371947737079,-0.04593960525765017,-42.90461653806907,0.14951036861664863,26.654420327146575,0.3196625855594684,60.336842993821115,-0.03635708494780777,0.0349370158878272,-0.00037072,0.06435828757813386,0.00017264,0,1.0
4782,0.012657926081422952,0.0014700816478906598,-0.00033195,1.564833058983056,6.1718607294043455,-26.105086741338287,-0.21789562370390278,11.558388987013622,-0.04593960525765017,-56.0373886588325,0.14951036861664863,29.696475114828274,0.3196625855594684,26.584931507096776,-0.03635708494780777,-0.020084945310780436,-0.00037072,0.0200373864694479,0.00017264,1,1.0
4783,0.11912765991866997,0.040159295290839614,-0.00033195,1.564833058983056,6.1718607294043455,-20.31541705189267,-0.21789562370390278,35.67084009605301,-0.04593960525765017,-22.02849784819901,0.14951036861664863,-85.99556297183821,0.3196625855594684,10.640710089147062,-0.03635708494780777,-0.08125756638969345,-0.00037072,0.08109800428892788,0.00017264,1,1.0
4784,0.302439327029951,0.09722464508360226,-0.00033195,1.564833058983056,6.1718607294043455,-22.132325991266118,-0.21789562370390278,47.619232729146425,-0.04593960525765017,-61.33320335206804,0.14951036861664863,-6.684359495614173,0.3196625855594684,36.831481253758454,-0.03635708494780777,-0.020667991328020288,-0.00037072,0.13458995094611154,0.00017264,1,1.0
4785,0.00026075516666473203,0.043810210333642075,-0.00033195,1.564833058983056,6.1718607294043455,44.432059932111514,-0.21789562370390278,4.997363160458363,-0.04593960525765017,-27.805907309604528,0.14951036861664863,81.46997680608,0.3196625855594684,-10.849666247837213,-0.03635708494780777,0.015436442486263042,-0.00037072,0.07483070900923507,0.00017264,0,1.0
4786,0.1474725241904578,0.011110047457800271,-0.00033195,1.564833058983056,6.1718607294043455,-64.18362596020138,-0.21789562370390278,-15.029133396288476,-0.04593960525765017,-3.277107749689714,0.14951036861664863,43.37080677882827,0.3196625855594684,48.06438799483161,-0.03635708494780777,-0.03458107656231647,-0.00037072,0.03453725888009154,0.00017264,1,1.0
4787,0.0010325620642535893,0.03921187433797811,-0.00033195,1.564833058983056,6.1718607294043455,14.861844544050793,-0.21789562370390278,33.552141500536194,-0.04593960525765017,-79.75123056612046,0.14951036861664863,14.421814302705286,0.3196625855594684,7.883467592006409,-0.03635708494780777,-0.030850585741659293,-0.00037072,0.08097365753667357,0.00017264,1,1.0
4788,0.16665810828743632,0.0285695180585493,-0.00033195,1.564833058983056,6.1718607294043455,-48.8411753689746,-0.21789562370390278,21.15954906259863,-0.04593960525765017,-22.55766672587454,0.14951036861664863,72.15400474598982,0.3196625855594684,24.244190097596892,-0.03635708494780777,-0.07426764989425562,-0.00037072,0.07403363516407883,0.00017264,1,1.0
4789,0.180700388797768,0.010817750420793151,-0.00033195,1.564833058983056,6.1718607294043455,-59.35778665466992,-0.21789562370390278,7.260752433672513,-0.04593960525765017,-13.4807952412937,0.14951036861664863,53.101717981755904,0.3196625855594684,37.2258603092217,-0.03635708494780777,-0.04286690864344022,-0.00037072,0.04518217090229577,0.00017264,1,1.0
4790,0.31382766202982887,0.09980223539448457,-0.00033195,1.564833058983056,6.1718607294043455,1.9475755367886805,-0.21789562370390278,34.762640321439335,-0.04593960525765017,-92.66428304051117,0.14951036861664863,42.204052233661294,0.3196625855594684,52.349054963287834,-0.03635708494780777,0.06498532166816517,-0.00037072,0.14202579236820584,0.00017264,0,1.0
4791,0.0687964113519989,0.021299545552059963,-0.00033195,1.564833058983056,6.1718607294043455,-19.72978470362463,-0.21789562370390278,26.554048130360517,-0.04593960525765017,-58.78639559483567,0.14951036861664863,-17.682711934751808,0.3196625855594684,24.613038446030423,-0.03635708494780777,-0.03497255193527943,-0.00037072,0.05622570586128399,0.00017264,1,1.0
4792,0.13450279655655475,0.0017854563180686885,-0.00033195,1.564833058983056,6.1718607294043455,-84.3827955563613,-0.21789562370390278,16.317707273946297,-0.04593960525765017,-93.75078865194345,0.14951036861664863,-56.91159373938001,0.3196625855594684,82.06704784748527,-0.03635708494780777,-0.02930271515994231,-0.00037072,0.029282286420510922,0.00017264,1,1.0
4793,0.0550199287397288,0.06921520311698602,-0.00033195,1.564833058983056,6.1718607294043455,42.56565578151752,-0.21789562370390278,18.015354477240297,-0.04593960525765017,-73.1972689899344,0.14951036861664863,25.632933115996543,0.3196625855594684,13.387223068477883,-0.03635708494780777,0.009904239254934243,-0.00037072,0.13062826547623677,0.00017264,0,1.0
4794,0.027760328323405914,0.08406179341638488,-0.00033195,1.564833058983056,6.1718607294043455,93.7262313972287,-0.21789562370390278,37.731075742627304,-0.04593960525765017,-60.61042853236845,0.14951036861664863,56.41143434423673,0.3196625855594684,-30.68590244456634,-0.03635708494780777,0.028530709957286654,-0.00037072,0.13918575407311604,0.00017264,0,1.0
4795,0.00015252966975787263,0.01777019652822469,-0.00033195,1.564833058983056,6.1718607294043455,-1.2285732509059386,-0.21789562370390278,20.89131981150089,-0.04593960525765017,-61.747169103164616,0.14951036861664863,-44.24759555631969,0.3196625855594684,18.65377909372356,-0.03635708494780777,-0.02757262186192573,-0.00037072,0.05330753394083208,0.00017264,1,1.0
4796,0.0012777507151758571,0.05408568693145669,-0.00033195,1.564833058983056,6.1718607294043455,55.613042732746884,-0.21789562370390278,30.57827430467631,-0.04593960525765017,-31.39234728343301,0.14951036861664863,58.53448148771926,0.3196625855594684,-30.80627078892397,-0.03635708494780777,-0.012927885321163408,-0.00037072,0.08776813604480777,0.00017264,1,1.0
4797,0.1701949148764981,0.0018433344790543082,-0.00033195,1.564833058983056,6.1718607294043455,-99.62338092084781,-0.21789562370390278,6.9192253966107184,-0.04593960525765017,-85.70830527767367,0.14951036861664863,34.92835137933806,0.3196625855594684,87.05940747875533,-0.03635708494780777,-0.005204945643054053,-0.00037072,0.0052042463891640136,0.00017264,1,1.0
4798,0.0007861781752814823,0.03239131392641518,-0.00033195,1.564833058983056,6.1718607294043455,12.38016671775993,-0.21789562370390278,24.139915845350178,-0.04593960525765017,-76.53938597775685,0.14951036861664863,64.45430964280325,0.3196625855594684,10.369977256124134,-0.03635708494780777,-0.010160672776823011,-0.00037072,0.06657955988276479,0.00017264,1,1.0
4799,0.20032901416937007,0.003807792279993703,-0.00033195,1.564833058983056,6.1718607294043455,-92.74122095883324,-0.21789562370390278,8.30140311851684,-0.04593960525765017,-59.30289176716188,0.14951036861664863,40.389532251497236,0.3196625855594684,73.58155201379299,-0.03635708494780777,-0.021540141079260396,-0.00037072,0.021944645895842767,0.00017264,1,1.0
4800,-0.013235309540771178,2.937692669253348,-0.00033195,1.0583465787219872,2.4015336450381217,34.72496118922112,-0.21789562370390278,6.432965783041974,-0.04593960525765017,-54.730692105499166,0.14951036861664863,52.96738433740482,0.3196625855594684,-4.731359403173471,-0.03635708494780777,1.092005755584268,-0.00037072,5.264547674584485,0.00017264,0,1.0
4801,2.933597196155188,4.248285680738551,-0.00033195,1.0583465787219872,2.4015336450381217,-30.78056002985998,-0.21789562370390278,11.263120834762699,-0.04593960525765017,-49.622617437823905,0.14951036861664863,-21.238241280253824,0.3196625855594684,77.18008249776422,-0.03635708494780777,0.24145873639309212,-0.00037072,2.1177062596410647,0.00017264,0,1.0
4802,0.33301921790557465,0.355340204623903,-0.00033195,1.0583465787219872,2.4015336450381217,34.66092593243275,-0.21789562370390278,35.079703799339576,-0.04593960525765017,-97.36953222396498,0.14951036861664863,21.204626467047106,0.3196625855594684,15.45165849222139,-0.03635708494780777,0.5869827993807499,-0.00037072,5.390469125843971,0.00017264,0,1.0
4803,1.8579355783616058,1.2042253806538468,-0.00033195,1.0583465787219872,2.4015336450381217,4.597850406225995,-0.21789562370390278,29.41175437695715,-0.04593960525765017,-52.533065907495285,0.14951036861664863,-31.032989029508233,0.3196625855594684,36.987296657166866,-0.03635708494780777,0.27373369559478444,-0.00037072,3.2846257423119933,0.00017264,0,1.0
4804,-0.4599881882226604,1.5809085358261719,-0.00033195,1.0583465787219872,2.4015336450381217,36.02193882199706,-0.21789562370390278,16.37718970289752,-0.04593960525765017,-48.661674087142885,0.14951036861664863,66.22407248237319,0.3196625855594684,-24.33269704246515,-0.03635708494780777,2.594618125921333,-0.00037072,3.317084580792153,0.00017264,0,1.0
4805,1.7365428834813794,15.986641062328328,-0.00033195,1.0583465787219872,2.4015336450381217,-64.61614170512826,-0.21789562370390278,-0.6251398858135564,-0.04593960525765017,-28.33603682512478,0.14951036861664863,-87.73529867031431,0.3196625855594684,100.0,-0.03635708494780777,-6.181607809587808,-0.00037072,-0.5812108465929233,0.00017264,1,1.0
4806,-0.29574462800041523,1.2598478393983465,-0.00033195,1.0583465787219872,2.4015336450381217,93.79501582610747,-0.21789562370390278,40.58739031517208,-0.04593960525765017,-40.69608886999741,0.14951036861664863,-12.936552209864972,0.3196625855594684,-59.476244954215055,-0.03635708494780777,2.3831237285076083,-0.00037072,7.201033200029943,0.00017264,0,1.0
4807,0.3080494315378095,0.21030702538405735,-0.00033195,1.0583465787219872,2.4015336450381217,63.70949092521559,-0.21789562370390278,32.18299174452494,-0.04593960525765017,-7.208666201899441,0.14951036861664863,-63.48748458718257,0.3196625855594684,-37.405537572632966,-0.03635708494780777,0.275090293602525,-0.00037072,5.047195771498704,0.00017264,0,1.0
4808,-0.42314918024696485,1.6027942757228397,-0.00033195,1.0583465787219872,2.4015336450381217,28.788001895106856,-0.21789562370390278,-0.2382797722008825,-0.04593960525765017,-1.2014739660489928,0.14951036861664863,48.853802174142245,0.3196625855594684,-34.487545686682225,-0.03635708494780777,0.892184630839693,-0.00037072,3.3734853185487097,0.00017264,0,1.0
4809,-1.1020563287722775,3.0463344917092265,-0.00033195,1.0583465787219872,2.4015336450381217,79.81256322132253,-0.21789562370390278,29.696812283618005,-0.04593960525765017,-83.95953590766273,0.14951036861664863,83.06488031125807,0.3196625855594684,-48.2849596963121,-0.03635708494780777,3.60738024199095,-0.00037072,6.7284767503867995,0.00017264,0,1.0
4810,-0.12909386893295904,6.496365521542291,-0.00033195,1.0583465787219872,2.4015336450381217,33.83427461970641,-0.21789562370390278,-16.63909326122368,-0.04593960525765017,-10.344681413830104,0.14951036861664863,79.21210018898353,0.3196625855594684,-25.74830862869985,-0.03635708494780777,0.34561361964487824,-0.00037072,6.513392000851182,0.00017264,0,1.0
4811,2.283145065307544,2.260500188076115,-0.00033195,1.0583465787219872,2.4015336450381217,-20.815278631316886,-0.21789562370390278,16.074167807670666,-0.04593960525765017,-31.82484707838852,0.14951036861664863,-34.47780759562007,0.3196625855594684,53.413237197998285,-0.03635708494780777,-0.01371016657877644,-0.00037072,1.4070698928836742,0.00017264,1,1.0
4812,0.6320344506379889,1.270503094937532,-0.00033195,1.0583465787219872,2.4015336450381217,-45.402115155443326,-0.21789562370390278,-1.5870437933651171,-0.04593960525765017,-82.76510899832795,0.14951036861664863,81.79363969386146,0.3196625855594684,67.73849473052744,-0.03635708494780777,-0.6077920862624591,-0.00037072,0.5848448334560072,0.00017264,1,1.0
4813,0.32119913491839513,5.083233219397345,-0.00033195,1.0583465787219872,2.4015336450381217,61.91319287961659,-0.21789562370390278,50.59873158064237,-0.04593960525765017,-18.33916564304971,0.14951036861664863,-44.996758015258685,0.3196625855594684,-46.81884787507935,-0.03635708494780777,0.47528739483374594,-0.00037072,5.318064116580257,0.00017264,0,1.0
4814,1.6181260244705242,4.970274372810747,-0.00033195,1.0583465787219872,2.4015336450381217,20.28195319322133,-0.21789562370390278,46.24899035829763,-0.04593960525765017,-48.22003076450788,0.14951036861664863,-23.565839307435013,0.3196625855594684,8.187569541974018,-0.03635708494780777,0.2923941656641946,-0.00037072,4.6566329645019415,0.00017264,0,1.0
4815,3.19223673218523,3.218128461520356,-0.00033195,1.0583465787219872,2.4015336450381217,-0.6338622562392948,-0.21789562370390278,49.462023818790286,-0.04593960525765017,-98.55237366925736,0.14951036861664863,-44.30848894169051,0.3196625855594684,72.66997000486901,-0.03635708494780777,0.2616071401986164,-0.00037072,5.293742512477646,0.00017264,0,1.0
4816,2.2240956245905292,1.813226261376765,-0.00033195,1.0583465787219872,2.4015336450381217,18.014714618386087,-0.21789562370390278,49.63294010456141,-0.04593960525765017,-86.47326842862245,0.14951036861664863,-39.170174335552964,0.3196625855594684,42.51173353262091,-0.03635708494780777,0.2759197260798101,-0.00037072,5.40298896004783,0.00017264,0,1.0
4817,1.0382925784374804,0.637642768449611,-0.00033195,1.0583465787219872,2.4015336450381217,21.044234140806765,-0.21789562370390278,28.37604540076381,-0.04593960525765017,-32.95870164005281,0.14951036861664863,-32.2293675817802,0.3196625855594684,7.1988912096463205,-0.03635708494780777,0.292774051791012,-0.00037072,3.169969321526076,0.00017264,0,1.0
4818,0.954370848469932,0.48893313560742313,-0.00033195,1.0583465787219872,2.4015336450381217,64.53550906916941,-0.21789562370390278,55.293631536524394,-0.04593960525765017,-79.244407953539,0.14951036861664863,-48.088684915017666,0.3196625855594684,-4.6538512077589385,-0.03635708494780777,0.26534197443249496,-0.00037072,7.522327717814494,0.00017264,0,1.0
4819,1.028073001102085,2.3071835488056625,-0.00033195,1.0583465787219872,2.4015336450381217,-47.19160693593788,-0.21789562370390278,-5.519562548816611,-0.04593960525765017,-59.58563758178229,0.14951036861664863,51.269196428736336,0.3196625855594684,68.31542547543455,-0.03635708494780777,-0.8986851579632658,-0.00037072,0.21551012527225294,0.00017264,1,1.0
4820,-0.005527471513064874,0.7522846345660992,-0.00033195,1.0583465787219872,2.4015336450381217,87.35380790882127,-0.21789562370390278,41.15808147481301,-0.04593960525765017,-17.60323863551623,0.14951036861664863,-45.77887596301885,0.3196625855594684,-59.42015901005267,-0.03635708494780777,1.7166473381699907,-0.00037072,6.317811134668038,0.00017264,0,1.0
4821,1.2670275330130816,5.9346548091018745,-0.00033195,1.0583465787219872,2.4015336450381217,-78.73933106611526,-0.21789562370390278,-7.266725757646676,-0.04593960525765017,-69.45142144227442,0.14951036861664863,73.25543117225087,0.3196625855594684,92.0002148800253,-0.03635708494780777,-3.0778160690342014,-0.00037072,0.23912111691717142,0.00017264,1,1.0
4822,2.6905612290698757,2.6029090198902116,-0.00033195,1.0583465787219872,2.4015336450381217,-48.07295330520943,-0.21789562370390278,14.893730100884476,-0.04593960525765017,-59.430093964080704,0.14951036861664863,-18.518090454122966,0.3196625855594684,89.0000896479671,-0.03635708494780777,-0.7755745016593938,-0.00037072,0.7724784497438661,0.00017264,1,1.0
4823,-0.008262715662413544,0.27390066218208725,-0.00033195,1.0583465787219872,2.4015336450381217,27.890057180628162,-0.21789562370390278,26.616440697281888,-0.04593960525765017,-79.19071098619727,0.14951036861664863,47.11922278439358,0.3196625855594684,3.2753651905808088,-0.03635708494780777,1.7468210020298853,-0.00037072,3.636008642541081,0.00017264,0,1.0
4824,1.629529947061592,0.9718802810035567,-0.00033195,1.0583465787219872,2.4015336450381217,-42.130907679532115,-0.21789562370390278,10.639547373470949,-0.04593960525765017,-71.17095436160551,0.14951036861664863,20.78051103358143,0.3196625855594684,75.43698461974769,-0.03635708494780777,-0.4849524755122779,-0.00037072,0.4803643237106017,0.00017264,1,1.0
4825,0.5246785449095664,0.13502540207206348,-0.00033195,1.0583465787219872,2.4015336450381217,-6.888414385637858,-0.21789562370390278,8.225091788315854,-0.04593960525765017,-34.85459749416553,0.14951036861664863,15.762789978333059,0.3196625855594684,22.147141262117824,-0.03635708494780777,0.36133278922522116,-0.00037072,0.8041085196819242,0.00017264,0,1.0
4826,2.204464957771787,6.854346050989982,-0.00033195,1.0583465787219872,2.4015336450381217,-83.62498848385461,-0.21789562370390278,-11.857325086317656,-0.04593960525765017,-45.08908055258397,0.14951036861664863,40.83399193352282,0.3196625855594684,99.69868869118619,-0.03635708494780777,-2.9609039559996706,-0.00037072,0.21435868406100078,0.00017264,1,1.0
4827,0.32537436792707664,3.9191529225828785,-0.00033195,1.0583465787219872,2.4015336450381217,-43.313332570736776,-0.21789562370390278,-13.654704845472814,-0.04593960525765017,-29.59436950220896,0.14951036861664863,54.43119955781665,0.3196625855594684,44.353557117975384,-0.03635708494780777,-2.051925526405582,-0.00037072,0.23451374410682146,0.00017264,1,1.0
4828,1.795335600053532,9.00646561642247,-0.00033195,1.0583465787219872,2.4015336450381217,-83.75289257488562,-0.21789562370390278,-25.806477439949365,-0.04593960525765017,-11.712632262518888,0.14951036861664863,39.52393381875195,0.3196625855594684,84.02274458295499,-0.03635708494780777,-4.084474399822126,-0.00037072,0.23561601783753883,0.00017264,1,1.0
4829,-1.942848582657855,35.26985195757039,-0.00033195,1.0583465787219872,2.4015336450381217,-21.390922302051504,-0.21789562370390278,27.662411220008583,-0.04593960525765017,-69.55339772820017,0.14951036861664863,17.68552564375815,0.3196625855594684,17.402746707347738,-0.03635708494780777,-6.474435171086238,-0.00037072,0.76467030836025,0.00017264,1,1.0
4830,0.0006616145559591446,0.009453166954299532,-0.00033195,1.0583465787219872,2.4015336450381217,0.8087836389319134,-0.21789562370390278,5.778726985365749,-0.04593960525765017,-27.12595621564152,0.14951036861664863,21.172914538730108,0.3196625855594684,7.593518363166246,-0.03635708494780777,0.40868844227314505,-0.00037072,0.661758752506948,0.00017264,0,1.0
4831,0.03738382793812267,2.1788678211163797,-0.00033195,1.0583465787219872,2.4015336450381217,36.067692899144866,-0.21789562370390278,40.145454228117224,-0.04593960525765017,-57.66754922828713,0.14951036861664863,11.972987156960361,0.3196625855594684,-15.512377587916273,-0.03635708494780777,0.622511108287886,-0.00037072,4.1689998468635245,0.00017264,0,1.0
4832,2.624711114460375,2.470204774272929,-0.00033195,1.0583465787219872,2.4015336450381217,-39.84321895955144,-0.21789562370390278,12.903068664389332,-0.04593960525765017,-38.78988470681323,0.14951036861664863,-35.29701259959645,0.3196625855594684,75.56727174569208,-0.03635708494780777,-0.7215295896382549,-0.00037072,0.7292023888375588,0.00017264,1,1.0
4833,1.6502168346272454,1.1807153374406878,-0.00033195,1.0583465787219872,2.4015336450381217,-56.61194142157101,-0.21789562370390278,4.3790374725628585,-0.04593960525765017,-89.68988788056677,0.14951036861664863,57.718510423075344,0.3196625855594684,91.19208298113864,-0.03635708494780777,-0.2660338635947062,-0.00037072,0.2627064260602477,0.00017264,1,1.0
4834,3.397979616115729,7.56342887342183,-0.00033195,1.0583465787219872,2.4015336450381217,56.70312872292109,-0.21789562370390278,52.984993595585436,-0.04593960525765017,-39.8289071143787,0.14951036861664863,-100.0,0.3196625855594684,12.532926040175127,-0.03635708494780777,2.095224119737281,-0.00037072,7.856195253322266,0.00017264,0,1.0
4835,-0.6073350226656884,2.3644489290244324,-0.00033195,1.0583465787219872,2.4015336450381217,74.08226306047523,-0.21789562370390278,37.30071447250049,-0.04593960525765017,-59.65612211486552,0.14951036861664863,43.619177616373804,0.3196625855594684,-50.71413670493036,-0.03635708494780777,3.6560374142501932,-0.00037072,5.338178002357068,0.00017264,0,1.0
4836,1.105583807489983,8.185281221352593,-0.00033195,1.0583465787219872,2.4015336450381217,-85.89182554396191,-0.21789562370390278,-17.920869611965916,-0.04593960525765017,-47.01831545667018,0.14951036861664863,75.69592811369778,0.3196625855594684,86.9208004882602,-0.03635708494780777,-4.229651045798622,-0.00037072,0.22698262749553288,0.00017264,1,1.0
4837,3.124085239875627,3.245460474115498,-0.00033195,1.0583465787219872,2.4015336450381217,-35.031268401270616,-0.21789562370390278,11.711685364363428,-0.04593960525765017,-7.123948395590583,0.14951036861664863,-72.08752919017887,0.3196625855594684,67.12607710882797,-0.03635708494780777,-0.6829616517319036,-0.00037072,0.6841900955940469,0.00017264,1,1.0
4838,2.5720563251240236,2.081481269168786,-0.00033195,1.0583465787219872,2.4015336450381217,-49.37714666975784,-0.21789562370390278,12.20890795022525,-0.04593960525765017,-61.124254355145865,0.14951036861664863,-8.679406700491604,0.3196625855594684,89.01983123220488,-0.03635708494780777,-0.5627149512712126,-0.00037072,0.564707624583922,0.00017264,1,1.0
4839,-2.0208612343944274,10.0095558986207,-0.00033195,1.0583465787219872,2.4015336450381217,34.34147078294546,-0.21789562370390278,14.797506433811082,-0.04593960525765017,-34.206112988873635,0.14951036861664863,27.608312989781325,0.3196625855594684,-35.44232484757069,-0.03635708494780777,-0.9655260731526647,-0.00037072,1.6863472418208512,0.00017264,1,1.0
4840,-0.8009651165349729,2.345340121878467,-0.00033195,1.0583465787219872,2.4015336450381217,86.53679895156989,-0.21789562370390278,40.453654162652796,-0.04593960525765017,-95.06281333579439,0.14951036861664863,61.48512857953767,0.3196625855594684,-43.95575027473104,-0.03635708494780777,3.356065037331358,-0.00037072,7.575358904065046,0.00017264,0,1.0
4841,0.18413512296751788,0.009088422132845657,-0.00033195,1.0583465787219872,2.4015336450381217,2.7264884694932623,-0.21789562370390278,23.003192080331345,-0.04593960525765017,-85.4583678173358,0.14951036861664863,41.718042433612936,0.3196625855594684,29.02070480321455,-0.03635708494780777,0.3014646251165862,-0.00037072,2.4882825637998796,0.00017264,0,1.0
4842,0.6598461210163995,1.3809703601255707,-0.00033195,1.0583465787219872,2.4015336450381217,-22.831880375430995,-0.21789562370390278,-5.697394053606223,-0.04593960525765017,-16.694297698174424,0.14951036861664863,22.486744151588756,0.3196625855594684,29.257833345083764,-0.03635708494780777,-0.6980104905012723,-0.00037072,0.565061287171966,0.00017264,1,1.0
4843,-0.2424796741657338,1.2993756247914736,-0.00033195,1.0583465787219872,2.4015336450381217,63.104086647714745,-0.21789562370390278,36.22463125434085,-0.04593960525765017,-80.83732302502058,0.14951036861664863,47.61595348078662,0.3196625855594684,-26.760989721288325,-0.03635708494780777,3.066457366426463,-0.00037072,5.792655127705582,0.00017264,0,1.0
4844,3.7543757064080676,16.693594337373963,-0.00033195,1.0583465787219872,2.4015336450381217,-25.020673398530867,-0.21789562370390278,15.096159793165592,-0.04593960525765017,-26.259947240512126,0.14951036861664863,36.08016140673004,0.3196625855594684,47.067268390926344,-0.03635708494780777,0.2603556925047483,-0.00037072,6.5511073348399345,0.00017264,0,1.0
4845,-3.8741839320784885,42.74513197538769,-0.00033195,1.0583465787219872,2.4015336450381217,13.51818434122105,-0.21789562370390278,18.849100830285522,-0.04593960525765017,-22.904218917488432,0.14951036861664863,24.214051246217384,0.3196625855594684,-48.832628559086004,-0.03635708494780777,-6.381747689510773,-0.00037072,0.41392369593962997,0.00017264,1,1.0
4846,2.184047551579321,5.329985542139434,-0.00033195,1.0583465787219872,2.4015336450381217,40.49229810411722,-0.21789562370390278,37.65160453666333,-0.04593960525765017,-76.20949759807742,0.14951036861664863,-12.87476107234363,0.3196625855594684,22.37991863461785,-0.03635708494780777,2.3670843546981346,-0.00037072,6.830809658249295,0.00017264,0,1.0
4847,-0.8612811325207299,2.3708666346546208,-0.00033195,1.0583465787219872,2.4015336450381217,80.94960377029732,-0.21789562370390278,28.912051370066756,-0.04593960525765017,-45.679495555770146,0.14951036861664863,41.414492148260905,0.3196625855594684,-60.13184478867465,-0.03635708494780777,3.389929233910119,-0.00037072,5.711830872591269,0.00017264,0,1.0
4848,-0.678437331441758,22.542610571824643,-0.00033195,1.0583465787219872,2.4015336450381217,-46.57472162268596,-0.21789562370390278,-13.289001583477802,-0.04593960525765017,-70.1037117268098,0.14951036861664863,10.147834863273749,0.3196625855594684,76.04586170586194,-0.03635708494780777,-6.038327281831837,-0.00037072,0.2539346443419461,0.00017264,1,1.0
4849,-0.824275221206644,4.8656996637503696,-0.00033195,1.0583465787219872,2.4015336450381217,-0.7676269530941742,-0.21789562370390278,-9.204217304589724,-0.04593960525765017,-34.20968853868694,0.14951036861664863,89.31597427422501,0.3196625855594684,-2.610000087166183,-0.03635708494780777,-0.4353253213913165,-0.00037072,2.321328822567241,0.00017264,1,1.0
4850,2.1669442100413914,5.648204567793321,-0.00033195,1.0583465787219872,2.4015336450381217,-6.553970333362598,-0.21789562370390278,18.585267267828367,-0.04593960525765017,-15.143632466257083,0.14951036861664863,1.9613269175776842,0.3196625855594684,20.488540178175672,-0.03635708494780777,0.29039938886135075,-0.00037072,3.738115124640811,0.00017264,0,1.0
4851,0.6102775705644232,0.18494590626044358,-0.00033195,1.0583465787219872,2.4015336450381217,35.89399096930438,-0.21789562370390278,37.74159661445642,-0.04593960525765017,-72.15956893148879,0.14951036861664863,-12.292945979754645,0.3196625855594684,7.881335316159786,-0.03635708494780777,0.27230254684794986,-0.00037072,4.94798232923863,0.00017264,0,1.0
4852,3.758674478184427,7.827549932991767,-0.00033195,1.0583465787219872,2.4015336450381217,-73.85314156243759,-0.21789562370390278,-5.446250494371042,-0.04593960525765017,-2.933363034879775,0.14951036861664863,-41.791999055044265,0.3196625855594684,98.21042838988281,-0.03635708494780777,-1.8652986294664946,-0.00037072,0.08001100890417012,0.00017264,1,1.0
4853,-1.3403928782720367,7.4926169957771585,-0.00033195,1.0583465787219872,2.4015336450381217,-18.615488446322026,-0.21789562370390278,-19.316381758529246,-0.04593960525765017,-16.284879213032287,0.14951036861664863,76.85426234000438,0.3196625855594684,2.4895869472181857,-0.03635708494780777,-2.1450606761329865,-0.00037072,0.32230635592065404,0.00017264,1,1.0
4854,-1.1845462143776224,5.65035257275685,-0.00033195,1.0583465787219872,2.4015336450381217,99.88041911567959,-0.21789562370390278,49.35585981554488,-0.04593960525765017,-42.41209683501442,0.14951036861664863,26.256028257729106,0.3196625855594684,-87.3208556114986,-0.03635708494780777,3.480922532130025,-0.00037072,6.3083866509044455,0.00017264,0,1.0
4855,2.7520042056387424,2.7632149963024895,-0.00033195,1.0583465787219872,2.4015336450381217,3.358539449715227,-0.21789562370390278,49.03010053337756,-0.04593960525765017,-88.53455832530548,0.14951036861664863,-38.98669611562093,0.3196625855594684,58.29999348799322,-0.03635708494780777,0.2829124585276772,-0.00037072,4.898927534805814,0.00017264,0,1.0
4856,-0.0028209947860680096,2.3428891935236402,-0.00033195,1.0583465787219872,2.4015336450381217,32.321365679739706,-0.21789562370390278,15.268956586678616,-0.04593960525765017,-83.27983718378277,0.14951036861664863,54.34338933299156,0.3196625855594684,9.236009869805939,-0.03635708494780777,0.8978106579055498,-0.00037072,5.406140223795816,0.00017264,0,1.0
4857,-0.251735117834305,1.0954352748344833,-0.00033195,1.0583465787219872,2.4015336450381217,89.99312891032967,-0.21789562370390278,38.871966493805466,-0.04593960525765017,-37.6970802979358,0.14951036861664863,-16.159080600165037,0.3196625855594684,-56.58172135533793,-0.03635708494780777,2.1611769942285686,-0.00037072,6.950449186309736,0.00017264,0,1.0
4858,-0.18292330897514386,1.166117584343137,-0.00033195,1.0583465787219872,2.4015336450381217,61.58665868790544,-0.21789562370390278,31.670885649753533,-0.04593960525765017,-51.84613273659194,0.14951036861664863,25.409786115373727,0.3196625855594684,-35.169592306447385,-0.03635708494780777,2.811458772218426,-0.00037072,4.963689479550398,0.00017264,0,1.0
4859,2.3618412754351183,1.8377796843491043,-0.00033195,1.0583465787219872,2.4015336450381217,13.893365357969722,-0.21789562370390278,48.960126475815805,-0.04593960525765017,-96.0083119964099,0.14951036861664863,-33.87957359209256,0.3196625855594684,51.70345483627448,-0.03635708494780777,0.278053324076287,-0.00037072,5.512104798423072,0.00017264,0,1.0
4860,-0.0018011255763901168,0.286836971687249,-0.00033195,1.0583465787219872,2.4015336450381217,12.83514643228071,-0.21789562370390278,16.80851540070462,-0.04593960525765017,-63.06405503486044,0.14951036861664863,54.910098850581974,0.3196625855594684,6.809589465409425,-0.03635708494780777,1.8121950262140454,-0.00037072,2.1159182600797637,0.00017264,0,1.0
4861,2.4906577959041445,2.861329576302019,-0.00033195,1.0583465787219872,2.4015336450381217,-40.10571073161689,-0.21789562370390278,23.058270203161356,-0.04593960525765017,-87.17450915886215,0.14951036861664863,31.40599186961254,0.3196625855594684,81.04605111679176,-0.03635708494780777,0.2642138059867949,-0.00037072,2.2774221127233254,0.00017264,0,1.0
4862,-0.8082603839754083,3.4083515482220696,-0.00033195,1.0583465787219872,2.4015336450381217,41.684383665284614,-0.21789562370390278,26.034153048392916,-0.04593960525765017,-69.37277677016174,0.14951036861664863,99.37544966257336,0.3196625855594684,-33.28642603573747,-0.03635708494780777,2.3735609908993034,-0.00037072,4.782431704230362,0.00017264,0,1.0
4863,2.421441124330402,18.460909286677012,-0.00033195,1.0583465787219872,2.4015336450381217,39.06613374418092,-0.21789562370390278,13.700563171173197,-0.04593960525765017,-84.92644447377842,0.14951036861664863,5.757860972672668,0.3196625855594684,42.92100074666373,-0.03635708494780777,0.311923012753895,-0.00037072,10.220169318942936,0.00017264,0,1.0
4864,2.534870503472936,2.344520045175755,-0.00033195,1.0583465787219872,2.4015336450381217,48.55655510014045,-0.21789562370390278,64.62618682624132,-0.04593960525765017,-98.57035804471444,0.14951036861664863,-71.9372606808839,0.3196625855594684,32.766153912945015,-0.03635708494780777,0.262713062958313,-0.00037072,8.304214433138874,0.00017264,0,1.0
4865,0.584118015177114,0.18233367964021782,-0.00033195,1.0583465787219872,2.4015336450381217,9.801886646440439,-0.21789562370390278,13.324370087313634,-0.04593960525765017,-20.630284583278005,0.14951036861664863,-11.857487788630388,0.3196625855594684,6.834181578633061,-0.03635708494780777,0.3004444711558777,-0.00037072,1.6932311154393838,0.00017264,0,1.0
4866,1.3983589628176236,9.045510524634766,-0.00033195,1.0583465787219872,2.4015336450381217,-29.36118646519742,-0.21789562370390278,13.821848334919324,-0.04593960525765017,-8.212327381254305,0.14951036861664863,-89.6616925164826,0.3196625855594684,51.79997867592252,-0.03635708494780777,-4.166049979191272,-0.00037072,0.3575939662552985,0.00017264,1,1.0
4867,0.023060951783667072,0.026859432163759002,-0.00033195,1.0583465787219872,2.4015336450381217,-15.729649726279439,-0.21789562370390278,14.474526949022312,-0.04593960525765017,-96.38733293019683,0.14951036861664863,74.69611220769627,0.3196625855594684,43.247565395805694,-0.03635708494780777,0.4291498108594206,-0.00037072,1.316701231944041,0.00017264,0,1.0
4868,0.569171612006476,3.105023759324812,-0.00033195,1.0583465787219872,2.4015336450381217,82.45972111198894,-0.21789562370390278,23.271018322345935,-0.04593960525765017,-7.526700797520015,0.14951036861664863,-60.97841899609664,0.3196625855594684,-40.98676574921192,-0.03635708494780777,0.33324687524063057,-0.00037072,7.879620986909353,0.00017264,0,1.0
4869,2.0985661015688666,1.3545439094347604,-0.00033195,1.0583465787219872,2.4015336450381217,-42.113894706819174,-0.21789562370390278,9.695309693595165,-0.04593960525765017,-53.831915536664425,0.14951036861664863,-2.3932361618402576,0.3196625855594684,75.29769070675354,-0.03635708494780777,-0.42124941662967613,-0.00037072,0.4266437805333357,0.00017264,1,1.0
4870,2.7243910051722695,2.284309452581731,-0.00033195,1.0583465787219872,2.4015336450381217,-13.519908903916562,-0.21789562370390278,38.727827991860835,-0.04593960525765017,-93.60367281939503,0.14951036861664863,-18.419177376976517,0.3196625855594684,73.55103645249339,-0.03635708494780777,0.27079457281944075,-0.00037072,3.831283995194981,0.00017264,0,1.0
4871,-0.7085777546399417,2.1882726867691726,-0.00033195,1.0583465787219872,2.4015336450381217,64.11712567863354,-0.21789562370390278,20.51027662746224,-0.04593960525765017,-35.41222192637888,0.14951036861664863,48.493673280485204,0.3196625855594684,-51.039452736165096,-0.03635708494780777,3.265496962056409,-0.00037072,4.503743467921912,0.00017264,0,1.0
4872,-0.0697468162551349,3.1568570756000653,-0.00033195,1.0583465787219872,2.4015336450381217,64.80050763283292,-0.21789562370390278,35.335657137316524,-0.04593960525765017,-3.172804169838958,0.14951036861664863,-18.1600964692322,0.3196625855594684,-58.987528494658804,-0.03635708494780777,1.9469725785256276,-0.00037072,4.36341793996073,0.00017264,0,1.0
4873,0.9960772628296968,0.3671532191295013,-0.00033195,1.0583465787219872,2.4015336450381217,28.86111782410089,-0.21789562370390278,42.08543602919059,-0.04593960525765017,-89.4734244559023,0.14951036861664863,-8.830783770310742,0.3196625855594684,23.324863080041656,-0.03635708494780777,0.26457446513249083,-0.00037072,5.2242993900498185,0.00017264,0,1.0
4874,-0.0865584253854137,6.417695236876821,-0.00033195,1.0583465787219872,2.4015336450381217,73.7334333128128,-0.21789562370390278,21.01884864052152,-0.04593960525765017,-86.22379404876345,0.14951036861664863,46.03984741605964,0.3196625855594684,-17.29981417665314,-0.03635708494780777,1.290337356682512,-0.00037072,9.231365440926638,0.00017264,0,1.0
4875,0.42280068271056126,0.06316652407476789,-0.00033195,1.0583465787219872,2.4015336450381217,6.858252796279286,-0.21789562370390278,23.517297123849243,-0.04593960525765017,-72.74767463533473,0.14951036861664863,22.980286160535158,0.3196625855594684,25.00393706213044,-0.03635708494780777,0.2830475086056403,-0.00037072,2.6788308878061002,0.00017264,0,1.0
4876,2.0686490494482026,4.052173368092849,-0.00033195,1.0583465787219872,2.4015336450381217,-59.19065396319575,-0.21789562370390278,-6.478729811049954,-0.04593960525765017,-34.93392668057843,0.14951036861664863,17.97979917339235,0.3196625855594684,78.9205554586776,-0.03635708494780777,-1.4636507120668845,-0.00037072,0.21808183981149953,0.00017264,1,1.0
4877,0.9053046002289031,0.35553458087598566,-0.00033195,1.0583465787219872,2.4015336450381217,26.191038977529725,-0.21789562370390278,33.312017147301326,-0.04593960525765017,-58.79096821592938,0.14951036861664863,-19.530543925500062,0.3196625855594684,12.918277082338033,-0.03635708494780777,0.266624554346206,-0.00037072,4.141888702484868,0.00017264,0,1.0
4878,0.004028900318560957,1.5520793620089628,-0.00033195,1.0583465787219872,2.4015336450381217,50.41113416003061,-0.21789562370390278,42.896580038871754,-0.04593960525765017,-45.98712357600583,0.14951036861664863,-18.310922295607444,0.3196625855594684,-26.131648480259425,-0.03635708494780777,0.460317841339811,-0.00037072,4.62355035662891,0.00017264,0,1.0
4879,2.591776574034979,2.493820599363999,-0.00033195,1.0583465787219872,2.4015336450381217,22.673604030027818,-0.21789562370390278,40.891011719726244,-0.04593960525765017,-41.34497027984448,0.14951036861664863,-78.55232942900429,0.3196625855594684,30.03997390326685,-0.03635708494780777,0.2618444972217797,-0.00037072,4.963392033629239,0.00017264,0,1.0
4880,2.1617098412060876,3.2704595481371914,-0.00033195,1.0583465787219872,2.4015336450381217,-33.79198190785022,-0.21789562370390278,10.852811448538006,-0.04593960525765017,-89.45768151229369,0.14951036861664863,31.97952679058299,0.3196625855594684,83.99367859162624,-0.03635708494780777,0.3114951814462996,-0.00037072,2.372699246016775,0.00017264,0,1.0
4881,0.0025674626679221824,0.04827777729104744,-0.00033195,1.0583465787219872,2.4015336450381217,6.155839998450446,-0.21789562370390278,14.026398917546814,-0.04593960525765017,-56.733254003958564,0.14951036861664863,40.18771989139141,0.3196625855594684,12.860997972254223,-0.03635708494780777,0.8847577915661127,-0.00037072,1.694698305815515,0.00017264,0,1.0
4882,3.8460115380977595,7.56192502699557,-0.00033195,1.0583465787219872,2.4015336450381217,-37.813265105513274,-0.21789562370390278,33.21685474681514,-0.04593960525765017,-74.48306496649013,0.14951036861664863,-53.237064740783005,0.3196625855594684,99.90532367521207,-0.03635708494780777,-0.49424621720040696,-0.00037072,2.8229373996705465,0.00017264,1,1.0
4883,-1.619963921802504,3.896235750384841,-0.00033195,1.0583465787219872,2.4015336450381217,78.28139014167861,-0.21789562370390278,8.47238209243183,-0.04593960525765017,-7.096031486094595,0.14951036861664863,72.13221570585725,0.3196625855594684,-85.17830308115329,-0.03635708494780777,2.8508275173751922,-0.00037072,5.3394080495808875,0.00017264,0,1.0
4884,0.14837923797485586,0.013242238176095173,-0.00033195,1.0583465787219872,2.4015336450381217,-1.479584460160298,-0.21789562370390278,12.8061410159815,-0.04593960525765017,-53.24728241678508,0.14951036861664863,30.7440503496397,0.3196625855594684,20.144678965469716,-0.03635708494780777,0.31635993856981903,-0.00037072,1.3266206965583187,0.00017264,0,1.0
4885,-0.9279354442030696,2.471191040833561,-0.00033195,1.0583465787219872,2.4015336450381217,47.57897897074767,-0.21789562370390278,12.73691458189889,-0.04593960525765017,-34.279993178749294,0.14951036861664863,73.07651194847271,0.3196625855594684,-44.76836136207669,-0.03635708494780777,2.475582296561347,-0.00037072,3.9202461905584434,0.00017264,0,1.0
4886,-0.08371411464122502,4.932121569796945,-0.00033195,1.0583465787219872,2.4015336450381217,29.224154066437485,-0.21789562370390278,27.212983890073485,-0.04593960525765017,-45.25709051666894,0.14951036861664863,75.9347052789848,0.3196625855594684,-29.166522401257712,-0.03635708494780777,0.7508053376621966,-0.00037072,5.464958930686862,0.00017264,0,1.0
4887,2.5867780571893926,2.2860086178148658,-0.00033195,1.0583465787219872,2.4015336450381217,-20.18176785260465,-0.21789562370390278,17.836663310107237,-0.04593960525765017,-33.2375551270715,0.14951036861664863,-38.32040454963904,0.3196625855594684,56.569393699376604,-0.03635708494780777,0.2857642270180055,-0.00037072,1.6926888434295786,0.00017264,0,1.0
4888,1.3750853327218655,2.4950717202218757,-0.00033195,1.0583465787219872,2.4015336450381217,56.459504600135745,-0.21789562370390278,28.9761617065677,-0.04593960525765017,-26.365479406571836,0.14951036861664863,-64.60822890826105,0.3196625855594684,-7.7668327091333085,-0.03635708494780777,0.26222492665212016,-0.00037072,6.692271375018606,0.00017264,0,1.0
4889,1.273454944812984,0.9582726362703977,-0.00033195,1.0583465787219872,2.4015336450381217,-36.59094955812958,-0.21789562370390278,0.2552635048658025,-0.04593960525765017,-44.52427606509674,0.14951036861664863,27.30004095422327,0.3196625855594684,56.492309169255485,-0.03635708494780777,-0.3472281260271832,-0.00037072,0.3299160757984011,0.00017264,1,1.0
4890,0.0016554912732238414,0.03476291333316687,-0.00033195,1.0583465787219872,2.4015336450381217,54.98761197944146,-0.21789562370390278,34.384323461270164,-0.04593960525765017,-48.263757006610525,0.14951036861664863,-22.269196782192598,0.3196625855594684,-20.437991415172696,-0.03635708494780777,0.31623807566422135,-0.00037072,5.2207623589931895,0.00017264,0,1.0
4891,3.3603709374697157,3.6007771393279366,-0.00033195,1.0583465787219872,2.4015336450381217,-28.03791606095982,-0.21789562370390278,29.176633453589037,-0.04593960525765017,-69.8460375227206,0.14951036861664863,-35.994597857039665,0.3196625855594684,84.30243461571386,-0.03635708494780777,0.2653952800607182,-0.00037072,2.782617671025994,0.00017264,0,1.0
4892,-0.3441838184249808,29.812727053235562,-0.00033195,1.0583465787219872,2.4015336450381217,39.691915498444715,-0.21789562370390278,51.763652727926626,-0.04593960525765017,-43.925857345075414,0.14951036861664863,-46.47630292400611,0.3196625855594684,-22.422243010467763,-0.03635708494780777,-2.5263872542654524,-0.00037072,4.448274524826058,0.00017264,1,1.0
4893,2.929913800623196,2.553548774853764,-0.00033195,1.0583465787219872,2.4015336450381217,-54.867626104467455,-0.21789562370390278,12.117325360925603,-0.04593960525765017,-62.038604280751215,0.14951036861664863,-12.383335350635326,0.3196625855594684,97.44932235808363,-0.03635708494780777,-0.4911541083063603,-0.00037072,0.5117205060243769,0.00017264,1,1.0
4894,2.365920153475783,1.9399157578134842,-0.00033195,1.0583465787219872,2.4015336450381217,5.730170831062778,-0.21789562370390278,34.55192645759518,-0.04593960525765017,-60.50321008591783,0.14951036861664863,-43.70269337237548,0.3196625855594684,46.12962377517482,-0.03635708494780777,0.2637853496201832,-0.00037072,4.066563028079197,0.00017264,0,1.0
4895,-1.513889408135243,3.7059254284658754,-0.00033195,1.0583465787219872,2.4015336450381217,78.68170816671966,-0.21789562370390278,11.233208532344001,-0.04593960525765017,-12.262261767459828,0.14951036861664863,68.48695608443367,0.3196625855594684,-81.95654480816633,-0.03635708494780777,3.081108505088416,-0.00037072,5.263746880152446,0.00017264,0,1.0
4896,-0.5485070937194405,1.7605478902123917,-0.00033195,1.0583465787219872,2.4015336450381217,96.26011982021217,-0.21789562370390278,37.36235024403883,-0.04593960525765017,-34.163400980352755,0.14951036861664863,-3.330739294233679,0.3196625855594684,-68.07272256785453,-0.03635708494780777,2.7553174797037445,-0.00037072,6.904610047753762,0.00017264,0,1.0
4897,-0.09903237735085413,0.8697594775461058,-0.00033195,1.0583465787219872,2.4015336450381217,21.999622501036256,-0.21789562370390278,3.2421605729930767,-0.04593960525765017,-6.230884531701779,0.14951036861664863,34.70582358891654,0.3196625855594684,-22.445019367869588,-0.03635708494780777,0.9973533590009714,-0.00037072,2.6647316640878023,0.00017264,0,1.0
4898,0.11342171279341118,0.024004015943852482,-0.00033195,1.0583465787219872,2.4015336450381217,17.1039886665803,-0.21789562370390278,15.514227090754861,-0.04593960525765017,-32.63900853687311,0.14951036861664863,1.9938333109665343,0.3196625855594684,0.5305808098464424,-0.03635708494780777,0.2866006697730834,-0.00037072,2.122084523928751,0.00017264,0,1.0
4899,-0.9581127757598531,3.9961636275415477,-0.00033195,1.0583465787219872,2.4015336450381217,11.035840720500085,-0.21789562370390278,-6.67343747114871,-0.04593960525765017,-20.334330848249976,0.14951036861664863,79.29209399497324,0.3196625855594684,-19.462690747221746,-0.03635708494780777,-0.14916187143777182,-0.00037072,2.5820363631858285,0.00017264,1,1.0
4900,2.5193730518829787,1.8028769407910081,-0.00033195,1.533404924095422,2.6690625682759963,-0.14068889089330455,-0.21789562370390278,29.842508357511523,-0.04593960525765017,-72.02103082014557,0.14951036861664863,-69.10724147154843,0.3196625855594684,75.90847043014114,-0.03635708494780777,0.2934669283246808,-0.00037072,1.6941926385094566,0.00017264,0,1.0
4901,2.0129581277148834,6.674200423605374,-0.00033195,1.533404924095422,2.6690625682759963,57.421366288807825,-0.21789562370390278,3.2384573212051913,-0.04593960525765017,-22.139331788712646,0.14951036861664863,10.211855657868112,0.3196625855594684,10.744241255492373,-0.03635708494780777,0.965416613624466,-0.00037072,4.22416640702291,0.00017264,0,1.0
4902,0.6934528567362457,0.2552586491252946,-0.00033195,1.533404924095422,2.6690625682759963,29.047493532513183,-0.21789562370390278,26.858294505317268,-0.04593960525765017,-80.14398393691691,0.14951036861664863,1.0440439068852556,0.3196625855594684,24.869160531339848,-0.03635708494780777,0.30416022938436993,-0.00037072,1.4976266839161998,0.00017264,0,1.0
4903,2.8910542521519886,4.726550116881222,-0.00033195,1.533404924095422,2.6690625682759963,23.855590197897772,-0.21789562370390278,49.07650336110207,-0.04593960525765017,-66.46139655811498,0.14951036861664863,-96.55366431697394,0.3196625855594684,50.62898500642375,-0.03635708494780777,0.19822659885719274,-0.00037072,2.7489696144755835,0.00017264,0,1.0
4904,2.8729760195435334,2.3575183937706967,-0.00033195,1.533404924095422,2.6690625682759963,1.29026198083643,-0.21789562370390278,31.529097175777817,-0.04593960525765017,-62.604541560905005,0.14951036861664863,-92.95080474432822,0.3196625855594684,77.97078783513427,-0.03635708494780777,0.2927084745376036,-0.00037072,1.7850869696113443,0.00017264,0,1.0
4905,-0.002671270214944954,0.1382916527898163,-0.00033195,1.533404924095422,2.6690625682759963,44.670050000075484,-0.21789562370390278,18.959125300018087,-0.04593960525765017,-50.32296955180929,0.14951036861664863,17.48963785880384,0.3196625855594684,-10.978246033295093,-0.03635708494780777,0.6116977222835112,-0.00037072,1.1785182488921682,0.00017264,0,1.0
4906,0.018859741302807764,0.3030435383049168,-0.00033195,1.533404924095422,2.6690625682759963,80.39114577467473,-0.21789562370390278,11.59084700963961,-0.04593960525765017,-20.44406797976467,0.14951036861664863,-19.48786843448062,0.3196625855594684,-31.907258448153442,-0.03635708494780777,0.2883507909353462,-0.00037072,1.9613032637361136,0.00017264,0,1.0
4907,1.010038216647318,0.5713128011619416,-0.00033195,1.533404924095422,2.6690625682759963,-52.944413406921946,-0.21789562370390278,-1.5574111704211275,-0.04593960525765017,-47.093599495994184,0.14951036861664863,23.57509573134074,0.3196625855594684,71.5377498556294,-0.03635708494780777,-0.2812985169024237,-0.00037072,0.27854973257178184,0.00017264,1,1.0
4908,1.8100232871318755,1.1323871151422948,-0.00033195,1.533404924095422,2.6690625682759963,34.987721637110006,-0.21789562370390278,23.584400919544827,-0.04593960525765017,-19.930114652440956,0.14951036861664863,-91.92726747927337,0.3196625855594684,22.592238580296137,-0.03635708494780777,0.2985868259618455,-0.00037072,1.5217623113635148,0.00017264,0,1.0
4909,1.4104911896337866,0.6345057423043692,-0.00033195,1.533404924095422,2.6690625682759963,9.448693158834397,-0.21789562370390278,21.55548300843658,-0.04593960525765017,-62.26530755241149,0.14951036861664863,-27.55280661805926,0.3196625855594684,45.62372070924409,-0.03635708494780777,0.3170033355524101,-0.00037072,1.2904302994097576,0.00017264,0,1.0
4910,-1.2828606151693145,8.488984312910537,-0.00033195,1.533404924095422,2.6690625682759963,-54.05353330301362,-0.21789562370390278,-32.40047291990383,-0.04593960525765017,-12.051905193215102,0.14951036861664863,100.0,0.3196625855594684,26.62488091804643,-0.03635708494780777,-2.014222515564411,-0.00037072,0.23560164214074764,0.00017264,1,1.0
4911,0.44567836588071635,3.838798534757819,-0.00033195,1.533404924095422,2.6690625682759963,-71.07641263940543,-0.21789562370390278,-0.2747426096683324,-0.04593960525765017,-10.339602520560918,0.14951036861664863,29.205912273546495,0.3196625855594684,41.418767076753845,-0.03635708494780777,-1.623307528955146,-0.00037072,0.5523572606304691,0.00017264,1,1.0
4912,2.226623837075384,3.191810496045985,-0.00033195,1.533404924095422,2.6690625682759963,-35.544691342913595,-0.21789562370390278,17.760276090143375,-0.04593960525765017,-55.87537849046067,0.14951036861664863,16.946905298094563,0.3196625855594684,66.55676446375196,-0.03635708494780777,0.2733245647089325,-0.00037072,2.1816011716521606,0.00017264,0,1.0
4913,-0.09740418806401979,1.6762409941979592,-0.00033195,1.533404924095422,2.6690625682759963,-6.352024749589456,-0.21789562370390278,-5.143025938531492,-0.04593960525765017,-20.82112198655844,0.14951036861664863,78.88878030083204,0.3196625855594684,1.092305131215015,-0.03635708494780777,-0.1773994626255354,-0.00037072,1.563246584471825,0.00017264,1,1.0
4914,-0.002992427083901461,0.3232392628573334,-0.00033195,1.533404924095422,2.6690625682759963,68.24582874029127,-0.21789562370390278,9.566844541276339,-0.04593960525765017,-13.904747441333885,0.14951036861664863,7.6275372043073775,0.3196625855594684,-36.5231621359445,-0.03635708494780777,0.8688285271975915,-0.00037072,1.6336586142798741,0.00017264,0,1.0
4915,1.326842679312239,1.2247888487010443,-0.00033195,1.533404924095422,2.6690625682759963,-21.334245309496023,-0.21789562370390278,6.240208913160949,-0.04593960525765017,-69.85752374888493,0.14951036861664863,29.65637117074596,0.3196625855594684,66.94295044183507,-0.03635708494780777,0.3004401674927356,-0.00037072,1.3309473843157522,0.00017264,0,1.0
4916,0.6799061913785733,0.2608607766522012,-0.00033195,1.533404924095422,2.6690625682759963,-51.34448214743133,-0.21789562370390278,-1.4206616726890196,-0.04593960525765017,-42.65951082831916,0.14951036861664863,40.23649338596115,0.3196625855594684,57.73767255842151,-0.03635708494780777,-0.22067769874013882,-0.00037072,0.20860050413031106,0.00017264,1,1.0
4917,0.780243426267123,2.8655870801866192,-0.00033195,1.533404924095422,2.6690625682759963,81.87301327210807,-0.21789562370390278,53.704426412716124,-0.04593960525765017,-93.18756932927442,0.14951036861664863,-14.63360542933756,0.3196625855594684,-16.85538958894974,-0.03635708494780777,0.27587340716819275,-0.00037072,3.2636188841463465,0.00017264,0,1.0
4918,1.482885660299707,1.1604982797660153,-0.00033195,1.533404924095422,2.6690625682759963,18.928455883065773,-0.21789562370390278,10.091445139663074,-0.04593960525765017,-16.627667068574212,0.14951036861664863,-49.24856509264493,0.3196625855594684,26.874952843547224,-0.03635708494780777,0.3151846752612677,-0.00037072,1.3892118732487877,0.00017264,0,1.0
4919,0.5937471347724873,0.2852268757046059,-0.00033195,1.533404924095422,2.6690625682759963,3.4743895257683595,-0.21789562370390278,5.580565824411084,-0.04593960525765017,-14.04482806374921,0.14951036861664863,-11.15500228382582,0.3196625855594684,14.166901807004816,-0.03635708494780777,0.2801672058582442,-0.00037072,0.4395982875795743,0.00017264,0,1.0
4920,1.744141672923571,6.368512678112316,-0.00033195,1.533404924095422,2.6690625682759963,33.885110879188915,-0.21789562370390278,50.949710702075805,-0.04593960525765017,-88.31711783804373,0.14951036861664863,-75.42155895486137,0.3196625855594684,37.529600836064695,-0.03635708494780777,-0.6677357540904019,-0.00037072,2.567931557598234,0.00017264,1,1.0
4921,1.1972917171497053,7.3111809993934,-0.00033195,1.533404924095422,2.6690625682759963,52.23667906477968,-0.21789562370390278,-12.3342799363922,-0.04593960525765017,-30.197292754781188,0.14951036861664863,82.81097714270773,0.3196625855594684,5.1421387934990905,-0.03635708494780777,0.27930773133307474,-0.00037072,5.044858248226285,0.00017264,0,1.0
4922,2.049351231541619,3.0407019996232503,-0.00033195,1.533404924095422,2.6690625682759963,-81.87794041639482,-0.21789562370390278,8.374251410496601,-0.04593960525765017,-6.088069366111834,0.14951036861664863,-65.23350476359637,0.3196625855594684,83.41428119266132,-0.03635708494780777,-1.3742272134639024,-0.00037072,0.19985689921758598,0.00017264,1,1.0
4923,0.458257850384173,0.1063910736856521,-0.00033195,1.533404924095422,2.6690625682759963,58.09864370596655,-0.21789562370390278,29.23620187776139,-0.04593960525765017,-89.84066199671983,0.14951036861664863,-3.3964125762940887,0.3196625855594684,12.966471688765186,-0.03635708494780777,0.2862852326426353,-0.00037072,1.9819250394189738,0.00017264,0,1.0
4924,1.2789630053163092,0.684055997936396,-0.00033195,1.533404924095422,2.6690625682759963,-38.370345551169265,-0.21789562370390278,14.118588152799026,-0.04593960525765017,-81.1338931511182,0.14951036861664863,12.563396122175675,0.3196625855594684,78.91828463005089,-0.03635708494780777,-0.08824970854869535,-0.00037072,0.6497209251892269,0.00017264,1,1.0
4925,-0.07994184219961165,11.325081694662396,-0.00033195,1.533404924095422,2.6690625682759963,-29.926396735937526,-0.21789562370390278,30.091915624224487,-0.04593960525765017,-69.21725320124912,0.14951036861664863,-1.8064884292175887,0.3196625855594684,31.642959624546634,-0.03635708494780777,-2.6016044802663654,-0.00037072,1.2525949594589665,0.00017264,1,1.0
4926,0.007879679797164307,0.22806854297080395,-0.00033195,1.533404924095422,2.6690625682759963,35.60400362472401,-0.21789562370390278,12.560599948972266,-0.04593960525765017,-28.33595278677189,0.14951036861664863,23.281791550323128,0.3196625855594684,-17.21827814690053,-0.03635708494780777,0.5683830273619552,-0.00037072,1.1627105864585916,0.00017264,0,1.0
4927,-0.34879773069375175,1.430894426032042,-0.00033195,1.533404924095422,2.6690625682759963,54.4339680525103,-0.21789562370390278,0.5511194911496066,-0.04593960525765017,-6.926093234446963,0.14951036861664863,80.5104102604772,0.3196625855594684,-50.18798679129098,-0.03635708494780777,0.445511059336851,-0.00037072,2.8144034692669173,0.00017264,0,1.0
4928,0.006481274079886523,0.6822665557014941,-0.00033195,1.533404924095422,2.6690625682759963,77.67242879781128,-0.21789562370390278,13.604878193604254,-0.04593960525765017,-64.14798203150175,0.14951036861664863,39.961219157358684,0.3196625855594684,-16.839053842839913,-0.03635708494780777,0.8356570316178195,-0.00037072,2.4858161534473457,0.00017264,0,1.0
4929,2.0843210787220086,4.510529217515344,-0.00033195,1.533404924095422,2.6690625682759963,87.23257943605935,-0.21789562370390278,20.827097921188905,-0.04593960525765017,-63.66827626309522,0.14951036861664863,-64.72371957802989,0.3196625855594684,29.35210189127145,-0.03635708494780777,0.2868165897989272,-0.00037072,4.057306798355419,0.00017264,0,1.0
4930,0.24690498929412452,0.08191915493899438,-0.00033195,1.533404924095422,2.6690625682759963,41.642851903315574,-0.21789562370390278,12.243641488465132,-0.04593960525765017,-16.0691868104461,0.14951036861664863,-21.61041513733672,0.3196625855594684,-12.939273888473677,-0.03635708494780777,0.34321178716410655,-0.00037072,0.932573328350041,0.00017264,0,1.0
4931,0.0011196651451834683,0.020683748164332473,-0.00033195,1.533404924095422,2.6690625682759963,68.58613903718812,-0.21789562370390278,21.682626432071647,-0.04593960525765017,-51.384213132423476,0.14951036861664863,-10.783044429473856,0.3196625855594684,-17.077503793939258,-0.03635708494780777,0.29895525803009193,-0.00037072,1.6278246534559098,0.00017264,0,1.0
4932,2.529202583377222,3.6380999097040516,-0.00033195,1.533404924095422,2.6690625682759963,-9.139166302472436,-0.21789562370390278,5.740055817718338,-0.04593960525765017,-25.562346413651188,0.14951036861664863,-47.956001706999004,0.3196625855594684,67.29096993524573,-0.03635708494780777,0.2855216482275167,-0.00037072,2.006273858016423,0.00017264,0,1.0
4933,0.5671687458777619,1.725645021939197,-0.00033195,1.533404924095422,2.6690625682759963,95.26030024501516,-0.21789562370390278,42.337059448021954,-0.04593960525765017,-36.52893338482158,0.14951036861664863,-60.36702143271277,0.3196625855594684,-43.289475532844705,-0.03635708494780777,0.29923895945153256,-0.00037072,2.511632413144092,0.00017264,0,1.0
4934,1.9148392044385434,1.2459490772803614,-0.00033195,1.533404924095422,2.6690625682759963,6.215328234368107,-0.21789562370390278,19.39738173554468,-0.04593960525765017,-22.72339588215243,0.14951036861664863,-74.64713765252253,0.3196625855594684,40.40149836507881,-0.03635708494780777,0.2723869809357922,-0.00037072,1.0979172947512676,0.00017264,0,1.0
4935,2.2643330212959274,3.290806518141724,-0.00033195,1.533404924095422,2.6690625682759963,47.52229892980373,-0.21789562370390278,12.450357852350118,-0.04593960525765017,-4.898770444312254,0.14951036861664863,-96.59944922828159,0.3196625855594684,25.818216794518943,-0.03635708494780777,0.2625526306711383,-0.00037072,2.554636171936762,0.00017264,0,1.0
4936,-0.01584869982617021,0.8815102675671727,-0.00033195,1.533404924095422,2.6690625682759963,49.919615310798946,-0.21789562370390278,3.555973497220137,-0.04593960525765017,-14.746711203441862,0.14951036861664863,63.18973355259134,0.3196625855594684,-35.803995720801865,-0.03635708494780777,0.6204766628177649,-0.00037072,2.5483397605897,0.00017264,0,1.0
4937,0.9005446290667116,0.45792413775544805,-0.00033195,1.533404924095422,2.6690625682759963,51.681099623744174,-0.21789562370390278,21.549582776235855,-0.04593960525765017,-11.242842521211479,0.14951036861664863,-67.26996148120922,0.3196625855594684,-9.988634111221005,-0.03635708494780777,0.30910569236409813,-0.00037072,1.322122325175226,0.00017264,0,1.0
4938,-0.004959025950885598,0.5333665724732319,-0.00033195,1.533404924095422,2.6690625682759963,79.84798185760208,-0.21789562370390278,17.221914912287577,-0.04593960525765017,-52.48978115477974,0.14951036861664863,40.781622129876915,0.3196625855594684,-31.35275956764314,-0.03635708494780777,1.4126810674611205,-0.00037072,2.1093536161707758,0.00017264,0,1.0
4939,1.857327196344907,6.202741157839066,-0.00033195,1.533404924095422,2.6690625682759963,25.69148343058384,-0.21789562370390278,4.903806187941534,-0.04593960525765017,-88.26417076838679,0.14951036861664863,78.16470181739065,0.3196625855594684,53.07278077007778,-0.03635708494780777,0.9431396134870691,-0.00037072,4.159185707042964,0.00017264,0,1.0
4940,0.39786673877749945,0.09258829211634026,-0.00033195,1.533404924095422,2.6690625682759963,22.25616157586076,-0.21789562370390278,15.127662560348767,-0.04593960525765017,-50.23405325411068,0.14951036861664863,4.933060360704227,0.3196625855594684,13.82517230302834,-0.03635708494780777,0.3388925316613068,-0.00037072,0.9580882364547065,0.00017264,0,1.0
4941,0.010755235879492897,1.1023176836646118,-0.00033195,1.533404924095422,2.6690625682759963,68.86202069871129,-0.21789562370390278,8.543742206126755,-0.04593960525765017,-67.28075102601888,0.14951036861664863,63.77023556479435,0.3196625855594684,-10.926860781050332,-0.03635708494780777,0.7764747824246626,-0.00037072,2.765710142499799,0.00017264,0,1.0
4942,0.2769139522514128,0.14099618929661167,-0.00033195,1.533404924095422,2.6690625682759963,85.5336001989978,-0.21789562370390278,32.980790495316676,-0.04593960525765017,-65.19769667120822,0.14951036861664863,-32.91698230068665,0.3196625855594684,-17.855623570822186,-0.03635708494780777,0.2858960617032731,-0.00037072,2.1174975901451525,0.00017264,0,1.0
4943,2.143432247146519,2.0120732326182162,-0.00033195,1.533404924095422,2.6690625682759963,11.819258726966934,-0.21789562370390278,14.560390880623547,-0.04593960525765017,-31.329478591059544,0.14951036861664863,-67.2347344749865,0.3196625855594684,50.965952553376546,-0.03635708494780777,0.28490699455503643,-0.00037072,1.6973568605301024,0.00017264,0,1.0
4944,-0.008354647204892984,0.8267672208439116,-0.00033195,1.533404924095422,2.6690625682759963,52.8416103322175,-0.21789562370390278,16.60476668780685,-0.04593960525765017,-62.40064358573912,0.14951036861664863,82.5131141083768,0.3196625855594684,-21.674001526616475,-0.03635708494780777,1.0531175433014113,-0.00037072,2.5065923397371352,0.00017264,0,1.0
4945,0.013864804114211982,0.07590474719341905,-0.00033195,1.533404924095422,2.6690625682759963,19.415022409626054,-0.21789562370390278,11.181083060262477,-0.04593960525765017,-69.85478374239653,0.14951036861664863,49.482836484024176,0.3196625855594684,16.502786261380308,-0.03635708494780777,0.5199203381504924,-0.00037072,1.0076234768071894,0.00017264,0,1.0
4946,1.1897854060331783,0.6349390152251395,-0.00033195,1.533404924095422,2.6690625682759963,-37.48799180503718,-0.21789562370390278,14.156034351075311,-0.04593960525765017,-82.84462616131589,0.14951036861664863,16.832863798347173,0.3196625855594684,77.2376073216717,-0.03635708494780777,-0.09679647475367492,-0.00037072,0.6442700661378338,0.00017264,1,1.0
4947,0.7374334275351173,0.26904795545193416,-0.00033195,1.533404924095422,2.6690625682759963,48.35034958125662,-0.21789562370390278,20.700826768445435,-0.04593960525765017,-33.10786069301802,0.14951036861664863,-42.63612978880858,0.3196625855594684,-0.1291634909690636,-0.03635708494780777,0.30272512828523623,-0.00037072,1.4077800976121204,0.00017264,0,1.0
4948,0.07854308564766088,0.043734421823969,-0.00033195,1.533404924095422,2.6690625682759963,12.626663914758048,-0.21789562370390278,8.042220504078081,-0.04593960525765017,-35.84201056823796,0.14951036861664863,25.75823737846664,0.3196625855594684,5.3954916405445115,-0.03635708494780777,0.4608360481624271,-0.00037072,0.5584189633150765,0.00017264,0,1.0
4949,0.029886411374195815,2.4068092893468505,-0.00033195,1.533404924095422,2.6690625682759963,38.59983595325668,-0.21789562370390278,1.5867634265239192,-0.04593960525765017,-43.53262205667436,0.14951036861664863,26.709644951315116,0.3196625855594684,4.917659448869937,-0.03635708494780777,-0.1896261425355552,-0.00037072,1.9102421493298454,0.00017264,1,1.0
4950,0.000410729156650691,0.13636074928878802,-0.00033195,1.533404924095422,2.6690625682759963,-1.7122412855541098,-0.21789562370390278,5.270120850855327,-0.04593960525765017,-59.24568150967737,0.14951036861664863,79.1759776213567,0.3196625855594684,17.148612666269372,-0.03635708494780777,0.32949446587828596,-0.00037072,1.2099303670336659,0.00017264,0,1.0
4951,0.19765933562425597,2.3271549316652695,-0.00033195,1.533404924095422,2.6690625682759963,-87.48472833292665,-0.21789562370390278,-18.20455747040413,-0.04593960525765017,-10.925802549344704,0.14951036861664863,73.07296150650087,0.3196625855594684,54.78108157619977,-0.03635708494780777,-1.3406953195037548,-0.00037072,0.21671495265222385,0.00017264,1,1.0
4952,-1.0454195350807667,3.276421737792326,-0.00033195,1.533404924095422,2.6690625682759963,52.54985285249274,-0.21789562370390278,14.895873882328726,-0.04593960525765017,-39.02920761668792,0.14951036861664863,80.2160541161468,0.3196625855594684,-51.55221459456352,-0.03635708494780777,0.11456166427962267,-0.00037072,1.9234253577203702,0.00017264,0,1.0
4953,0.0021957888393266956,0.6945667243622287,-0.00033195,1.533404924095422,2.6690625682759963,72.71713025969962,-0.21789562370390278,16.370575237319983,-0.04593960525765017,-89.23987924368167,0.14951036861664863,58.89127531484321,0.3196625855594684,-4.022895180625273,-0.03635708494780777,0.9023991481746069,-0.00037072,2.5641278038487916,0.00017264,0,1.0
4954,0.019771662820998584,0.5943684525685999,-0.00033195,1.533404924095422,2.6690625682759963,-15.508822211937987,-0.21789562370390278,-1.4185943371949232,-0.04593960525765017,-47.180701745969806,0.14951036861664863,75.67560748232447,0.3196625855594684,23.870601530413335,-0.03635708494780777,0.032452879883406616,-0.00037072,0.9956278791660343,0.00017264,0,1.0
4955,0.9416946234733684,0.4092044846811687,-0.00033195,1.533404924095422,2.6690625682759963,16.036541436234383,-0.21789562370390278,22.429428361065753,-0.04593960525765017,-60.30663092188127,0.14951036861664863,-10.504778647150946,0.3196625855594684,28.269329704439965,-0.03635708494780777,0.3230087554363658,-0.00037072,1.2294354095005837,0.00017264,0,1.0
4956,1.3500340265368345,3.330987728903395,-0.00033195,1.533404924095422,2.6690625682759963,-53.79614188613903,-0.21789562370390278,5.1480897684336675,-0.04593960525765017,-2.558072089267454,0.14951036861664863,-79.15475698646092,0.3196625855594684,64.48224109898108,-0.03635708494780777,-1.5773181384032453,-0.00037072,-0.08355833110050981,0.00017264,1,1.0
4957,-0.008781155353512426,0.779019317117797,-0.00033195,1.533404924095422,2.6690625682759963,80.7327881788311,-0.21789562370390278,15.028836917480938,-0.04593960525765017,-39.41735744641471,0.14951036861664863,46.85299908739539,0.3196625855594684,-40.92886044325255,-0.03635708494780777,1.370202967609787,-0.00037072,2.3967431943617603,0.00017264,0,1.0
4958,-0.25000274415269663,2.2675450209529564,-0.00033195,1.533404924095422,2.6690625682759963,31.740711069384055,-0.21789562370390278,-8.640146943570624,-0.04593960525765017,-11.551669300601986,0.14951036861664863,95.02727643948778,0.3196625855594684,-27.480626363277075,-0.03635708494780777,0.10235363412629872,-0.00037072,2.7669330226085656,0.00017264,0,1.0
4959,-0.037955043566338165,0.7969123489708972,-0.00033195,1.533404924095422,2.6690625682759963,-44.984972410874455,-0.21789562370390278,-9.246550083790488,-0.04593960525765017,-34.462728893684904,0.14951036861664863,78.85036457479868,0.3196625855594684,36.16558218640245,-0.03635708494780777,-0.5426644821046632,-0.00037072,0.5667621365061432,0.00017264,1,1.0
4960,0.6910447470682176,0.2660106183865596,-0.00033195,1.533404924095422,2.6690625682759963,-56.08723065907189,-0.21789562370390278,3.9487147479392815,-0.04593960525765017,-87.0820971040545,0.14951036861664863,62.55176001683473,0.3196625855594684,81.33553317376854,-0.03635708494780777,-0.05575469894735631,-0.00037072,0.19314863015403083,0.00017264,1,1.0
4961,-3.312818462286593e-05,0.17286575143096208,-0.00033195,1.533404924095422,2.6690625682759963,65.6791808566464,-0.21789562370390278,22.69150632897835,-0.04593960525765017,-78.08853231361003,0.14951036861664863,37.76926432559431,0.3196625855594684,-10.376821786778935,-0.03635708494780777,1.149119753860709,-0.00037072,1.7014578792921837,0.00017264,0,1.0
4962,0.022396422556674067,3.898810779023642,-0.00033195,1.533404924095422,2.6690625682759963,23.23181128146287,-0.21789562370390278,-11.660264906159524,-0.04593960525765017,-37.39393997395983,0.14951036861664863,95.47254454914838,0.3196625855594684,3.622432026939189,-0.03635708494780777,-0.096844370178788,-0.00037072,2.8904133131486076,0.00017264,1,1.0
4963,1.4568694856761715,0.7357225708889827,-0.00033195,1.533404924095422,2.6690625682759963,64.53971489418296,-0.21789562370390278,37.75271452202987,-0.04593960525765017,-79.13408374149412,0.14951036861664863,-64.32204345223695,0.3196625855594684,23.46275525739457,-0.03635708494780777,0.28213389928312194,-0.00037072,2.408014090090216,0.00017264,0,1.0
4964,0.6377600590993765,0.22911651379127285,-0.00033195,1.533404924095422,2.6690625682759963,-27.107047618831174,-0.21789562370390278,5.986182085438536,-0.04593960525765017,-28.364696086895435,0.14951036861664863,3.1240277701478836,0.3196625855594684,36.24521632836516,-0.03635708494780777,-0.26362070493136747,-0.00037072,0.2710839988669178,0.00017264,1,1.0
4965,1.0048932031302873,0.9072951399026481,-0.00033195,1.533404924095422,2.6690625682759963,54.12815936680017,-0.21789562370390278,15.21469236650898,-0.04593960525765017,-36.20182798781674,0.14951036861664863,-38.95367061546722,0.3196625855594684,8.545214806132568,-0.03635708494780777,0.2824220748509252,-0.00037072,2.0460487378580634,0.00017264,0,1.0
4966,-0.07776114428229808,0.9555161831097906,-0.00033195,1.533404924095422,2.6690625682759963,70.33662085955568,-0.21789562370390278,10.963075832742335,-0.04593960525765017,-36.35018000407603,0.14951036861664863,63.270858153921324,0.3196625855594684,-39.04584179710678,-0.03635708494780777,1.1256348048561784,-0.00037072,2.5671865321795537,0.00017264,0,1.0
4967,1.4323772462680648,4.2505304890744116,-0.00033195,1.533404924095422,2.6690625682759963,-73.22117402252107,-0.21789562370390278,-6.064637855470781,-0.04593960525765017,-25.733084919977976,0.14951036861664863,-49.04371421107346,0.3196625855594684,97.3178466031414,-0.03635708494780777,-1.9260930893332961,-0.00037072,0.19083564564080369,0.00017264,1,1.0
4968,1.1720323786585691,9.327620192464703,-0.00033195,1.533404924095422,2.6690625682759963,-72.01231777238218,-0.21789562370390278,20.951171279460205,-0.04593960525765017,-43.218053453392486,0.14951036861664863,-0.5558573126681174,0.3196625855594684,61.05195316606787,-0.03635708494780777,-2.1579368495811178,-0.00037072,1.4376821117963525,0.00017264,1,1.0
4969,0.9382736689227873,0.23280773901233243,-0.00033195,1.533404924095422,2.6690625682759963,-29.864826442370784,-0.21789562370390278,6.607043837284878,-0.04593960525765017,-32.984620005133465,0.14951036861664863,-11.009066477749759,0.3196625855594684,48.73307635674515,-0.03635708494780777,-0.23257793895653897,-0.00037072,0.23414187077045687,0.00017264,1,1.0
4970,2.164478014596339,1.2725786061118252,-0.00033195,1.533404924095422,2.6690625682759963,-12.962844735376125,-0.21789562370390278,27.980501278687708,-0.04593960525765017,-98.02666737294271,0.14951036861664863,-26.320111145433845,0.3196625855594684,86.85647212441802,-0.03635708494780777,0.2985954855287427,-0.00037072,1.559718714649815,0.00017264,0,1.0
4971,0.4727038910450201,0.15797594742495008,-0.00033195,1.533404924095422,2.6690625682759963,-45.24814516835466,-0.21789562370390278,7.904992855078255,-0.04593960525765017,-86.19050678295737,0.14951036861664863,54.421219553497544,0.3196625855594684,69.86589640302653,-0.03635708494780777,-0.24395790971282993,-0.00037072,0.259085275875387,0.00017264,1,1.0
4972,-0.1788342845905394,1.132946785613114,-0.00033195,1.533404924095422,2.6690625682759963,83.31279956696204,-0.21789562370390278,10.583724789204203,-0.04593960525765017,-11.326830427072272,0.14951036861664863,41.87060226094635,0.3196625855594684,-59.365291278503946,-0.03635708494780777,1.0853014363051263,-0.00037072,2.535779033597472,0.00017264,0,1.0
4973,0.9511017873815923,2.4870605321540014,-0.00033195,1.533404924095422,2.6690625682759963,23.173203701185212,-0.21789562370390278,-4.367669344941715,-0.04593960525765017,-21.129625793202138,0.14951036861664863,38.960172780821225,0.3196625855594684,12.280692366207704,-0.03635708494780777,0.27465955114549745,-0.00037072,2.748634582151364,0.00017264,0,1.0
4974,0.03781491992212005,2.0984457064496045,-0.00033195,1.533404924095422,2.6690625682759963,50.03305035032553,-0.21789562370390278,23.61241323137604,-0.04593960525765017,-21.89306252542375,0.14951036861664863,4.419221965961989,0.3196625855594684,-36.291172317457495,-0.03635708494780777,0.01919378683773343,-0.00037072,1.9475062301415418,0.00017264,0,1.0
4975,-0.7599377011680031,4.619183168807931,-0.00033195,1.533404924095422,2.6690625682759963,49.15227063597438,-0.21789562370390278,26.80532194222411,-0.04593960525765017,-59.40472383628711,0.14951036861664863,42.73599870829705,0.3196625855594684,-33.5127947897632,-0.03635708494780777,-0.3498726200874962,-0.00037072,1.7684923066052265,0.00017264,1,1.0
4976,0.10004156297930011,0.03454644935488822,-0.00033195,1.533404924095422,2.6690625682759963,-2.1891467398299196,-0.21789562370390278,16.221995282078332,-0.04593960525765017,-93.41230811711254,0.14951036861664863,67.66861770777989,0.3196625855594684,35.25620905842948,-0.03635708494780777,0.3536074636336373,-0.00037072,0.9126629319999069,0.00017264,0,1.0
4977,2.700730168425396,3.271883491777624,-0.00033195,1.533404924095422,2.6690625682759963,-24.49839610929367,-0.21789562370390278,7.005186790895181,-0.04593960525765017,-21.07740493955386,0.14951036861664863,-58.00503455721143,0.3196625855594684,75.33901974391833,-0.03635708494780777,0.3491158059569546,-0.00037072,1.4845336422786686,0.00017264,0,1.0
4978,0.17044602523035945,1.2359933632694906,-0.00033195,1.533404924095422,2.6690625682759963,80.57651550992965,-0.21789562370390278,16.195204728023132,-0.04593960525765017,-86.97950625344464,0.14951036861664863,71.07269158790099,0.3196625855594684,-10.451729846863227,-0.03635708494780777,1.3073639501620837,-0.00037072,3.0026266191206465,0.00017264,0,1.0
4979,-0.10653098529814442,1.0383198127269584,-0.00033195,1.533404924095422,2.6690625682759963,73.47249771226352,-0.21789562370390278,8.601983986048646,-0.04593960525765017,-18.24329586919176,0.14951036861664863,52.56491437030005,0.3196625855594684,-48.95041372971266,-0.03635708494780777,1.0008128965131378,-0.00037072,2.5924504262470935,0.00017264,0,1.0
4980,0.9887531530317957,8.651111172452863,-0.00033195,1.533404924095422,2.6690625682759963,-48.321336698248544,-0.21789562370390278,22.002492272650027,-0.04593960525765017,-67.35415970740313,0.14951036861664863,59.65019018607002,0.3196625855594684,46.675022234843496,-0.03635708494780777,-1.2281341239714758,-0.00037072,2.3594244841934664,0.00017264,1,1.0
4981,1.241824998973499,0.6296170529025598,-0.00033195,1.533404924095422,2.6690625682759963,31.714047318427326,-0.21789562370390278,17.651658744328856,-0.04593960525765017,-8.275760637496424,0.14951036861664863,-68.79791018061088,0.3196625855594684,7.5150547170860955,-0.03635708494780777,0.32177958707727866,-0.00037072,1.1013299430043473,0.00017264,0,1.0
4982,2.040174680890012,3.310258191958259,-0.00033195,1.533404924095422,2.6690625682759963,22.73672732146681,-0.21789562370390278,41.78096379747058,-0.04593960525765017,-79.42732468709764,0.14951036861664863,-77.80030429045327,0.3196625855594684,51.90060650239984,-0.03635708494780777,-0.23864123925962888,-0.00037072,2.1227745653740433,0.00017264,1,1.0
4983,0.4933847426213216,0.18368105935644422,-0.00033195,1.533404924095422,2.6690625682759963,-71.00684103358729,-0.21789562370390278,0.7062513081371622,-0.04593960525765017,-92.01457003380223,0.14951036861664863,92.64878419346348,0.3196625855594684,84.82188683571832,-0.03635708494780777,-0.19640298282706478,-0.00037072,0.19837226479299927,0.00017264,1,1.0
4984,2.527067014877754,1.8326629248713777,-0.00033195,1.533404924095422,2.6690625682759963,-4.189687241961596,-0.21789562370390278,27.866088880434564,-0.04593960525765017,-63.80114954649358,0.14951036861664863,-71.17191826606201,0.3196625855594684,74.67385990796485,-0.03635708494780777,0.2946893019984548,-0.00037072,1.553878796992675,0.00017264,0,1.0
4985,0.38457191961601905,0.19154280671996382,-0.00033195,1.533404924095422,2.6690625682759963,-65.31342654567504,-0.21789562370390278,-0.2573935710659335,-0.04593960525765017,-83.38304078848789,0.14951036861664863,89.26360809173758,0.3196625855594684,75.97835259209609,-0.03635708494780777,-0.2244667671080311,-0.00037072,0.21854744795525116,0.00017264,1,1.0
4986,-0.005218671778536854,0.8809044435688865,-0.00033195,1.533404924095422,2.6690625682759963,-3.806217989650467,-0.21789562370390278,-4.821896196469606,-0.04593960525765017,-13.956725600608742,0.14951036861664863,51.36925127925734,0.3196625855594684,3.401321239749798,-0.03635708494780777,-0.09693838719517006,-0.00037072,1.081404767198508,0.00017264,1,1.0
4987,0.40489201290248467,9.693595373452847,-0.00033195,1.533404924095422,2.6690625682759963,-79.23563588076271,-0.21789562370390278,17.653073565917328,-0.04593960525765017,-16.77960916136729,0.14951036861664863,-60.64319245727379,0.3196625855594684,54.42395903869063,-0.03635708494780777,-3.732179055610026,-0.00037072,0.24249000372881824,0.00017264,1,1.0
4988,1.545483565198412,3.3904556015973166,-0.00033195,1.533404924095422,2.6690625682759963,-84.2321932201733,-0.21789562370390278,14.622510019572493,-0.04593960525765017,-56.31041491230452,0.14951036861664863,-31.458739472996918,0.3196625855594684,98.52944656340328,-0.03635708494780777,-1.7530608495413387,-0.00037072,0.26468010107876416,0.00017264,1,1.0
4989,-0.46300611363714794,1.920364127258599,-0.00033195,1.533404924095422,2.6690625682759963,38.679020773868395,-0.21789562370390278,1.7106302200130665,-0.04593960525765017,-6.359996886991834,0.14951036861664863,75.56290341237248,0.3196625855594684,-44.418004102124875,-0.03635708494780777,0.14305101866753533,-0.00037072,2.3004378582973146,0.00017264,0,1.0
4990,0.013819231507950544,2.9472144563856335,-0.00033195,1.533404924095422,2.6690625682759963,-59.77106011990637,-0.21789562370390278,-1.0986857208153273,-0.04593960525765017,-35.79263557233985,0.14951036861664863,80.58887236552634,0.3196625855594684,35.26486906530502,-0.03635708494780777,-1.213587628496891,-0.00037072,0.9405875712405671,0.00017264,1,1.0
4991,1.392220019909199,0.9293748114308833,-0.00033195,1.533404924095422,2.6690625682759963,56.1748253120223,-0.21789562370390278,19.535296526941,-0.04593960525765017,-15.96361264877369,0.14951036861664863,-81.22707152331847,0.3196625855594684,4.759031588069339,-0.03635708494780777,0.3077519787826314,-0.00037072,1.8335069360506702,0.00017264,0,1.0
4992,3.7936497490919963,10.81374116078709,-0.00033195,1.533404924095422,2.6690625682759963,-13.70909320184456,-0.21789562370390278,-2.6018308191444746,-0.04593960525765017,-10.182066044079741,0.14951036861664863,-54.561950425596685,0.3196625855594684,87.68690637041324,-0.03635708494780777,0.2512347674520419,-0.00037072,3.6967661133975094,0.00017264,0,1.0
4993,1.4034823872704385,0.670616027400208,-0.00033195,1.533404924095422,2.6690625682759963,48.09261032756007,-0.21789562370390278,32.42347590838485,-0.04593960525765017,-71.07711325555377,0.14951036861664863,-53.66167734434399,0.3196625855594684,27.882921434967667,-0.03635708494780777,0.28622842629473755,-0.00037072,2.0279745379122116,0.00017264,0,1.0
4994,2.505951240538397,1.4699629294229537,-0.00033195,1.533404924095422,2.6690625682759963,-54.58672085960643,-0.21789562370390278,9.113035878162886,-0.04593960525765017,-11.723829948639159,0.14951036861664863,-82.60184725122629,0.3196625855594684,84.85005171721747,-0.03635708494780777,-0.31378078511451507,-0.00037072,0.30671579440472824,0.00017264,1,1.0
4995,-1.1311922661853544,3.9989784066507816,-0.00033195,1.533404924095422,2.6690625682759963,27.603386004663008,-0.21789562370390278,6.409475558317968,-0.04593960525765017,-16.2139851230436,0.14951036861664863,60.621239269332015,0.3196625855594684,-42.3223979771214,-0.03635708494780777,-0.41557261289685693,-0.00037072,1.0598281600240214,0.00017264,1,1.0
4996,-0.8902174487770129,3.3235459256001665,-0.00033195,1.533404924095422,2.6690625682759963,26.09471093063674,-0.21789562370390278,6.741790116924653,-0.04593960525765017,-22.82148436324532,0.14951036861664863,9.477084336660198,0.3196625855594684,-18.957703823512226,-0.03635708494780777,-0.709529342978098,-0.00037072,0.3614847064166817,0.00017264,1,1.0
4997,1.6780933867530952,1.0290405905097135,-0.00033195,1.533404924095422,2.6690625682759963,29.29307832559158,-0.21789562370390278,18.847070414449448,-0.04593960525765017,-1.9866614064567947,0.14951036861664863,-91.57220574675274,0.3196625855594684,15.310438193135417,-0.03635708494780777,0.31254799077194056,-0.00037072,1.1966381039239848,0.00017264,0,1.0
4998,1.151393777640844,0.452878454051277,-0.00033195,1.533404924095422,2.6690625682759963,-65.67620898077226,-0.21789562370390278,-0.34157770148744304,-0.04593960525765017,-48.727480571468725,0.14951036861664863,32.09463249492085,0.3196625855594684,77.27422977190912,-0.03635708494780777,-0.20584971942441724,-0.00037072,0.20367491240959504,0.00017264,1,1.0
4999,3.7071042520797874,13.684108816732559,-0.00033195,1.533404924095422,2.6690625682759963,5.45435499631974,-0.21789562370390278,-5.294022294472945,-0.04593960525765017,-24.911149265032435,0.14951036861664863,-25.368959092493274,0.3196625855594684,82.96998064153615,-0.03635708494780777,0.254859379967705,-0.00037072,4.7973098126465095,0.00017264,0,1.0
5000,2.964519432794315,5.789631626367265,-0.00033195,1.0103041172259097,2.203373554124283,21.20633453575998,-0.21789562370390278,37.99261876256652,-0.04593960525765017,-75.99216641014603,0.14951036861664863,-36.132031059621006,0.3196625855594684,43.83038269940876,-0.03635708494780777,0.5623635886787568,-0.00037072,8.479299995847281,0.00017264,0,1.0
5001,0.47888917956655863,0.17814356680584492,-0.00033195,1.0103041172259097,2.203373554124283,23.27084416383598,-0.21789562370390278,22.93730725648817,-0.04593960525765017,-32.813585503427404,0.14951036861664863,-14.39777466132623,0.3196625855594684,-1.175826512463757,-0.03635708494780777,0.2826633200519919,-0.00037072,4.102940433384223,0.00017264,0,1.0
5002,2.8596788434529548,8.304807036769926,-0.00033195,1.0103041172259097,2.203373554124283,-59.30604379520983,-0.21789562370390278,-10.58044422822474,-0.04593960525765017,-20.17631870162788,0.14951036861664863,6.8590997797477815,0.3196625855594684,79.25589870059974,-0.03635708494780777,-2.715816628860364,-0.00037072,0.22631273072952962,0.00017264,1,1.0
5003,0.0014566254380275478,0.00787409223446823,-0.00033195,1.0103041172259097,2.203373554124283,0.7476435976679785,-0.21789562370390278,4.349838543785046,-0.04593960525765017,-18.348685506120145,0.14951036861664863,12.710493705653885,0.3196625855594684,5.0521403499624755,-0.03635708494780777,0.4057959093369074,-0.00037072,0.6675688579417296,0.00017264,0,1.0
5004,-0.025244858838889606,0.6842059426152514,-0.00033195,1.0103041172259097,2.203373554124283,88.75225340787908,-0.21789562370390278,61.39476365724159,-0.04593960525765017,-93.9364009232997,0.14951036861664863,-12.59257651723887,0.3196625855594684,-34.19108026751213,-0.03635708494780777,2.182362029606975,-0.00037072,12.657601516538204,0.00017264,0,1.0
5005,3.004215193621456,66.35920029511696,-0.00033195,1.0103041172259097,2.203373554124283,91.88297273493384,-0.21789562370390278,70.3041500992191,-0.04593960525765017,-29.444230815261935,0.14951036861664863,37.743450957417494,0.3196625855594684,-79.58069605171112,-0.03635708494780777,7.266715379278907,-0.00037072,18.738627176992658,0.00017264,0,1.0
5006,0.6261256137774032,21.602405815866604,-0.00033195,1.0103041172259097,2.203373554124283,79.08130756864946,-0.21789562370390278,46.76220724195759,-0.04593960525765017,-35.611899300647174,0.14951036861664863,53.05767625635108,0.3196625855594684,-72.65053684016638,-0.03635708494780777,6.432394403723961,-0.00037072,12.507087838295902,0.00017264,0,1.0
5007,-1.4266710911507712,4.934238284346341,-0.00033195,1.0103041172259097,2.203373554124283,90.50834010597262,-0.21789562370390278,50.532711831202846,-0.04593960525765017,-73.34379772799205,0.14951036861664863,39.5488996709821,0.3196625855594684,-68.05670190367788,-0.03635708494780777,5.4841811965118,-0.00037072,9.550068020676468,0.00017264,0,1.0
5008,3.206543883594313,15.40939060153076,-0.00033195,1.0103041172259097,2.203373554124283,-2.920515242810687,-0.21789562370390278,41.32831483726796,-0.04593960525765017,-48.75860841922817,0.14951036861664863,-2.4652445359606148,0.3196625855594684,30.684584304557266,-0.03635708494780777,0.30104470920815984,-0.00037072,7.199700081446602,0.00017264,0,1.0
5009,1.3432593766164413,0.5369396274768725,-0.00033195,1.0103041172259097,2.203373554124283,-10.87209359407491,-0.21789562370390278,25.73772998672556,-0.04593960525765017,-89.3610518536807,0.14951036861664863,26.617328018847992,0.3196625855594684,51.739326375905435,-0.03635708494780777,0.27122627257294574,-0.00037072,3.405490590603108,0.00017264,0,1.0
5010,-0.27432950040367776,1.3005795162673732,-0.00033195,1.0103041172259097,2.203373554124283,7.149225918377052,-0.21789562370390278,5.728727618977572,-0.04593960525765017,-42.11091537175529,0.14951036861664863,62.261610783904075,0.3196625855594684,-1.3170972406708197,-0.03635708494780777,1.161205284247556,-0.00037072,3.797955334569995,0.00017264,0,1.0
5011,4.144465201058875,97.04771458257112,-0.00033195,1.0103041172259097,2.203373554124283,43.216873269577235,-0.21789562370390278,-11.923984360296014,-0.04593960525765017,-83.13242227259062,0.14951036861664863,59.837738384910885,0.3196625855594684,47.11539834781715,-0.03635708494780777,0.7085201446186744,-0.00037072,21.979513328206345,0.00017264,0,1.0
5012,-0.04854606673340012,0.7807025739227681,-0.00033195,1.0103041172259097,2.203373554124283,90.68990635261807,-0.21789562370390278,50.15976988826057,-0.04593960525765017,-56.56100778398536,0.14951036861664863,-36.2031304698315,0.3196625855594684,-46.02496950822281,-0.03635708494780777,1.4246689197800615,-0.00037072,11.951549747620007,0.00017264,0,1.0
5013,-0.28133877061718593,4.844276492873334,-0.00033195,1.0103041172259097,2.203373554124283,75.93493681404692,-0.21789562370390278,58.88978778875883,-0.04593960525765017,-68.83031781290983,0.14951036861664863,0.8066826256682598,0.3196625855594684,-46.860067656923974,-0.03635708494780777,3.2168256916403326,-0.00037072,9.488793331717902,0.00017264,0,1.0
5014,2.9877213499171993,6.696833911483088,-0.00033195,1.0103041172259097,2.203373554124283,19.369565148934655,-0.21789562370390278,19.665732854044034,-0.04593960525765017,-11.002827092870097,0.14951036861664863,-64.0085110752292,0.3196625855594684,22.32718326762172,-0.03635708494780777,0.34897889147648664,-0.00037072,6.274086204743407,0.00017264,0,1.0
5015,0.6990755405267706,6.6362004485834625,-0.00033195,1.0103041172259097,2.203373554124283,41.94008166886881,-0.21789562370390278,28.781443905057525,-0.04593960525765017,-99.94130641915551,0.14951036861664863,68.68941229651534,0.3196625855594684,3.8288230426665706,-0.03635708494780777,5.011578756820652,-0.00037072,9.15716016916748,0.00017264,0,1.0
5016,-1.4522088804295508,7.661293117272155,-0.00033195,1.0103041172259097,2.203373554124283,52.23700164793443,-0.21789562370390278,24.69552713314069,-0.04593960525765017,-42.516558618263694,0.14951036861664863,83.88565931721067,0.3196625855594684,-59.41511505564268,-0.03635708494780777,3.115591426505981,-0.00037072,8.094457171766917,0.00017264,0,1.0
5017,-0.0472502327035782,0.6815630166464955,-0.00033195,1.0103041172259097,2.203373554124283,20.11170339880076,-0.21789562370390278,11.076183535954376,-0.04593960525765017,-23.480002721021975,0.14951036861664863,22.739644969639883,0.3196625855594684,-12.488397983510524,-0.03635708494780777,2.3238189405073473,-0.00037072,2.682883271268374,0.00017264,0,1.0
5018,3.62848484145079,10.702679511698484,-0.00033195,1.0103041172259097,2.203373554124283,23.15212900113925,-0.21789562370390278,48.377538932073065,-0.04593960525765017,-68.29294123200572,0.14951036861664863,-31.893028349690816,0.3196625855594684,33.714848696581,-0.03635708494780777,3.5178133716225513,-0.00037072,7.722897088922316,0.00017264,0,1.0
5019,3.389543855360511,6.149999599429281,-0.00033195,1.0103041172259097,2.203373554124283,17.03533490455108,-0.21789562370390278,26.590104491652593,-0.04593960525765017,-15.17957479468611,0.14951036861664863,-75.95019086105597,0.3196625855594684,28.563350994544855,-0.03635708494780777,0.26913782216572013,-0.00037072,6.145300294898494,0.00017264,0,1.0
5020,-2.1275604899340603,5.086214349058974,-0.00033195,1.0103041172259097,2.203373554124283,92.47182980219308,-0.21789562370390278,33.599125206142475,-0.04593960525765017,-80.14954841739896,0.14951036861664863,66.45163612507186,0.3196625855594684,-66.52424719865026,-0.03635708494780777,4.706704948459269,-0.00037072,10.845799253392617,0.00017264,0,1.0
5021,1.0639047266342745,7.460598119560372,-0.00033195,1.0103041172259097,2.203373554124283,-57.18793705027789,-0.21789562370390278,-15.934129442185817,-0.04593960525765017,-41.88064184221886,0.14951036861664863,55.5344797016242,0.3196625855594684,68.22917346944871,-0.03635708494780777,-3.456707742380515,-0.00037072,0.21610790638116173,0.00017264,1,1.0
5022,0.0017365873505936769,0.11023170054748216,-0.00033195,1.0103041172259097,2.203373554124283,50.094805410819,-0.21789562370390278,31.54348852497789,-0.04593960525765017,-35.94530782428174,0.14951036861664863,-21.99704706759355,0.3196625855594684,-24.042166276014928,-0.03635708494780777,0.6656887314534918,-0.00037072,6.666244737947042,0.00017264,0,1.0
5023,-0.4889181988477225,4.157888982696999,-0.00033195,1.0103041172259097,2.203373554124283,31.176251159792397,-0.21789562370390278,17.294614913581693,-0.04593960525765017,-43.43458961707643,0.14951036861664863,71.8161694512826,0.3196625855594684,-28.92781463637407,-0.03635708494780777,2.6375758624424614,-0.00037072,6.5662932373156435,0.00017264,0,1.0
5024,3.2056115940497167,4.546625800353676,-0.00033195,1.0103041172259097,2.203373554124283,11.75458267562669,-0.21789562370390278,30.529387463786634,-0.04593960525765017,-9.776995141470183,0.14951036861664863,-76.27370749265145,0.3196625855594684,24.516549263539897,-0.03635708494780777,0.26315167237466763,-0.00037072,4.680099673777115,0.00017264,0,1.0
5025,2.4611980296095455,2.130327822156141,-0.00033195,1.0103041172259097,2.203373554124283,-46.9509002198741,-0.21789562370390278,7.286085125714998,-0.04593960525765017,-70.80217989328578,0.14951036861664863,23.327361126388855,0.3196625855594684,85.08572513449099,-0.03635708494780777,-0.24455095959208223,-0.00037072,0.2140952040943464,0.00017264,1,1.0
5026,2.0709222981803936,17.889961191553546,-0.00033195,1.0103041172259097,2.203373554124283,88.16748649456582,-0.21789562370390278,39.058124920929295,-0.04593960525765017,-54.31990092291922,0.14951036861664863,-13.549324293532123,0.3196625855594684,-29.866731251625286,-0.03635708494780777,5.166781928343409,-0.00037072,14.720489244370231,0.00017264,0,1.0
5027,-0.438668603954361,9.395228998414321,-0.00033195,1.0103041172259097,2.203373554124283,86.20512594540399,-0.21789562370390278,60.717353062019036,-0.04593960525765017,-12.32095439712257,0.14951036861664863,-63.80839871087497,0.3196625855594684,-74.54085949685846,-0.03635708494780777,0.35774579686939134,-0.00037072,9.053838386444493,0.00017264,0,1.0
5028,-0.18518966010862847,22.77203916734286,-0.00033195,1.0103041172259097,2.203373554124283,48.267109107693535,-0.21789562370390278,60.388785614225014,-0.04593960525765017,-78.0543759764001,0.14951036861664863,65.61214388758279,0.3196625855594684,-42.31517309286258,-0.03635708494780777,0.9873766328393234,-0.00037072,11.511369725541734,0.00017264,0,1.0
5029,-0.4794112339208323,16.596683429270588,-0.00033195,1.0103041172259097,2.203373554124283,61.433746991557925,-0.21789562370390278,34.117138360339304,-0.04593960525765017,-34.668305317362794,0.14951036861664863,83.9807754547542,0.3196625855594684,-70.32188936425526,-0.03635708494780777,3.4188288116373853,-0.00037072,11.771403654329273,0.00017264,0,1.0
5030,1.3779545649280838,0.8776859348935937,-0.00033195,1.0103041172259097,2.203373554124283,35.092037472218635,-0.21789562370390278,44.981672299143106,-0.04593960525765017,-82.68064754625105,0.14951036861664863,-21.012310645348556,0.3196625855594684,18.132489892007012,-0.03635708494780777,0.26073524892014444,-0.00037072,8.202117699166482,0.00017264,0,1.0
5031,-1.5678655982171303,3.691234601594496,-0.00033195,1.0103041172259097,2.203373554124283,38.52012079758762,-0.21789562370390278,9.03611014994761,-0.04593960525765017,-46.6215118119703,0.14951036861664863,86.86004504986876,0.3196625855594684,-38.480756771263955,-0.03635708494780777,2.92176883593791,-0.00037072,5.912276964022047,0.00017264,0,1.0
5032,0.7908466687012359,0.7423399767897678,-0.00033195,1.0103041172259097,2.203373554124283,74.21352131734946,-0.21789562370390278,43.273177473062056,-0.04593960525765017,-12.937408993541599,0.14951036861664863,-77.83648759436893,0.3196625855594684,-40.93513212349528,-0.03635708494780777,0.25981240653987303,-0.00037072,9.339113128651903,0.00017264,0,1.0
5033,-0.06360981406054966,27.812286005751865,-0.00033195,1.0103041172259097,2.203373554124283,6.707888592019807,-0.21789562370390278,24.291671568853992,-0.04593960525765017,-33.78916885829305,0.14951036861664863,40.552334896024256,0.3196625855594684,-11.15758146490092,-0.03635708494780777,-1.7118163489712632,-0.00037072,5.505259973436033,0.00017264,1,1.0
5034,-1.9149849152085272,4.9954885824052635,-0.00033195,1.0103041172259097,2.203373554124283,99.48750816214572,-0.21789562370390278,50.06588160769282,-0.04593960525765017,-92.28024970418713,0.14951036861664863,66.08012343161883,0.3196625855594684,-72.62350757986191,-0.03635708494780777,6.558688847953513,-0.00037072,10.710227619320825,0.00017264,0,1.0
5035,-1.3051063334750053,3.1330251029683764,-0.00033195,1.0103041172259097,2.203373554124283,68.56318504856331,-0.21789562370390278,39.956572187252405,-0.04593960525765017,-98.03463343946561,0.14951036861664863,68.80401132933191,0.3196625855594684,-37.50372341608736,-0.03635708494780777,4.965831851696929,-0.00037072,8.711093969903956,0.00017264,0,1.0
5036,2.1668263051594168,17.331533217592337,-0.00033195,1.0103041172259097,2.203373554124283,-41.42815425189681,-0.21789562370390278,-8.35260970201671,-0.04593960525765017,-63.12671261491038,0.14951036861664863,75.32245875485751,0.3196625855594684,68.77402818963165,-0.03635708494780777,-0.8308039346347023,-0.00037072,4.562039771046538,0.00017264,1,1.0
5037,0.5597104652042058,4.211743388858761,-0.00033195,1.0103041172259097,2.203373554124283,93.65413665248047,-0.21789562370390278,65.16587205254743,-0.04593960525765017,-18.17766020478629,0.14951036861664863,-91.53434061884484,0.3196625855594684,-62.85845033144483,-0.03635708494780777,0.5723364724590416,-0.00037072,10.824508724993137,0.00017264,0,1.0
5038,-1.7736763507014501,7.883770732160855,-0.00033195,1.0103041172259097,2.203373554124283,-5.2289290137511895,-0.21789562370390278,-10.010187754800413,-0.04593960525765017,-33.30376389470661,0.14951036861664863,76.40424439525442,0.3196625855594684,-3.4239541293719773,-0.03635708494780777,-1.3439425907652898,-0.00037072,1.3226248256601258,0.00017264,1,1.0
5039,1.9689166857737215,1.4447645219585472,-0.00033195,1.0103041172259097,2.203373554124283,-46.081807172678175,-0.21789562370390278,8.613294613050257,-0.04593960525765017,-84.58838619761849,0.14951036861664863,38.954201812461825,0.3196625855594684,84.5622208082837,-0.03635708494780777,-0.3652994327123554,-0.00037072,0.3634214858200642,0.00017264,1,1.0
5040,-0.03853236394206894,0.6500030235959914,-0.00033195,1.0103041172259097,2.203373554124283,22.009424964612656,-0.21789562370390278,28.30531825853227,-0.04593960525765017,-91.01104892483404,0.14951036861664863,57.54917651470511,0.3196625855594684,9.546580550986931,-0.03635708494780777,3.0386700174927235,-0.00037072,4.966090891326518,0.00017264,0,1.0
5041,-1.0708696092882461,2.721623233782044,-0.00033195,1.0103041172259097,2.203373554124283,70.13962761009259,-0.21789562370390278,17.26584850046828,-0.04593960525765017,-2.660074939334531,0.14951036861664863,4.650225716379669,0.3196625855594684,-66.20696174075688,-0.03635708494780777,3.104405181158101,-0.00037072,6.693150562557691,0.00017264,0,1.0
5042,0.9337907419950016,13.110981281775311,-0.00033195,1.0103041172259097,2.203373554124283,-77.61463633093433,-0.21789562370390278,-30.766274599250252,-0.04593960525765017,-36.58103789094494,0.14951036861664863,76.55541297541083,0.3196625855594684,81.0756819679538,-0.03635708494780777,-5.89263338422014,-0.00037072,0.21250753410109002,0.00017264,1,1.0
5043,4.021672863433505,6.780435353626591,-0.00033195,1.0103041172259097,2.203373554124283,-45.25119836221657,-0.21789562370390278,4.772343545544412,-0.04593960525765017,-14.681425507030234,0.14951036861664863,-48.94336947518038,0.3196625855594684,81.17795202070671,-0.03635708494780777,-0.9854038000902415,-0.00037072,0.03226446779730774,0.00017264,1,1.0
5044,-0.00023475595360822332,0.19682938852855447,-0.00033195,1.0103041172259097,2.203373554124283,-2.1169708596141503,-0.21789562370390278,15.371533529218894,-0.04593960525765017,-77.1269466100098,0.14951036861664863,62.12542160297666,0.3196625855594684,24.034805225109505,-0.03635708494780777,1.7290462354459262,-0.00037072,2.44679235419561,0.00017264,0,1.0
5045,1.4554349192478595,7.773878264795542,-0.00033195,1.0103041172259097,2.203373554124283,69.93197599086174,-0.21789562370390278,53.05081457591386,-0.04593960525765017,-14.121477693902264,0.14951036861664863,-58.700179142093475,0.3196625855594684,-45.01988022531854,-0.03635708494780777,3.184171139408774,-0.00037072,8.582223905578132,0.00017264,0,1.0
5046,-1.685764643466141,8.502644682502567,-0.00033195,1.0103041172259097,2.203373554124283,56.8789925276623,-0.21789562370390278,26.621493007496312,-0.04593960525765017,-43.870386599871004,0.14951036861664863,86.85332357411458,0.3196625855594684,-65.53100051624311,-0.03635708494780777,3.262207620535569,-0.00037072,8.364469779363336,0.00017264,0,1.0
5047,1.9001335945426319,2.0257416804636432,-0.00033195,1.0103041172259097,2.203373554124283,41.99371833390669,-0.21789562370390278,33.74464726118448,-0.04593960525765017,-7.050694871235808,0.14951036861664863,-75.78392798294945,0.3196625855594684,-9.403346685134279,-0.03635708494780777,0.2603272850746623,-0.00037072,6.666840893100936,0.00017264,0,1.0
5048,0.4192861742653755,34.92400606351996,-0.00033195,1.0103041172259097,2.203373554124283,-41.02348168240087,-0.21789562370390278,15.813482148735838,-0.04593960525765017,-30.927632605133486,0.14951036861664863,-88.46754137012191,0.3196625855594684,67.84481063845963,-0.03635708494780777,-11.731390510006431,-0.00037072,-0.24301021018654279,0.00017264,1,1.0
5049,-0.8736417803405248,5.711260425120547,-0.00033195,1.0103041172259097,2.203373554124283,68.57703320514544,-0.21789562370390278,48.76483112504514,-0.04593960525765017,-64.97667023864315,0.14951036861664863,29.412290871210324,0.3196625855594684,-50.69274064531432,-0.03635708494780777,3.8513331975891254,-0.00037072,8.021578995943061,0.00017264,0,1.0
5050,-0.8856224917294029,2.3405072613399174,-0.00033195,1.0103041172259097,2.203373554124283,22.932081798216817,-0.21789562370390278,1.690235017863305,-0.04593960525765017,-17.42602368515335,0.14951036861664863,55.783023888846216,0.3196625855594684,-28.28469156667329,-0.03635708494780777,1.222689401991192,-0.00037072,4.390785839953809,0.00017264,0,1.0
5051,0.0012255276464303577,0.14982281060330122,-0.00033195,1.0103041172259097,2.203373554124283,82.31080691661482,-0.21789562370390278,44.574591428583076,-0.04593960525765017,-23.97861663684862,0.14951036861664863,-62.14671290082352,0.3196625855594684,-50.31748270717662,-0.03635708494780777,0.25864215121992196,-0.00037072,9.868896955719963,0.00017264,0,1.0
5052,-1.9802710072169232,6.80164526567658,-0.00033195,1.0103041172259097,2.203373554124283,43.65277263951473,-0.21789562370390278,7.241513634912921,-0.04593960525765017,-11.211150035602051,0.14951036861664863,86.39831161599605,0.3196625855594684,-67.51644753365883,-0.03635708494780777,0.9862935663907981,-0.00037072,7.464737157196212,0.00017264,0,1.0
5053,-1.4394678727875139,16.5347826749314,-0.00033195,1.0103041172259097,2.203373554124283,-6.1446988060249295,-0.21789562370390278,-16.06400245962865,-0.04593960525765017,-7.383647414891452,0.14951036861664863,12.50130212744895,0.3196625855594684,5.83931091758907,-0.03635708494780777,-4.068556449209641,-0.00037072,0.3231740364002629,0.00017264,1,1.0
5054,-0.2938966456795112,3.1171260613462173,-0.00033195,1.0103041172259097,2.203373554124283,4.600671010398125,-0.21789562370390278,-0.15132932551928524,-0.04593960525765017,-65.95942598732802,0.14951036861664863,82.4847108194544,0.3196625855594684,14.205896933157216,-0.03635708494780777,1.1580353578728853,-0.00037072,4.844602950794979,0.00017264,0,1.0
5055,-1.1931943067764559,2.9075156713202484,-0.00033195,1.0103041172259097,2.203373554124283,65.89559437987062,-0.21789562370390278,36.59900443408565,-0.04593960525765017,-88.55995064548384,0.14951036861664863,61.61372883430107,0.3196625855594684,-36.814185271223025,-0.03635708494780777,4.622313343485075,-0.00037072,8.351107040332089,0.00017264,0,1.0
5056,-0.14813780459126935,0.9333690868072227,-0.00033195,1.0103041172259097,2.203373554124283,23.13689477537211,-0.21789562370390278,28.9488019942795,-0.04593960525765017,-99.0788994587465,0.14951036861664863,67.75367612441187,0.3196625855594684,9.88380073880671,-0.03635708494780777,3.4566511004174383,-0.00037072,5.19808268006612,0.00017264,0,1.0
5057,2.1308138711235785,2.553819376493215,-0.00033195,1.0103041172259097,2.203373554124283,86.17029809675356,-0.21789562370390278,77.01698318440032,-0.04593960525765017,-97.5894505613301,0.14951036861664863,-77.83704132702039,0.3196625855594684,-5.006018077506791,-0.03635708494780777,0.2669335269126085,-0.00037072,15.135973681290029,0.00017264,0,1.0
5058,-1.416124689678742,11.579490208764343,-0.00033195,1.0103041172259097,2.203373554124283,-32.64066680170782,-0.21789562370390278,-22.462546262764526,-0.04593960525765017,-25.201427452695558,0.14951036861664863,79.29571986396164,0.3196625855594684,19.68225051323506,-0.03635708494780777,-3.945074362692522,-0.00037072,0.24826154559156244,0.00017264,1,1.0
5059,-0.42132071808683724,1.3445942445325434,-0.00033195,1.0103041172259097,2.203373554124283,31.25898032822331,-0.21789562370390278,28.597214452852405,-0.04593960525765017,-90.33879330434351,0.14951036861664863,63.39355536107812,0.3196625855594684,-1.8765637380523321,-0.03635708494780777,3.557493789666216,-0.00037072,5.483645430405572,0.00017264,0,1.0
5060,-0.009727027723253512,1.2931848912276287,-0.00033195,1.0103041172259097,2.203373554124283,-6.060077249006837,-0.21789562370390278,3.061387207792799,-0.04593960525765017,-70.02270747841477,0.14951036861664863,76.9880303638507,0.3196625855594684,25.652313431953235,-0.03635708494780777,1.1222655988483532,-0.00037072,3.3688960570844872,0.00017264,0,1.0
5061,-0.057416199204905816,6.230822143193717,-0.00033195,1.0103041172259097,2.203373554124283,93.81856449198335,-0.21789562370390278,61.65814816412095,-0.04593960525765017,-16.18602849030412,0.14951036861664863,-65.1507573075001,0.3196625855594684,-74.49596180620945,-0.03635708494780777,1.7099418005270914,-0.00037072,9.930912709707702,0.00017264,0,1.0
5062,3.7824969695925232,9.537670364984166,-0.00033195,1.0103041172259097,2.203373554124283,-6.684048731300994,-0.21789562370390278,29.18970188132156,-0.04593960525765017,-90.52584726589316,0.14951036861664863,-19.681052428708657,0.3196625855594684,79.25654826485072,-0.03635708494780777,0.2610900064007957,-0.00037072,7.2154930951245,0.00017264,0,1.0
5063,2.85590696068102,3.2859856239071563,-0.00033195,1.0103041172259097,2.203373554124283,-44.15040584245376,-0.21789562370390278,12.262263924317859,-0.04593960525765017,-65.37683035861821,0.14951036861664863,2.418135980718999,0.3196625855594684,85.41558354243931,-0.03635708494780777,-0.8012270888047375,-0.00037072,0.7952752961100493,0.00017264,1,1.0
5064,1.5223913019233586,10.25199429885921,-0.00033195,1.0103041172259097,2.203373554124283,-69.22082993744202,-0.21789562370390278,-20.650708669204796,-0.04593960525765017,-29.294118094272857,0.14951036861664863,50.021915268227154,0.3196625855594684,76.01306757365785,-0.03635708494780777,-4.841688583578236,-0.00037072,0.23755236147246572,0.00017264,1,1.0
5065,3.317322489437905,27.30797010161983,-0.00033195,1.0103041172259097,2.203373554124283,-59.48382768262125,-0.21789562370390278,6.280095771087824,-0.04593960525765017,-41.843793654698885,0.14951036861664863,24.26358414242861,0.3196625855594684,80.47855068463679,-0.03635708494780777,-3.3004193171897045,-0.00037072,3.137703091475963,0.00017264,1,1.0
5066,0.815141187703246,3.1670846495854015,-0.00033195,1.0103041172259097,2.203373554124283,62.55432278318949,-0.21789562370390278,37.88816731338187,-0.04593960525765017,-65.08089635566378,0.14951036861664863,-28.659993990245002,0.3196625855594684,-9.06499221696532,-0.03635708494780777,0.33562935628873003,-0.00037072,10.935094513437477,0.00017264,0,1.0
5067,0.5869598997678915,0.5803811191470634,-0.00033195,1.0103041172259097,2.203373554124283,62.75972603701086,-0.21789562370390278,34.126550210257335,-0.04593960525765017,-14.995995289325009,0.14951036861664863,-58.8862114257615,0.3196625855594684,-32.907655608309355,-0.03635708494780777,0.26363225433996806,-0.00037072,8.15200793991023,0.00017264,0,1.0
5068,-0.0003053696334927025,0.2889399807289295,-0.00033195,1.0103041172259097,2.203373554124283,18.527937824949078,-0.21789562370390278,29.253144934776465,-0.04593960525765017,-93.43447987303082,0.14951036861664863,52.032655071300475,0.3196625855594684,14.844840540462538,-0.03635708494780777,2.2389108700469236,-0.00037072,4.891245980314501,0.00017264,0,1.0
5069,-1.3011885553969054,36.3747380462276,-0.00033195,1.0103041172259097,2.203373554124283,-59.26945427140292,-0.21789562370390278,14.900292648761496,-0.04593960525765017,-88.07440907571169,0.14951036861664863,49.25033437244263,0.3196625855594684,64.60944137251455,-0.03635708494780777,-9.316558243138546,-0.00037072,-0.6193577613384367,0.00017264,1,1.0
5070,1.2051801874447503,0.6690051690602897,-0.00033195,1.0103041172259097,2.203373554124283,-2.3575720371766455,-0.21789562370390278,19.07584825581206,-0.04593960525765017,-43.72725029909607,0.14951036861664863,0.06923028317181798,0.3196625855594684,26.84802875045961,-0.03635708494780777,0.2971198439121887,-0.00037072,2.501396326658538,0.00017264,0,1.0
5071,0.5334157274431512,1.3062864551605111,-0.00033195,1.0103041172259097,2.203373554124283,80.4932247574101,-0.21789562370390278,37.46542296536995,-0.04593960525765017,-14.397817533578174,0.14951036861664863,-68.37694927803405,0.3196625855594684,-44.953726943301014,-0.03635708494780777,0.36349648700281456,-0.00037072,10.3627597961813,0.00017264,0,1.0
5072,1.3827295935756374,0.6973642861121104,-0.00033195,1.0103041172259097,2.203373554124283,-4.190327841813102,-0.21789562370390278,20.174172675693118,-0.04593960525765017,-54.782414799263876,0.14951036861664863,2.4589754434577564,0.3196625855594684,35.362631034405716,-0.03635708494780777,0.27381518695133433,-0.00037072,2.875161305463707,0.00017264,0,1.0
5073,3.1574649523636795,3.6696479229263788,-0.00033195,1.0103041172259097,2.203373554124283,-19.97221902234861,-0.21789562370390278,24.56975449066724,-0.04593960525765017,-64.47520694657638,0.14951036861664863,-17.006049837593025,0.3196625855594684,68.33385443237856,-0.03635708494780777,0.26644586869649967,-0.00037072,3.344484529218573,0.00017264,0,1.0
5074,0.02244653235606575,0.014858741600638806,-0.00033195,1.0103041172259097,2.203373554124283,-18.048138790999324,-0.21789562370390278,9.631163455869281,-0.04593960525765017,-78.3197416875433,0.14951036861664863,66.05600527215279,0.3196625855594684,38.40364969853863,-0.03635708494780777,0.31530203824378844,-0.00037072,1.4326310143413505,0.00017264,0,1.0
5075,-1.1881316399036725,3.0106443088961705,-0.00033195,1.0103041172259097,2.203373554124283,86.29557522660774,-0.21789562370390278,37.74138833200708,-0.04593960525765017,-54.034697215030185,0.14951036861664863,23.02741996631407,0.3196625855594684,-62.752105846962266,-0.03635708494780777,4.236003356758967,-0.00037072,9.51684222442468,0.00017264,0,1.0
5076,-1.9852330774731013,12.139280037141784,-0.00033195,1.0103041172259097,2.203373554124283,62.16520726646955,-0.21789562370390278,-6.182552533451461,-0.04593960525765017,-40.272243046729294,0.14951036861664863,84.96259889673532,0.3196625855594684,-50.656625381998644,-0.03635708494780777,1.306809397424292,-0.00037072,10.540073201506168,0.00017264,0,1.0
5077,-0.01158821754455186,1.0291744668334868,-0.00033195,1.0103041172259097,2.203373554124283,6.750346872704786,-0.21789562370390278,23.093442369053143,-0.04593960525765017,-71.17680976553784,0.14951036861664863,53.30340690068692,0.3196625855594684,11.408699825975468,-0.03635708494780777,1.2921091112254952,-0.00037072,3.732669707165466,0.00017264,0,1.0
5078,-0.3135520101591506,1.5182876387117563,-0.00033195,1.0103041172259097,2.203373554124283,1.8957141427027462,-0.21789562370390278,-1.953732327795951,-0.04593960525765017,-33.85281514325845,0.14951036861664863,67.56289118076641,0.3196625855594684,-0.04548383923859034,-0.03635708494780777,0.2760196775174395,-0.00037072,4.015808842996463,0.00017264,0,1.0
5079,0.24580133847081642,0.08971722378542588,-0.00033195,1.0103041172259097,2.203373554124283,27.041219338985876,-0.21789562370390278,33.3878081249769,-0.04593960525765017,-68.97540402898586,0.14951036861664863,3.886098755026578,0.3196625855594684,6.327102764475415,-0.03635708494780777,0.26610819118281714,-0.00037072,5.572924379257768,0.00017264,0,1.0
5080,0.002897832017943913,0.003140088798741326,-0.00033195,1.0103041172259097,2.203373554124283,0.0732812276548714,-0.21789562370390278,6.390509455987169,-0.04593960525765017,-27.26018541991025,0.14951036861664863,17.000314934036624,0.3196625855594684,8.834519116020033,-0.03635708494780777,0.3535935093955568,-0.00037072,0.9351074821521638,0.00017264,0,1.0
5081,-0.025556931748629275,13.765408775613073,-0.00033195,1.0103041172259097,2.203373554124283,61.66599566995886,-0.21789562370390278,67.88363822048923,-0.04593960525765017,-68.30665701038151,0.14951036861664863,-2.222634341368038,0.3196625855594684,-41.020233247400206,-0.03635708494780777,0.8201180233417045,-0.00037072,9.771596819019374,0.00017264,0,1.0
5082,-1.6212434789560186,3.7415957891052307,-0.00033195,1.0103041172259097,2.203373554124283,94.66157707923108,-0.21789562370390278,43.280737475067404,-0.04593960525765017,-74.17363369368145,0.14951036861664863,41.68274274656727,0.3196625855594684,-67.38235874439539,-0.03635708494780777,4.921774832005196,-0.00037072,10.539809310285191,0.00017264,0,1.0
5083,3.0164325179368605,3.731833708980065,-0.00033195,1.0103041172259097,2.203373554124283,-27.141557612352845,-0.21789562370390278,5.617790193148313,-0.04593960525765017,-0.035534108079365606,0.14951036861664863,-48.9432931218785,0.3196625855594684,51.26292356845605,-0.03635708494780777,-0.7193811206401876,-0.00037072,0.295029319574737,0.00017264,1,1.0
5084,2.210760166979369,9.27175474289271,-0.00033195,1.0103041172259097,2.203373554124283,-59.01936537361554,-0.21789562370390278,-17.957719600169625,-0.04593960525765017,-23.432283023404054,0.14951036861664863,22.920400662569886,0.3196625855594684,76.67906652181132,-0.03635708494780777,-3.163106813586003,-0.00037072,0.22126812017974196,0.00017264,1,1.0
5085,4.251252899385363,36.98613353364847,-0.00033195,1.0103041172259097,2.203373554124283,-13.287029455186808,-0.21789562370390278,-15.293674466687301,-0.04593960525765017,-19.125631568512816,0.14951036861664863,29.39070391855394,0.3196625855594684,54.080466128594324,-0.03635708494780777,0.3084008109628851,-0.00037072,10.333333844230486,0.00017264,0,1.0
5086,3.1704692830802657,4.742504145076763,-0.00033195,1.0103041172259097,2.203373554124283,43.591450278586414,-0.21789562370390278,48.92347464273154,-0.04593960525765017,-37.105778187580725,0.14951036861664863,-90.74189372170282,0.3196625855594684,13.291818651830631,-0.03635708494780777,0.25775676743295417,-0.00037072,9.258022284922205,0.00017264,0,1.0
5087,-0.1800612939494759,16.69206847980182,-0.00033195,1.0103041172259097,2.203373554124283,-76.0488722323163,-0.21789562370390278,-18.238851867582298,-0.04593960525765017,-43.2602409170274,0.14951036861664863,85.9820850899408,0.3196625855594684,65.01356718664046,-0.03635708494780777,-7.804526154476056,-0.00037072,0.16926266916770816,0.00017264,1,1.0
5088,3.1467720487987623,4.645661467128857,-0.00033195,1.0103041172259097,2.203373554124283,45.32216501115638,-0.21789562370390278,57.03407806900047,-0.04593960525765017,-49.009938170050816,0.14951036861664863,-88.70734113933221,0.3196625855594684,13.847111421808522,-0.03635708494780777,0.26594649862534503,-0.00037072,9.652297974151715,0.00017264,0,1.0
5089,5.049326191891977,34.78078566027395,-0.00033195,1.0103041172259097,2.203373554124283,30.547423025741363,-0.21789562370390278,22.255599576730184,-0.04593960525765017,-48.73735393064877,0.14951036861664863,-66.03961072772496,0.3196625855594684,54.17268713403754,-0.03635708494780777,0.34946200820005924,-0.00037072,13.541270007342614,0.00017264,0,1.0
5090,1.0944684939421903,2.704743668772334,-0.00033195,1.0103041172259097,2.203373554124283,21.229495917305492,-0.21789562370390278,30.82151399018251,-0.04593960525765017,-74.35152281668032,0.14951036861664863,30.250103887736415,0.3196625855594684,13.663471705516976,-0.03635708494780777,3.5298906043763827,-0.00037072,5.262529080090855,0.00017264,0,1.0
5091,-0.4080164780593806,3.971916887950575,-0.00033195,1.0103041172259097,2.203373554124283,14.311475049877231,-0.21789562370390278,-0.5608900485333121,-0.04593960525765017,-56.44424943881405,0.14951036861664863,72.27167893871382,0.3196625855594684,3.8464334438665775,-0.03635708494780777,1.1540822798577732,-0.00037072,5.519608783046224,0.00017264,0,1.0
5092,1.2588682610768336,4.504121133298393,-0.00033195,1.0103041172259097,2.203373554124283,-46.06356866016147,-0.21789562370390278,-7.946814464966725,-0.04593960525765017,-56.03040092522746,0.14951036861664863,46.40939761366202,0.3196625855594684,69.10687704694352,-0.03635708494780777,-1.591330445292892,-0.00037072,0.21948477034930303,0.00017264,1,1.0
5093,3.8877580970445393,5.478096647672583,-0.00033195,1.0103041172259097,2.203373554124283,-42.76849837595948,-0.21789562370390278,11.047972535081694,-0.04593960525765017,-32.32559942768012,0.14951036861664863,-37.42614311142511,0.3196625855594684,82.65881476067894,-0.03635708494780777,-0.7272076086789134,-0.00037072,0.7117588655210247,0.00017264,1,1.0
5094,-0.7190102492601564,2.0815585509916454,-0.00033195,1.0103041172259097,2.203373554124283,34.118140535145024,-0.21789562370390278,13.050601306094569,-0.04593960525765017,-47.19158427349413,0.14951036861664863,49.63878077057134,0.3196625855594684,-20.303186637241737,-0.03635708494780777,2.791144758578204,-0.00037072,4.904679516480158,0.00017264,0,1.0
5095,3.3845719644234373,4.596931644884259,-0.00033195,1.0103041172259097,2.203373554124283,-18.21277405753623,-0.21789562370390278,14.368957192283238,-0.04593960525765017,-12.034695652427846,0.14951036861664863,-49.013037456602156,0.3196625855594684,50.10484611117357,-0.03635708494780777,0.27752564242831645,-0.00037072,1.8115795957386949,0.00017264,0,1.0
5096,2.282518288194797,2.561376698956131,-0.00033195,1.0103041172259097,2.203373554124283,-32.09763432616361,-0.21789562370390278,1.2603774943790047,-0.04593960525765017,-25.507756542957438,0.14951036861664863,-8.52031040574317,0.3196625855594684,57.07512698776637,-0.03635708494780777,-0.4090660450912318,-0.00037072,0.15064719286997844,0.00017264,1,1.0
5097,-0.6183827548800106,1.4012972234506549,-0.00033195,1.0103041172259097,2.203373554124283,1.8045432611918741,-0.21789562370390278,10.104989816852239,-0.04593960525765017,-62.7929879902912,0.14951036861664863,72.4683328744667,0.3196625855594684,7.647100582529941,-0.03635708494780777,0.9841465840668577,-0.00037072,2.950040993028029,0.00017264,0,1.0
5098,2.856346590533331,28.74223294688167,-0.00033195,1.0103041172259097,2.203373554124283,10.338202062131526,-0.21789562370390278,-1.4374299587659367,-0.04593960525765017,-66.06357490221428,0.14951036861664863,30.39781513961806,0.3196625855594684,50.136887922285375,-0.03635708494780777,0.2635706263767057,-0.00037072,11.248501969597609,0.00017264,0,1.0
5099,2.8516923932782605,12.248444460177712,-0.00033195,1.0103041172259097,2.203373554124283,-49.29254050900056,-0.21789562370390278,-10.639473338774842,-0.04593960525765017,-15.138278971427384,0.14951036861664863,-36.68727706719779,0.3196625855594684,82.49826935306419,-0.03635708494780777,-3.909588367190116,-0.00037072,0.20061005803991905,0.00017264,1,1.0
5100,1.786152221463217,1.1769834380042428,-0.00033195,1.1988090693025082,2.802554574748477,19.43353931314196,-0.21789562370390278,44.00224503509579,-0.04593960525765017,-56.874512883399404,0.14951036861664863,-77.08168190418813,0.3196625855594684,35.79811288407035,-0.03635708494780777,0.2757148615847478,-0.00037072,2.4741652428930068,0.00017264,0,1.0
5101,2.3728858554894945,1.2422659808312144,-0.00033195,1.1988090693025082,2.802554574748477,-60.047821990070865,-0.21789562370390278,13.009625405484874,-0.04593960525765017,-29.576279417523672,0.14951036861664863,-69.57516826571529,0.3196625855594684,92.30181482676306,-0.03635708494780777,-0.32954452020133834,-0.00037072,0.3323613496813385,0.00017264,1,1.0
5102,-0.00045373743146692735,0.37375065168827526,-0.00033195,1.1988090693025082,2.802554574748477,49.09327571695089,-0.21789562370390278,16.92374538606891,-0.04593960525765017,-24.32183882707592,0.14951036861664863,33.89987629553794,0.3196625855594684,-32.06335671577655,-0.03635708494780777,1.4251071871672947,-0.00037072,1.4822387986427055,0.00017264,0,1.0
5103,0.6074063901784525,0.15553592189372967,-0.00033195,1.1988090693025082,2.802554574748477,-28.778041924895746,-0.21789562370390278,8.137284559289268,-0.04593960525765017,-50.19960648456668,0.14951036861664863,14.061280684127816,0.3196625855594684,47.615435851285476,-0.03635708494780777,-0.2504791098514723,-0.00037072,0.2504498592162068,0.00017264,1,1.0
5104,0.18211583659180045,4.266094568017879,-0.00033195,1.1988090693025082,2.802554574748477,81.41232632286192,-0.21789562370390278,-3.657077406583372,-0.04593960525765017,-34.69230649409685,0.14951036861664863,65.48680925543937,0.3196625855594684,-31.519445972141835,-0.03635708494780777,0.5442594386243687,-0.00037072,4.87204513599591,0.00017264,0,1.0
5105,1.3912860853132258,0.6283243492893298,-0.00033195,1.1988090693025082,2.802554574748477,6.098909094316705,-0.21789562370390278,21.85431754718336,-0.04593960525765017,-24.99246377651372,0.14951036861664863,-58.62834129679528,0.3196625855594684,29.59528723760673,-0.03635708494780777,0.29936388262466873,-0.00037072,1.40210809011784,0.00017264,0,1.0
5106,1.5303797784484774,2.806350298846115,-0.00033195,1.1988090693025082,2.802554574748477,-88.35458518747912,-0.21789562370390278,-13.156347185966919,-0.04593960525765017,-33.968255949864,0.14951036861664863,35.173421364511405,0.3196625855594684,94.55881774306256,-0.03635708494780777,-1.2379856278038015,-0.00037072,0.2071977679398206,0.00017264,1,1.0
5107,1.921545038743356,3.7209764180853755,-0.00033195,1.1988090693025082,2.802554574748477,-86.91286978038045,-0.21789562370390278,9.038898273504659,-0.04593960525765017,-27.708493711298942,0.14951036861664863,-37.687653683280374,0.3196625855594684,94.91083670719489,-0.03635708494780777,-1.7754417857390083,-0.00037072,0.21797277906025092,0.00017264,1,1.0
5108,2.655643278685766,3.122625752625957,-0.00033195,1.1988090693025082,2.802554574748477,14.78214130950825,-0.21789562370390278,33.83231896767383,-0.04593960525765017,-25.317069620569924,0.14951036861664863,-96.01280791547266,0.3196625855594684,42.605708621331,-0.03635708494780777,1.2457510692701512,-0.00037072,2.3257977321337826,0.00017264,0,1.0
5109,1.5187280587038159,1.162280474422262,-0.00033195,1.1988090693025082,2.802554574748477,58.293838857328346,-0.21789562370390278,42.25963706473385,-0.04593960525765017,-57.63021802585336,0.14951036861664863,-74.85975546123368,0.3196625855594684,12.089251356061704,-0.03635708494780777,0.717982406012416,-0.00037072,3.531397397208483,0.00017264,0,1.0
5110,0.0003334455708496886,0.6327134501290778,-0.00033195,1.1988090693025082,2.802554574748477,67.89497981596423,-0.21789562370390278,23.40455473755939,-0.04593960525765017,-56.16041247741652,0.14951036861664863,64.12932598110153,0.3196625855594684,-33.62216946483145,-0.03635708494780777,1.8582613885423682,-0.00037072,2.529244496175615,0.00017264,0,1.0
5111,0.0026614944469143254,0.048692266308177905,-0.00033195,1.1988090693025082,2.802554574748477,51.54771265213112,-0.21789562370390278,28.884631377758005,-0.04593960525765017,-68.349895352557,0.14951036861664863,16.207750296400945,0.3196625855594684,-9.811100895667973,-0.03635708494780777,0.5495724034193554,-0.00037072,2.366923895161852,0.00017264,0,1.0
5112,-0.8440998127452921,4.115506565250931,-0.00033195,1.1988090693025082,2.802554574748477,58.95576067390345,-0.21789562370390278,23.779158467923853,-0.04593960525765017,-4.488703408860307,0.14951036861664863,33.10302778049649,0.3196625855594684,-67.75019735595187,-0.03635708494780777,-0.024271448471312906,-0.00037072,1.8817188319188756,0.00017264,1,1.0
5113,2.2598587708283904,1.4136164273530647,-0.00033195,1.1988090693025082,2.802554574748477,-20.185860917184602,-0.21789562370390278,23.952115072219637,-0.04593960525765017,-38.75031732434283,0.14951036861664863,-73.31325331749832,0.3196625855594684,67.22015688795364,-0.03635708494780777,0.2987696935346731,-0.00037072,1.3835528645685808,0.00017264,0,1.0
5114,-1.0795955462322717,12.978101935496653,-0.00033195,1.1988090693025082,2.802554574748477,-8.89746742027469,-0.21789562370390278,8.95326028175677,-0.04593960525765017,-43.808170257854215,0.14951036861664863,-61.64982453463611,0.3196625855594684,25.33083551480588,-0.03635708494780777,-3.397109953946651,-0.00037072,0.4507413025381162,0.00017264,1,1.0
5115,0.7806765832301528,0.22219015933171962,-0.00033195,1.1988090693025082,2.802554574748477,2.4534844080471974,-0.21789562370390278,18.254344940824062,-0.04593960525765017,-50.34331543767464,0.14951036861664863,-2.25169785745215,0.3196625855594684,29.039635918939325,-0.03635708494780777,0.3175057597510791,-0.00037072,1.185459435180862,0.00017264,0,1.0
5116,1.0929132188865545,3.2696298463460742,-0.00033195,1.1988090693025082,2.802554574748477,-32.370987421977965,-0.21789562370390278,-10.231242525347957,-0.04593960525765017,-24.288113508715625,0.14951036861664863,66.85766879431728,0.3196625855594684,41.69929718553327,-0.03635708494780777,-0.31724217676040933,-0.00037072,1.6967890333819224,0.00017264,1,1.0
5117,0.3868945467380773,0.12474282035087858,-0.00033195,1.1988090693025082,2.802554574748477,64.00048913893066,-0.21789562370390278,33.430546762276,-0.04593960525765017,-36.63808154324853,0.14951036861664863,-52.65255963929437,0.3196625855594684,-19.308132686216883,-0.03635708494780777,0.2760291281204075,-0.00037072,2.6760014301711674,0.00017264,0,1.0
5118,0.24839894689829684,0.013597318753996265,-0.00033195,1.1988090693025082,2.802554574748477,-12.679568849133375,-0.21789562370390278,1.7550284737770827,-0.04593960525765017,-18.276400374452,0.14951036861664863,8.892871541470829,0.3196625855594684,18.995609486311466,-0.03635708494780777,-0.03056842930301531,-0.00037072,0.030830150818316186,0.00017264,1,1.0
5119,0.21580378375118411,2.2759392402208722,-0.00033195,1.1988090693025082,2.802554574748477,32.186861372255436,-0.21789562370390278,2.5453229674420683,-0.04593960525765017,-83.69185733134094,0.14951036861664863,87.98248379904925,0.3196625855594684,17.75568386579518,-0.03635708494780777,0.2853296340699665,-0.00037072,3.3277819445098444,0.00017264,0,1.0
5120,1.4299558805616055,0.6204858258621601,-0.00033195,1.1988090693025082,2.802554574748477,-7.826866224377871,-0.21789562370390278,20.39468078686508,-0.04593960525765017,-40.31371911464556,0.14951036861664863,-36.05434296189957,0.3196625855594684,43.64636882243667,-0.03635708494780777,0.3155655591616666,-0.00037072,1.1887812604572487,0.00017264,0,1.0
5121,0.0033478024136105455,0.2680526054120676,-0.00033195,1.1988090693025082,2.802554574748477,31.13413214131774,-0.21789562370390278,10.452520108686668,-0.04593960525765017,-36.51494570716264,0.14951036861664863,56.55068640010379,0.3196625855594684,-14.448243476128912,-0.03635708494780777,1.0277253696559256,-0.00037072,1.4445394306076507,0.00017264,0,1.0
5122,0.16834611847032654,0.027639346488528775,-0.00033195,1.1988090693025082,2.802554574748477,35.65229949889637,-0.21789562370390278,33.71779073960077,-0.04593960525765017,-94.27673032853296,0.14951036861664863,23.850582894760144,0.3196625855594684,12.630066791057212,-0.03635708494780777,0.2824225623139138,-0.00037072,2.3435964017052253,0.00017264,0,1.0
5123,1.4254075861185909,0.5920908046905888,-0.00033195,1.1988090693025082,2.802554574748477,-12.231709792787303,-0.21789562370390278,21.724471723648303,-0.04593960525765017,-56.45131714403216,0.14951036861664863,-21.29063415424238,0.3196625855594684,52.050475395548894,-0.03635708494780777,0.31333275107890673,-0.00037072,1.2586190397249453,0.00017264,0,1.0
5124,1.6401272167368774,0.7552787531885865,-0.00033195,1.1988090693025082,2.802554574748477,-29.340788571140543,-0.21789562370390278,11.301622497475389,-0.04593960525765017,-5.677759826669167,0.14951036861664863,-82.25172499240851,0.3196625855594684,53.66697012945363,-0.03635708494780777,-0.42411230335230143,-0.00037072,0.4274570541134599,0.00017264,1,1.0
5125,0.7766203990073404,1.057479916198456,-0.00033195,1.1988090693025082,2.802554574748477,74.4062020140986,-0.21789562370390278,52.10084404413616,-0.04593960525765017,-33.35129414989335,0.14951036861664863,-91.0314062343759,0.3196625855594684,-27.206213932261072,-0.03635708494780777,0.27160462711355815,-0.00037072,3.131670186549499,0.00017264,0,1.0
5126,-0.002089971196128193,0.19360464630022292,-0.00033195,1.1988090693025082,2.802554574748477,61.38672260453339,-0.21789562370390278,29.660269058254354,-0.04593960525765017,-72.04984427475142,0.14951036861664863,35.978700454718215,0.3196625855594684,-18.049543241946118,-0.03635708494780777,1.0906243863053593,-0.00037072,2.6020768544716866,0.00017264,0,1.0
5127,0.9847104720349288,2.9330252803837267,-0.00033195,1.1988090693025082,2.802554574748477,83.37236377406275,-0.21789562370390278,36.39896280429065,-0.04593960525765017,-68.24177044582225,0.14951036861664863,53.04497132526264,0.3196625855594684,-27.594465384283453,-0.03635708494780777,2.9290822922695914,-0.00037072,3.640855503848854,0.00017264,0,1.0
5128,1.2706856796919188,0.33867253922072843,-0.00033195,1.1988090693025082,2.802554574748477,-57.03660568368741,-0.21789562370390278,7.895657521270088,-0.04593960525765017,-72.5823769120193,0.14951036861664863,26.242264700074504,0.3196625855594684,84.56713736435135,-0.03635708494780777,-0.1396671648441542,-0.00037072,0.1412649255412587,0.00017264,1,1.0
5129,0.001756106152165704,0.36699025499320026,-0.00033195,1.1988090693025082,2.802554574748477,46.903143758729406,-0.21789562370390278,11.033220087906821,-0.04593960525765017,-35.28254182776617,0.14951036861664863,25.367256720085756,0.3196625855594684,-17.058281988898113,-0.03635708494780777,0.6126146059275956,-0.00037072,2.154377818561678,0.00017264,0,1.0
5130,0.5896388023913763,3.599733247428974,-0.00033195,1.1988090693025082,2.802554574748477,-28.251867428801383,-0.21789562370390278,5.106403831880855,-0.04593960525765017,-31.30774887451385,0.14951036861664863,-57.9378147843777,0.3196625855594684,53.89549951856202,-0.03635708494780777,-1.621827895474607,-0.00037072,0.4807942534917595,0.00017264,1,1.0
5131,3.185313063778607,5.375666239391105,-0.00033195,1.1988090693025082,2.802554574748477,-16.760977217502074,-0.21789562370390278,57.54223292001566,-0.04593960525765017,-74.44367186922237,0.14951036861664863,-68.79255257053619,0.3196625855594684,74.62801664459279,-0.03635708494780777,0.2619310550856919,-0.00037072,3.145195845273146,0.00017264,0,1.0
5132,1.5400367263401304,0.777190618887132,-0.00033195,1.1988090693025082,2.802554574748477,0.8654268692515403,-0.21789562370390278,18.861776341959484,-0.04593960525765017,-9.400262512058578,0.14951036861664863,-71.04047814137387,0.3196625855594684,29.637169441415544,-0.03635708494780777,0.30976327899246037,-0.00037072,1.138355117891488,0.00017264,0,1.0
5133,0.6392155965856527,3.689793287252182,-0.00033195,1.1988090693025082,2.802554574748477,30.778316193969104,-0.21789562370390278,-6.917812008228256,-0.04593960525765017,-50.31506283159086,0.14951036861664863,77.02930364229071,0.3196625855594684,12.766173852873047,-0.03635708494780777,0.2728461032428293,-0.00037072,3.694577343219225,0.00017264,0,1.0
5134,2.4690790782257093,4.37197661004458,-0.00033195,1.1988090693025082,2.802554574748477,6.230682331949974,-0.21789562370390278,20.309210475988987,-0.04593960525765017,-51.991976727847266,0.14951036861664863,-10.132912511674615,0.3196625855594684,52.59256833608557,-0.03635708494780777,1.5775786412057942,-0.00037072,2.7508665075944334,0.00017264,0,1.0
5135,0.05644885816455736,2.9963454462288,-0.00033195,1.1988090693025082,2.802554574748477,-58.29399700657272,-0.21789562370390278,5.477067039836957,-0.04593960525765017,-67.73560847556145,0.14951036861664863,73.78861787259298,0.3196625855594684,55.40275246358014,-0.03635708494780777,-1.572887971987936,-0.00037072,0.2191058146816962,0.00017264,1,1.0
5136,0.0033533590745618014,0.09122247678070766,-0.00033195,1.1988090693025082,2.802554574748477,15.813557537720488,-0.21789562370390278,9.389969316664729,-0.04593960525765017,-38.08938804359089,0.14951036861664863,47.17227164164717,0.3196625855594684,-2.038297052878895,-0.03635708494780777,0.7526774371102583,-0.00037072,0.8499545309586676,0.00017264,0,1.0
5137,1.139868592324336,1.5946268738981844,-0.00033195,1.1988090693025082,2.802554574748477,60.97248707490772,-0.21789562370390278,52.64516514170076,-0.04593960525765017,-35.85830962838957,0.14951036861664863,-86.35538440442085,0.3196625855594684,-14.526037618375574,-0.03635708494780777,0.4006751220697917,-0.00037072,3.021522578860829,0.00017264,0,1.0
5138,0.3241225840056816,9.841971360698757,-0.00033195,1.1988090693025082,2.802554574748477,29.578176621172535,-0.21789562370390278,48.58686129370213,-0.04593960525765017,-44.15364730630597,0.14951036861664863,-6.095733436649142,0.3196625855594684,-19.265117924737382,-0.03635708494780777,-0.9553953173581644,-0.00037072,2.7651911706770544,0.00017264,1,1.0
5139,0.3965829679097914,0.15288721602616828,-0.00033195,1.1988090693025082,2.802554574748477,64.80032866437598,-0.21789562370390278,24.887352370344814,-0.04593960525765017,-1.3490519861244281,0.14951036861664863,-72.83560732858109,0.3196625855594684,-31.27665581785362,-0.03635708494780777,0.28710025313771625,-0.00037072,2.298823330058876,0.00017264,0,1.0
5140,1.1721272858972203,1.9679837958521202,-0.00033195,1.1988090693025082,2.802554574748477,68.96413052842638,-0.21789562370390278,60.74098459160689,-0.04593960525765017,-43.971145669283366,0.14951036861664863,-97.04993707766441,0.3196625855594684,-16.967363350491915,-0.03635708494780777,0.2689581105619496,-0.00037072,3.4290797502577153,0.00017264,0,1.0
5141,2.16251834271759,2.1387124623969096,-0.00033195,1.1988090693025082,2.802554574748477,-17.45688889400475,-0.21789562370390278,8.202533824992212,-0.04593960525765017,-14.908712062994038,0.14951036861664863,-62.672017135349115,0.3196625855594684,58.60205301177372,-0.03635708494780777,0.28498351021781543,-0.00037072,1.5035320841391706,0.00017264,0,1.0
5142,2.2195155092556424,2.514611307297276,-0.00033195,1.1988090693025082,2.802554574748477,-83.2965748445051,-0.21789562370390278,-5.497131642579333,-0.04593960525765017,-18.917644933257456,0.14951036861664863,-21.183579472042144,0.3196625855594684,99.02372723935969,-0.03635708494780777,-0.803343487688466,-0.00037072,0.19520577314565402,0.00017264,1,1.0
5143,0.099720890563892,0.9715403104795046,-0.00033195,1.1988090693025082,2.802554574748477,41.534968859272574,-0.21789562370390278,44.64157743652596,-0.04593960525765017,-85.60325151150653,0.14951036861664863,28.900475034710976,0.3196625855594684,-6.983380940830764,-0.03635708494780777,0.28778080984769194,-0.00037072,2.4797552680113295,0.00017264,0,1.0
5144,0.00036062863998020944,0.020527808616836386,-0.00033195,1.1988090693025082,2.802554574748477,12.955498788084945,-0.21789562370390278,8.472769939842404,-0.04593960525765017,-29.40818285904304,0.14951036861664863,24.182004514010483,0.3196625855594684,-0.11553094930340099,-0.03635708494780777,0.40116776235497587,-0.00037072,0.6810154361080014,0.00017264,0,1.0
5145,0.13805951450252785,0.053668605900927834,-0.00033195,1.1988090693025082,2.802554574748477,90.90253992186645,-0.21789562370390278,46.26473849388499,-0.04593960525765017,-74.41868876924583,0.14951036861664863,-40.81245015237434,0.3196625855594684,-25.683577187023044,-0.03635708494780777,0.2679497979971257,-0.00037072,3.8702702900038233,0.00017264,0,1.0
5146,0.0009104789818934478,0.7094969807801976,-0.00033195,1.1988090693025082,2.802554574748477,63.621963755308435,-0.21789562370390278,11.646163261067892,-0.04593960525765017,-6.858799029793054,0.14951036861664863,40.45424213983557,0.3196625855594684,-48.783106395570755,-0.03635708494780777,1.423174048820965,-0.00037072,2.235152517643805,0.00017264,0,1.0
5147,0.3688767753226601,0.30236618441316265,-0.00033195,1.1988090693025082,2.802554574748477,-8.406552187677704,-0.21789562370390278,9.950383514573389,-0.04593960525765017,-26.131339604250112,0.14951036861664863,-6.056299038120171,0.3196625855594684,20.59928311266066,-0.03635708494780777,-0.23242515570365907,-0.00037072,0.40732132513305086,0.00017264,1,1.0
5148,3.436888206423634,7.144929619579181,-0.00033195,1.1988090693025082,2.802554574748477,58.841973194798115,-0.21789562370390278,56.1375476990107,-0.04593960525765017,-76.7221533386358,0.14951036861664863,-90.24117338552972,0.3196625855594684,44.60038625000479,-0.03635708494780777,2.4051622960959493,-0.00037072,4.793855022231492,0.00017264,0,1.0
5149,0.7073994946126456,0.5664518086829916,-0.00033195,1.1988090693025082,2.802554574748477,29.283608476198086,-0.21789562370390278,45.684083861604535,-0.04593960525765017,-97.08226952941303,0.14951036861664863,4.0408194116348835,0.3196625855594684,20.940790903986823,-0.03635708494780777,0.3074103901558429,-0.00037072,2.5416394587301454,0.00017264,0,1.0
5150,0.7913018603835817,0.14449023843410003,-0.00033195,1.1988090693025082,2.802554574748477,-16.26526240584181,-0.21789562370390278,4.3973671576398035,-0.04593960525765017,-3.506400396000937,0.14951036861664863,-33.545094072695015,0.3196625855594684,26.939752390292814,-0.03635708494780777,-0.13725434053560212,-0.00037072,0.13683645847382017,0.00017264,1,1.0
5151,-0.005009957758130845,0.3236364527000934,-0.00033195,1.1988090693025082,2.802554574748477,84.7548731821277,-0.21789562370390278,34.00088643525151,-0.04593960525765017,-64.54793647413062,0.14951036861664863,20.021622045377892,0.3196625855594684,-35.42634548646969,-0.03635708494780777,1.2938937770515588,-0.00037072,3.2327991412601884,0.00017264,0,1.0
5152,-0.004196955416318926,0.5918757775090492,-0.00033195,1.1988090693025082,2.802554574748477,50.111666796198335,-0.21789562370390278,15.220341564986125,-0.04593960525765017,-40.613695296863305,0.14951036861664863,70.14225662269402,0.3196625855594684,-29.139771906086132,-0.03635708494780777,1.5022824034881486,-0.00037072,2.073387842242535,0.00017264,0,1.0
5153,1.238374222635227,0.544741118962325,-0.00033195,1.1988090693025082,2.802554574748477,7.679087108346477,-0.21789562370390278,15.60470019766348,-0.04593960525765017,-3.375975054054021,0.14951036861664863,-62.87876991950884,0.3196625855594684,18.28592050392619,-0.03635708494780777,0.32732819025089843,-0.00037072,1.0687726147226393,0.00017264,0,1.0
5154,1.87714116530735e-05,0.0867181915189499,-0.00033195,1.1988090693025082,2.802554574748477,81.03805269859964,-0.21789562370390278,40.02667483139402,-0.04593960525765017,-81.20125674421985,0.14951036861664863,0.17105029410587125,0.3196625855594684,-22.52644588608489,-0.03635708494780777,0.6341564080464903,-0.00037072,3.47330428346898,0.00017264,0,1.0
5155,0.0017365148622865423,0.4271212877721332,-0.00033195,1.1988090693025082,2.802554574748477,76.45414075243687,-0.21789562370390278,27.96240813244734,-0.04593960525765017,-1.3407105348091548,0.14951036861664863,-34.13721119791024,0.3196625855594684,-54.766536635630516,-0.03635708494780777,0.979950232141786,-0.00037072,2.0798943600893005,0.00017264,0,1.0
5156,-0.11331425400322326,1.335675858650356,-0.00033195,1.1988090693025082,2.802554574748477,99.81293876856007,-0.21789562370390278,48.22201143405408,-0.04593960525765017,-88.86086900733648,0.14951036861664863,67.75991661615447,0.3196625855594684,-51.590181176615204,-0.03635708494780777,2.3423665911109346,-0.00037072,3.4798198343068023,0.00017264,0,1.0
5157,0.8849159538738585,0.39752895903773766,-0.00033195,1.1988090693025082,2.802554574748477,97.734901450996,-0.21789562370390278,62.2186444701853,-0.04593960525765017,-80.44932614322491,0.14951036861664863,-92.00977476206437,0.3196625855594684,-15.275559814303927,-0.03635708494780777,0.2689332166474734,-0.00037072,4.603506540328368,0.00017264,0,1.0
5158,0.013194587076124309,0.8574580628192929,-0.00033195,1.1988090693025082,2.802554574748477,77.17543011073701,-0.21789562370390278,27.881989883839207,-0.04593960525765017,-92.43676938273204,0.14951036861664863,81.4766194671353,0.3196625855594684,-22.333170795780653,-0.03635708494780777,1.7103853039044448,-0.00037072,3.557364482507284,0.00017264,0,1.0
5159,2.9339930163932704,2.458831181297816,-0.00033195,1.1988090693025082,2.802554574748477,-36.873440322100834,-0.21789562370390278,41.54207536276599,-0.04593960525765017,-85.64806233751203,0.14951036861664863,-59.88494919083118,0.3196625855594684,99.77684914977478,-0.03635708494780777,0.28382658689440277,-0.00037072,2.01452802871619,0.00017264,0,1.0
5160,0.5891387653400502,0.43187657478905184,-0.00033195,1.1988090693025082,2.802554574748477,59.2874814402204,-0.21789562370390278,44.39269391097814,-0.04593960525765017,-54.59768048455883,0.14951036861664863,-51.41376934152201,0.3196625855594684,-10.963167455604204,-0.03635708494780777,0.2884516644317596,-0.00037072,2.807124624854209,0.00017264,0,1.0
5161,2.0335541922088023,2.849729564145221,-0.00033195,1.1988090693025082,2.802554574748477,-9.123472434649797,-0.21789562370390278,1.2864613680840526,-0.04593960525765017,-5.758894605858237,0.14951036861664863,-43.117395419466504,0.3196625855594684,47.07386107699314,-0.03635708494780777,0.2834303144123267,-0.00037072,1.9838446180482385,0.00017264,0,1.0
5162,-0.0007172478486077161,0.2630839435906721,-0.00033195,1.1988090693025082,2.802554574748477,64.48583392555106,-0.21789562370390278,20.791853416201747,-0.04593960525765017,-27.603031627907296,0.14951036861664863,10.989836495484669,0.3196625855594684,-36.00513703375391,-0.03635708494780777,1.1538085399711382,-0.00037072,2.157042527965007,0.00017264,0,1.0
5163,-0.1883147380966912,1.2607290517484202,-0.00033195,1.1988090693025082,2.802554574748477,91.87427650082333,-0.21789562370390278,27.62896966214053,-0.04593960525765017,-35.66257958134958,0.14951036861664863,55.76629322283131,0.3196625855594684,-64.18708812784685,-0.03635708494780777,2.389807900461471,-0.00037072,2.6065326061236194,0.00017264,0,1.0
5164,2.085575167083904,6.636875057737566,-0.00033195,1.1988090693025082,2.802554574748477,-51.00907499218934,-0.21789562370390278,12.562583558912927,-0.04593960525765017,-34.63427061198712,0.14951036861664863,37.241317556739965,0.3196625855594684,61.965163391222205,-0.03635708494780777,-0.6467600095643479,-0.00037072,2.223157031470817,0.00017264,1,1.0
5165,-0.0011585993515776938,0.2339726469850539,-0.00033195,1.1988090693025082,2.802554574748477,20.42189610346347,-0.21789562370390278,15.832263584566128,-0.04593960525765017,-58.781777494476806,0.14951036861664863,74.2844911117041,0.3196625855594684,-2.46224989381348,-0.03635708494780777,0.9318781825685635,-0.00037072,1.3513504443176052,0.00017264,0,1.0
5166,0.339873622493632,0.3667527224505919,-0.00033195,1.1988090693025082,2.802554574748477,-23.229702614378194,-0.21789562370390278,-5.645442815023649,-0.04593960525765017,-15.266156358931758,0.14951036861664863,31.38086907341196,0.3196625855594684,24.653932064292007,-0.03635708494780777,-0.35447868088245604,-0.00037072,0.3518849386917511,0.00017264,1,1.0
5167,1.964395458790886,1.0711036231970983,-0.00033195,1.1988090693025082,2.802554574748477,4.804590567091969,-0.21789562370390278,35.645087275726425,-0.04593960525765017,-61.544649035803765,0.14951036861664863,-69.43361869394295,0.3196625855594684,54.167360921128555,-0.03635708494780777,0.28286283871198503,-0.00037072,2.2320333852315843,0.00017264,0,1.0
5168,0.3465351018825529,0.19347958259084957,-0.00033195,1.1988090693025082,2.802554574748477,97.13642859975332,-0.21789562370390278,50.426264532505165,-0.04593960525765017,-52.97741246814896,0.14951036861664863,-76.7623798978236,0.3196625855594684,-34.97974926809992,-0.03635708494780777,0.26608810919323456,-0.00037072,3.856054120479718,0.00017264,0,1.0
5169,-0.09675611265251288,1.2899882001265248,-0.00033195,1.1988090693025082,2.802554574748477,81.55634951134246,-0.21789562370390278,7.297502626991362,-0.04593960525765017,-1.2715984215484526,0.14951036861664863,48.532342696110476,0.3196625855594684,-62.10336010743823,-0.03635708494780777,1.4210067440317513,-0.00037072,3.0672858713075533,0.00017264,0,1.0
5170,2.2061021659354267,2.490765459743203,-0.00033195,1.1988090693025082,2.802554574748477,-75.06704427059033,-0.21789562370390278,14.859266876647858,-0.04593960525765017,-35.67609746223541,0.14951036861664863,-66.85876285128165,0.3196625855594684,100.0,-0.03635708494780777,-1.1627845408892399,-0.00037072,0.22135675427891455,0.00017264,1,1.0
5171,0.17138493529155485,3.5367784697908915,-0.00033195,1.1988090693025082,2.802554574748477,-6.5429017876766435,-0.21789562370390278,22.038757192293367,-0.04593960525765017,-28.232681516663,0.14951036861664863,1.1592284267203143,0.3196625855594684,6.951801139695761,-0.03635708494780777,-1.1228305611951217,-0.00037072,1.110952264994901,0.00017264,1,1.0
5172,-0.0020131194289820797,0.4391884992771589,-0.00033195,1.1988090693025082,2.802554574748477,30.635541131463373,-0.21789562370390278,9.033698328795948,-0.04593960525765017,-38.29170058424188,0.14951036861664863,77.60964302875992,0.3196625855594684,-16.893433882053333,-0.03635708494780777,0.9706769781477881,-0.00037072,1.796443704764442,0.00017264,0,1.0
5173,1.9541006312711875,5.728947840894869,-0.00033195,1.1988090693025082,2.802554574748477,21.04001229735126,-0.21789562370390278,-1.9001680926317945,-0.04593960525765017,-23.461193036684485,0.14951036861664863,-10.125334191137672,0.3196625855594684,35.850808964278336,-0.03635708494780777,0.3400371797461679,-0.00037072,3.85705127010526,0.00017264,0,1.0
5174,1.5075737481267946,0.7108781964223951,-0.00033195,1.1988090693025082,2.802554574748477,30.131508548454235,-0.21789562370390278,39.444388746088656,-0.04593960525765017,-71.71822111738447,0.14951036861664863,-61.12493743830896,0.3196625855594684,35.509114025239086,-0.03635708494780777,0.27335244145810367,-0.00037072,2.8763781511772235,0.00017264,0,1.0
5175,1.5984545338616627,2.2090131940312854,-0.00033195,1.1988090693025082,2.802554574748477,-41.07616558438966,-0.21789562370390278,2.610000661710387,-0.04593960525765017,-52.811414147475894,0.14951036861664863,59.7072215320149,0.3196625855594684,63.98216210135865,-0.03635708494780777,0.14018395754393131,-0.00037072,1.6018840131497072,0.00017264,0,1.0
5176,-0.002944440641205137,0.894906957064652,-0.00033195,1.1988090693025082,2.802554574748477,97.7106129375631,-0.21789562370390278,25.970808583737643,-0.04593960525765017,-20.78768314179891,0.14951036861664863,23.164556255971043,0.3196625855594684,-65.52278988774462,-0.03635708494780777,2.084478341338947,-0.00037072,2.9545623089434745,0.00017264,0,1.0
5177,0.586802510331814,1.076040263028879,-0.00033195,1.1988090693025082,2.802554574748477,40.69582161229285,-0.21789562370390278,9.251926487108491,-0.04593960525765017,-27.445349922183382,0.14951036861664863,-11.261240162239169,0.3196625855594684,-0.43024404155945506,-0.03635708494780777,0.27159230872851703,-0.00037072,2.5819639196142576,0.00017264,0,1.0
5178,1.3513457788731016,0.7177084742753038,-0.00033195,1.1988090693025082,2.802554574748477,-38.59297643876436,-0.21789562370390278,14.632447172129448,-0.04593960525765017,-49.58291571120745,0.14951036861664863,-32.56300096553016,0.3196625855594684,69.0651066725884,-0.03635708494780777,-0.513215737565387,-0.00037072,0.5234162445905182,0.00017264,1,1.0
5179,2.0954203989794626,5.813678824987821,-0.00033195,1.1988090693025082,2.802554574748477,4.828226028364401,-0.21789562370390278,20.706306261543826,-0.04593960525765017,-92.05684480014358,0.14951036861664863,-33.7629163198022,0.3196625855594684,79.38510154017328,-0.03635708494780777,-0.09048409791119938,-0.00037072,3.585081429013994,0.00017264,1,1.0
5180,2.571406245873055,6.272660567266003,-0.00033195,1.1988090693025082,2.802554574748477,24.651567162069945,-0.21789562370390278,76.44202396603272,-0.04593960525765017,-90.4061292723874,0.14951036861664863,-63.26204608024268,0.3196625855594684,37.52728687261801,-0.03635708494780777,0.2724174367689527,-0.00037072,4.193530265243418,0.00017264,0,1.0
5181,0.39285963881917085,0.0947967705540538,-0.00033195,1.1988090693025082,2.802554574748477,-2.570860866862291,-0.21789562370390278,17.847476222916395,-0.04593960525765017,-67.64737626136628,0.14951036861664863,39.200488175660894,0.3196625855594684,28.160223011405698,-0.03635708494780777,0.34291056896006306,-0.00037072,0.9803710493324416,0.00017264,0,1.0
5182,0.8525244847633522,3.753114137275962,-0.00033195,1.1988090693025082,2.802554574748477,-87.69485932473239,-0.21789562370390278,-23.676333902804892,-0.04593960525765017,-16.714061567134543,0.14951036861664863,64.0847498106988,0.3196625855594684,74.65656393319043,-0.03635708494780777,-1.924534075616677,-0.00037072,0.2208245262310562,0.00017264,1,1.0
5183,-0.3597291192647223,7.437244053954308,-0.00033195,1.1988090693025082,2.802554574748477,44.252168074349754,-0.21789562370390278,19.943872092613635,-0.04593960525765017,-25.329934682477354,0.14951036861664863,-76.13317495822801,0.3196625855594684,-10.62483806246035,-0.03635708494780777,-1.519685735780336,-0.00037072,1.9670435173039083,0.00017264,1,1.0
5184,0.8340662523222033,3.262574868070324,-0.00033195,1.1988090693025082,2.802554574748477,-52.294119581474995,-0.21789562370390278,15.666312110071448,-0.04593960525765017,-42.258565528236545,0.14951036861664863,-26.42526721441602,0.3196625855594684,62.059607802859865,-0.03635708494780777,-1.6799731113293999,-0.00037072,0.22604516842521816,0.00017264,1,1.0
5185,1.8438368947252182,13.197663895014962,-0.00033195,1.1988090693025082,2.802554574748477,59.906015511432784,-0.21789562370390278,-5.439533675610964,-0.04593960525765017,-73.340336780131,0.14951036861664863,52.165118537102195,0.3196625855594684,33.920243865533855,-0.03635708494780777,0.2677412550412188,-0.00037072,6.824536115073011,0.00017264,0,1.0
5186,1.2265018475748306,2.3368113342467045,-0.00033195,1.1988090693025082,2.802554574748477,-74.22221409978665,-0.21789562370390278,-8.46184587255169,-0.04593960525765017,-28.986056418222205,0.14951036861664863,28.168957378278034,0.3196625855594684,77.1692109098452,-0.03635708494780777,-1.125904968110843,-0.00037072,0.12994621843201792,0.00017264,1,1.0
5187,1.4435311690822996,1.1047743455359509,-0.00033195,1.1988090693025082,2.802554574748477,-74.94159082697453,-0.21789562370390278,-0.6540923908902219,-0.04593960525765017,-74.68160964355829,0.14951036861664863,60.91834793047562,0.3196625855594684,96.80801455553926,-0.03635708494780777,-0.4429871628331137,-0.00037072,0.42882752409004954,0.00017264,1,1.0
5188,0.6065542997671673,0.14511638441322094,-0.00033195,1.1988090693025082,2.802554574748477,-51.357447490519256,-0.21789562370390278,9.256866623318059,-0.04593960525765017,-97.57576864667936,0.14951036861664863,73.23792438009521,0.3196625855594684,76.21936183009143,-0.03635708494780777,-0.22513302354843812,-0.00037072,0.22481878659845966,0.00017264,1,1.0
5189,0.9310095753680631,1.3057143275477945,-0.00033195,1.1988090693025082,2.802554574748477,32.20484098973145,-0.21789562370390278,26.143772925189666,-0.04593960525765017,-90.96094638361433,0.14951036861664863,55.08893012071737,0.3196625855594684,21.97042205882602,-0.03635708494780777,1.5437168036679498,-0.00037072,2.6515976578550733,0.00017264,0,1.0
5190,0.1718746621074791,2.9761975084106282,-0.00033195,1.1988090693025082,2.802554574748477,-26.251207841892658,-0.21789562370390278,6.480074425750898,-0.04593960525765017,-48.05117053183308,0.14951036861664863,-19.819730665808514,0.3196625855594684,47.76769576728113,-0.03635708494780777,-1.4381165375631033,-0.00037072,0.3476740204504297,0.00017264,1,1.0
5191,0.39685051064539656,0.49824259537537324,-0.00033195,1.1988090693025082,2.802554574748477,-12.632804533826516,-0.21789562370390278,2.1643436088278394,-0.04593960525765017,-55.96186491703046,0.14951036861664863,88.37144492825809,0.3196625855594684,26.885944089062736,-0.03635708494780777,0.2823717919568387,-0.00037072,1.3186479255401864,0.00017264,0,1.0
5192,-0.0015175960708589953,0.11663821560266996,-0.00033195,1.1988090693025082,2.802554574748477,-2.0222888924018743,-0.21789562370390278,5.187523166804236,-0.04593960525765017,-54.222845473931486,0.14951036861664863,84.59303149461233,0.3196625855594684,12.73609631434689,-0.03635708494780777,0.3549202357178467,-0.00037072,1.0284182497023153,0.00017264,0,1.0
5193,2.087741345636604,8.82041102713848,-0.00033195,1.1988090693025082,2.802554574748477,51.64758740969498,-0.21789562370390278,61.20846640086746,-0.04593960525765017,-62.590888395560825,0.14951036861664863,30.282338478378943,0.3196625855594684,-12.242403925773285,-0.03635708494780777,1.3820688891936062,-0.00037072,4.939456014590849,0.00017264,0,1.0
5194,-0.003516394758763308,0.439527711473992,-0.00033195,1.1988090693025082,2.802554574748477,57.23128636230658,-0.21789562370390278,31.274413862898175,-0.04593960525765017,-94.32133140900653,0.14951036861664863,84.63750173375934,0.3196625855594684,-13.857837303196458,-0.03635708494780777,1.7858100345826546,-0.00037072,2.5204258499519616,0.00017264,0,1.0
5195,0.6282255346744914,0.19432456086258054,-0.00033195,1.1988090693025082,2.802554574748477,-33.84391270426717,-0.21789562370390278,9.159817736610151,-0.04593960525765017,-63.28605426578093,0.14951036861664863,24.51351125890626,0.3196625855594684,55.99691169674147,-0.03635708494780777,-0.28384828052172917,-0.00037072,0.28396475692775036,0.00017264,1,1.0
5196,2.139168435534995,2.588440638631499,-0.00033195,1.1988090693025082,2.802554574748477,36.93243684760687,-0.21789562370390278,40.57202946684162,-0.04593960525765017,-99.79309664143285,0.14951036861664863,-51.027265907003105,0.3196625855594684,56.01277566897347,-0.03635708494780777,0.6578837305224436,-0.00037072,4.1361261483586755,0.00017264,0,1.0
5197,-0.024188513595228445,1.04337527685033,-0.00033195,1.1988090693025082,2.802554574748477,74.30346147256658,-0.21789562370390278,23.106723847185176,-0.04593960525765017,-76.06529463164736,0.14951036861664863,95.96478868937912,0.3196625855594684,-31.64896433595286,-0.03635708494780777,2.0203801442907334,-0.00037072,3.208066136768709,0.00017264,0,1.0
5198,1.282133890493339,0.5522263598899474,-0.00033195,1.1988090693025082,2.802554574748477,-43.30459335597592,-0.21789562370390278,17.548731994857956,-0.04593960525765017,-99.25947799011547,0.14951036861664863,59.22543038049779,0.3196625855594684,79.42203091525874,-0.03635708494780777,0.3567758450277935,-0.00037072,0.8924497517092878,0.00017264,0,1.0
5199,1.943951302942348,5.897897608778086,-0.00033195,1.1988090693025082,2.802554574748477,75.3378954926671,-0.21789562370390278,21.38125288801758,-0.04593960525765017,-49.20574108414703,0.14951036861664863,-73.8252897637333,0.3196625855594684,19.530931790358412,-0.03635708494780777,0.2699801992535589,-0.00037072,5.600871183651834,0.00017264,0,1.0
5200,0.2904936439298954,0.10332705971906922,-0.00033195,1.4316556398362377,4.7704629790217785,-81.32082804366435,-0.21789562370390278,-14.013436029848558,-0.04593960525765017,-60.36778980793744,0.14951036861664863,58.59950771826476,0.3196625855594684,85.72593300575451,-0.03635708494780777,-0.1141230509649121,-0.00037072,0.11812343104639486,0.00017264,1,1.0
5201,0.42734354470093977,0.04350368735116045,-0.00033195,1.4316556398362377,4.7704629790217785,-74.2634627928731,-0.21789562370390278,-1.7224234302074772,-0.04593960525765017,-15.04884420654452,0.14951036861664863,11.238105527247757,0.3196625855594684,62.13669973803626,-0.03635708494780777,-0.08438015728818431,-0.00037072,0.08420886099935414,0.00017264,1,1.0
5202,0.002374829847197113,0.13084747204012284,-0.00033195,1.4316556398362377,4.7704629790217785,29.907401441089394,-0.21789562370390278,26.904930313216482,-0.04593960525765017,-60.98356483309823,0.14951036861664863,-72.2558543485646,0.3196625855594684,9.30157811856381,-0.03635708494780777,-0.07581303104085907,-0.00037072,0.2506771895366728,0.00017264,1,1.0
5203,0.1277455180426736,0.015811479968481854,-0.00033195,1.4316556398362377,4.7704629790217785,-50.39698856838251,-0.21789562370390278,18.005162627170876,-0.04593960525765017,-91.75250664285817,0.14951036861664863,50.553233483288004,0.3196625855594684,57.219128098152844,-0.03635708494780777,-0.07918059667693642,-0.00037072,0.07910647060357978,0.00017264,1,1.0
5204,0.12513442859934398,0.01353225229967867,-0.00033195,1.4316556398362377,4.7704629790217785,-17.498795413558664,-0.21789562370390278,9.235156652597793,-0.04593960525765017,-23.831809771601687,0.14951036861664863,-71.8939187924093,0.3196625855594684,28.206565741747173,-0.03635708494780777,-0.05278639917256671,-0.00037072,0.06592388816394391,0.00017264,1,1.0
5205,-0.00012646143531724885,0.09291040773815545,-0.00033195,1.4316556398362377,4.7704629790217785,0.06798351981851547,-0.21789562370390278,19.110451831869636,-0.04593960525765017,-27.00594198919774,0.14951036861664863,55.923291176776075,0.3196625855594684,-6.649282185604184,-0.03635708494780777,-0.1325195028088315,-0.00037072,0.14589496604733465,0.00017264,1,1.0
5206,0.0044587705685395496,0.00026625394568309107,-0.00033195,1.4316556398362377,4.7704629790217785,-22.641446353615112,-0.21789562370390278,2.2801690625969497,-0.04593960525765017,-45.09667467644751,0.14951036861664863,81.96868853619232,0.3196625855594684,22.432542790308528,-0.03635708494780777,-0.009147427198006559,-0.00037072,0.009143564086858104,0.00017264,1,1.0
5207,0.08498081572591633,0.0021316479784660317,-0.00033195,1.4316556398362377,4.7704629790217785,-16.99082231969651,-0.21789562370390278,5.901615003475266,-0.04593960525765017,-21.17916085126616,0.14951036861664863,-30.898719277544668,0.3196625855594684,22.077691896256173,-0.03635708494780777,-0.0324772899018342,-0.00037072,0.03246555383459385,0.00017264,1,1.0
5208,9.369267180051044e-05,0.1512159293195003,-0.00033195,1.4316556398362377,4.7704629790217785,79.33868192578255,-0.21789562370390278,13.948525858575847,-0.04593960525765017,-36.33363421123321,0.14951036861664863,90.69767368567739,0.3196625855594684,-31.804023049610183,-0.03635708494780777,0.1262076023099814,-0.00037072,0.3141971182544312,0.00017264,0,1.0
5209,0.003985619861548523,0.13748052372981073,-0.00033195,1.4316556398362377,4.7704629790217785,74.37141396388388,-0.21789562370390278,14.475125227122984,-0.04593960525765017,-29.845225268404512,0.14951036861664863,95.82289845346911,0.3196625855594684,-34.22789638066158,-0.03635708494780777,0.145358788237613,-0.00037072,0.26029880759175045,0.00017264,0,1.0
5210,0.0004926232969065802,0.12536715869298462,-0.00033195,1.4316556398362377,4.7704629790217785,-1.5977855122932345,-0.21789562370390278,35.131278097140324,-0.04593960525765017,-83.61792482830101,0.14951036861664863,-94.84545858085932,0.3196625855594684,29.786896144890825,-0.03635708494780777,-0.17456902587337386,-0.00037072,0.21216116043737088,0.00017264,1,1.0
5211,0.0012563519425735914,0.11046959684310328,-0.00033195,1.4316556398362377,4.7704629790217785,50.098816485042484,-0.21789562370390278,15.387610057092365,-0.04593960525765017,-29.11649287107562,0.14951036861664863,17.931685660665188,0.3196625855594684,-17.27247731082156,-0.03635708494780777,0.05430683652230364,-0.00037072,0.20825998770222057,0.00017264,0,1.0
5212,0.24433317694507065,0.06165008973765668,-0.00033195,1.4316556398362377,4.7704629790217785,-55.83877622300144,-0.21789562370390278,-16.48300742690001,-0.04593960525765017,-9.54775990790505,0.14951036861664863,80.19026091776254,0.3196625855594684,44.847112465300896,-0.03635708494780777,-0.1061546899495677,-0.00037072,0.107097744217613,0.00017264,1,1.0
5213,0.5586023450439573,0.23370759485956588,-0.00033195,1.4316556398362377,4.7704629790217785,63.33546674616278,-0.21789562370390278,45.786500857893124,-0.04593960525765017,-76.35999429356555,0.14951036861664863,14.280800306641051,0.3196625855594684,13.268289791492098,-0.03635708494780777,0.26286257588495343,-0.00037072,0.48878862981956517,0.00017264,0,1.0
5214,0.05445367848520588,0.1613392234056127,-0.00033195,1.4316556398362377,4.7704629790217785,62.7726084336284,-0.21789562370390278,27.27679087933962,-0.04593960525765017,-49.63565027838189,0.14951036861664863,-34.194053892561804,0.3196625855594684,-11.056113064811962,-0.03635708494780777,0.03132678028616526,-0.00037072,0.3267976105098965,0.00017264,0,1.0
5215,0.1923165008311437,0.09449624933727199,-0.00033195,1.4316556398362377,4.7704629790217785,-65.6095662870517,-0.21789562370390278,-15.818209073534645,-0.04593960525765017,-52.05568017719641,0.14951036861664863,76.87800967979658,0.3196625855594684,68.6380212132086,-0.03635708494780777,-0.11834452048240676,-0.00037072,0.11751720994824844,0.00017264,1,1.0
5216,0.0010654746641808877,0.03513086926600749,-0.00033195,1.4316556398362377,4.7704629790217785,-8.971788452724603,-0.21789562370390278,-2.651036164259289,-0.04593960525765017,-33.30176503394756,0.14951036861664863,57.25423159795023,0.3196625855594684,17.24416457054574,-0.03635708494780777,-0.02635075424169142,-0.00037072,0.07413871183799883,0.00017264,1,1.0
5217,0.4729657235040994,0.2638203211104987,-0.00033195,1.4316556398362377,4.7704629790217785,25.035210687121534,-0.21789562370390278,22.079622698752022,-0.04593960525765017,-78.41504116251987,0.14951036861664863,-18.88252153675412,0.3196625855594684,46.358016463100874,-0.03635708494780777,0.1036702261276779,-0.00037072,0.4639913645655102,0.00017264,0,1.0
5218,0.4125549449327629,0.21190220020916756,-0.00033195,1.4316556398362377,4.7704629790217785,-9.206676270486861,-0.21789562370390278,35.67426974610126,-0.04593960525765017,-83.73669760024379,0.14951036861664863,71.1810048758949,0.3196625855594684,37.77842369401804,-0.03635708494780777,0.0584805447161162,-0.00037072,0.2912976294094312,0.00017264,0,1.0
5219,0.18140994176339206,0.26010556740139135,-0.00033195,1.4316556398362377,4.7704629790217785,-27.876460768443174,-0.21789562370390278,31.42607640744326,-0.04593960525765017,-38.02690259273192,0.14951036861664863,55.450585594927084,0.3196625855594684,11.272922357163077,-0.03635708494780777,-0.2494331404065728,-0.00037072,0.25000586029085836,0.00017264,1,1.0
5220,0.19136220068097318,0.0156795580479707,-0.00033195,1.4316556398362377,4.7704629790217785,-60.18364994946651,-0.21789562370390278,18.884854116824645,-0.04593960525765017,-97.47509579736217,0.14951036861664863,11.897356228443323,0.3196625855594684,71.63157781182994,-0.03635708494780777,-0.08638024726211652,-0.00037072,0.08623719831275822,0.00017264,1,1.0
5221,0.002660302840704565,0.12062070255832365,-0.00033195,1.4316556398362377,4.7704629790217785,31.253988507357256,-0.21789562370390278,26.094811770185107,-0.04593960525765017,-53.58596196357835,0.14951036861664863,39.316720115572494,0.3196625855594684,-7.426471081838581,-0.03635708494780777,-0.002160469709356211,-0.00037072,0.19860858304293774,0.00017264,1,1.0
5222,0.23889030089986402,0.035923747634072536,-0.00033195,1.4316556398362377,4.7704629790217785,-53.40201825891016,-0.21789562370390278,23.918509307328762,-0.04593960525765017,-77.11307517463426,0.14951036861664863,-26.78631035332688,0.3196625855594684,61.20291463540959,-0.03635708494780777,-0.10778117902264868,-0.00037072,0.10989644120636131,0.00017264,1,1.0
5223,0.0035488407561856117,0.07049206194539219,-0.00033195,1.4316556398362377,4.7704629790217785,11.69573320995948,-0.21789562370390278,11.258738634871532,-0.04593960525765017,-42.04159741486645,0.14951036861664863,-30.342650115424888,0.3196625855594684,13.421286855396952,-0.03635708494780777,-0.05135557543203373,-0.00037072,0.1564072938347843,0.00017264,1,1.0
5224,0.006187792315698937,0.1701647178655663,-0.00033195,1.4316556398362377,4.7704629790217785,62.95208574573527,-0.21789562370390278,34.24116613905946,-0.04593960525765017,-83.0998004712011,0.14951036861664863,58.02245154568509,0.3196625855594684,-11.71481973913333,-0.03635708494780777,0.05871208356207264,-0.00037072,0.3352116815344148,0.00017264,0,1.0
5225,0.0006785334437249824,0.12941526266837633,-0.00033195,1.4316556398362377,4.7704629790217785,31.025136514350173,-0.21789562370390278,26.79762928525723,-0.04593960525765017,-78.51469064681217,0.14951036861664863,18.319269231616666,0.3196625855594684,8.059780528099799,-0.03635708494780777,-0.013642292222631025,-0.00037072,0.25145110734455056,0.00017264,1,1.0
5226,0.15950635462472365,0.023324627851510456,-0.00033195,1.4316556398362377,4.7704629790217785,-50.09736115002521,-0.21789562370390278,20.250738191052168,-0.04593960525765017,-91.43704936262843,0.14951036861664863,-21.116496853843618,0.3196625855594684,65.28966449828658,-0.03635708494780777,-0.10452949883149806,-0.00037072,0.10471210266224446,0.00017264,1,1.0
5227,0.15222395431145616,0.0025174362797599974,-0.00033195,1.4316556398362377,4.7704629790217785,-28.86556897926403,-0.21789562370390278,1.7078937422746878,-0.04593960525765017,-17.22493485547499,0.14951036861664863,-17.846123483215614,0.3196625855594684,30.244690062200437,-0.03635708494780777,-0.004738928239105745,-0.00037072,0.005130510519016816,0.00017264,1,1.0
5228,0.3477410518776163,0.009466103686763046,-0.00033195,1.4316556398362377,4.7704629790217785,-78.0227175994492,-0.21789562370390278,11.11420418517287,-0.04593960525765017,-75.22842555894013,0.14951036861664863,-19.11837950425902,0.3196625855594684,85.22699251145131,-0.03635708494780777,-0.041029113527064405,-0.00037072,0.04129750070288817,0.00017264,1,1.0
5229,0.00048289795613889325,0.07854680472549382,-0.00033195,1.4316556398362377,4.7704629790217785,35.193851950657404,-0.21789562370390278,3.35416413822632,-0.04593960525765017,-1e-20,0.14951036861664863,67.43260322824608,0.3196625855594684,-23.812509771731605,-0.03635708494780777,0.072935653166294,-0.00037072,0.10471332262882341,0.00017264,0,1.0
5230,0.38250151862564596,0.03468170941516699,-0.00033195,1.4316556398362377,4.7704629790217785,-68.6367004129178,-0.21789562370390278,-2.5391013573162553,-0.04593960525765017,-27.048654615738734,0.14951036861664863,-69.78662101792496,0.3196625855594684,73.83556266639565,-0.03635708494780777,-0.05305927561595262,-0.00037072,0.05345775854543711,0.00017264,1,1.0
5231,0.36115074232650474,0.04836909118035472,-0.00033195,1.4316556398362377,4.7704629790217785,-69.86395315268106,-0.21789562370390278,-0.761965761564722,-0.04593960525765017,-23.65839847392018,0.14951036861664863,63.55143468416364,0.3196625855594684,54.4723008109131,-0.03635708494780777,-0.106549509221315,-0.00037072,0.10585227404614365,0.00017264,1,1.0
5232,0.7772636457683512,0.2668209376923918,-0.00033195,1.4316556398362377,4.7704629790217785,18.071980291456033,-0.21789562370390278,43.09676096557219,-0.04593960525765017,-75.20975087021263,0.14951036861664863,-95.05375800174609,0.3196625855594684,57.62774710897448,-0.03635708494780777,0.20523890561434502,-0.00037072,0.4697375258320996,0.00017264,0,1.0
5233,0.2596156304484983,0.017457591740741157,-0.00033195,1.4316556398362377,4.7704629790217785,-66.7297589254105,-0.21789562370390278,16.56493642991209,-0.04593960525765017,-90.7173130763097,0.14951036861664863,-36.74269244553246,0.3196625855594684,81.89875050251895,-0.03635708494780777,-0.09072063498789382,-0.00037072,0.09097076387024072,0.00017264,1,1.0
5234,0.005126712363747399,0.20468780201678255,-0.00033195,1.4316556398362377,4.7704629790217785,12.910687210346872,-0.21789562370390278,39.66188684266206,-0.04593960525765017,-67.92343290406619,0.14951036861664863,-0.9020294117751255,0.3196625855594684,1.5716529025327637,-0.03635708494780777,-0.14948469301104775,-0.00037072,0.23852705734593846,0.00017264,1,1.0
5235,0.3779784677112429,0.11035452228533181,-0.00033195,1.4316556398362377,4.7704629790217785,-44.8326445796155,-0.21789562370390278,22.748898618019425,-0.04593960525765017,-91.07439359213687,0.14951036861664863,58.66284437885061,0.3196625855594684,64.94883486888922,-0.03635708494780777,0.03949555361199588,-0.00037072,0.16181455022229183,0.00017264,0,1.0
5236,0.0014956796296086983,0.10605807686340268,-0.00033195,1.4316556398362377,4.7704629790217785,55.294076061271646,-0.21789562370390278,15.304152567214867,-0.04593960525765017,-3.323525283113267,0.14951036861664863,18.9908013056115,0.3196625855594684,-33.43231419663671,-0.03635708494780777,0.07518876584721351,-0.00037072,0.16021792853446234,0.00017264,0,1.0
5237,0.270478939863797,0.018763976556194273,-0.00033195,1.4316556398362377,4.7704629790217785,-50.436910572952534,-0.21789562370390278,7.642953361136449,-0.04593960525765017,-42.74437036582066,0.14951036861664863,-97.44585261641312,0.3196625855594684,63.998130613827115,-0.03635708494780777,-0.07785924350414067,-0.00037072,0.0777706423209168,0.00017264,1,1.0
5238,0.46256244777306776,0.2115941372343516,-0.00033195,1.4316556398362377,4.7704629790217785,84.88906723755781,-0.21789562370390278,31.75883325392687,-0.04593960525765017,-51.91251399473465,0.14951036861664863,67.86261531972136,0.3196625855594684,-9.235160860801523,-0.03635708494780777,0.30765364472215484,-0.00037072,0.4806232470577648,0.00017264,0,1.0
5239,0.0007965690545466142,0.09441373249231388,-0.00033195,1.4316556398362377,4.7704629790217785,37.5014488169432,-0.21789562370390278,8.492898375845373,-0.04593960525765017,-22.47672030269724,0.14951036861664863,98.36307506402217,0.3196625855594684,-19.945826551352194,-0.03635708494780777,0.10915929088879857,-0.00037072,0.11864289032331986,0.00017264,0,1.0
5240,0.16967694890377408,0.0028359341066101773,-0.00033195,1.4316556398362377,4.7704629790217785,-18.928269393524992,-0.21789562370390278,5.9959914624744455,-0.04593960525765017,-1.8160424965336204,0.14951036861664863,-87.25355140686396,0.3196625855594684,23.646215878332747,-0.03635708494780777,-0.030701685379878826,-0.00037072,0.030818672902335063,0.00017264,1,1.0
5241,0.36074051855583816,0.03522106310606835,-0.00033195,1.4316556398362377,4.7704629790217785,-74.87379972035217,-0.21789562370390278,-4.875100276798204,-0.04593960525765017,-31.915759644094678,0.14951036861664863,48.31874151481034,0.3196625855594684,65.86363547795766,-0.03635708494780777,-0.06765083489881887,-0.00037072,0.06767844362725883,0.00017264,1,1.0
5242,0.00032744247258875703,0.13617370565329484,-0.00033195,1.4316556398362377,4.7704629790217785,79.9589738333814,-0.21789562370390278,20.189017492357102,-0.04593960525765017,-9.65587608121583,0.14951036861664863,-18.42133841379329,0.3196625855594684,-39.00568498574305,-0.03635708494780777,0.08066396570264459,-0.00037072,0.2626746076383313,0.00017264,0,1.0
5243,0.47930056816789746,0.05676531920347289,-0.00033195,1.4316556398362377,4.7704629790217785,-90.077866623169,-0.21789562370390278,-7.104761745750907,-0.04593960525765017,-25.865878284989822,0.14951036861664863,10.654777934059732,0.3196625855594684,81.49222233878056,-0.03635708494780777,-0.07421040200541029,-0.00037072,0.07436502067816561,0.00017264,1,1.0
5244,0.27223972784554906,0.05957335090857191,-0.00033195,1.4316556398362377,4.7704629790217785,-48.07122774224315,-0.21789562370390278,22.77244585898398,-0.04593960525765017,-49.5776760450945,0.14951036861664863,-27.164856907725955,0.3196625855594684,47.004324549223,-0.03635708494780777,-0.12392035828677446,-0.00037072,0.12356698804667639,0.00017264,1,1.0
5245,0.1991428985663396,0.004469348821016855,-0.00033195,1.4316556398362377,4.7704629790217785,-46.68883488087199,-0.21789562370390278,2.382816752831995,-0.04593960525765017,-38.627953441196034,0.14951036861664863,17.54346990748548,0.3196625855594684,46.9868505672633,-0.03635708494780777,-0.004186921270907342,-0.00037072,0.004249679069084551,0.00017264,1,1.0
5246,1.020874647593423,0.440582919728525,-0.00033195,1.4316556398362377,4.7704629790217785,45.63488841780032,-0.21789562370390278,40.54310007234234,-0.04593960525765017,-16.596881503785696,0.14951036861664863,21.87471056643066,0.3196625855594684,18.034951472568526,-0.03635708494780777,0.3781898746930109,-0.00037072,0.5291279237269186,0.00017264,0,1.0
5247,0.6327014116686993,0.23571413614613151,-0.00033195,1.4316556398362377,4.7704629790217785,5.947215748790167,-0.21789562370390278,32.91150780031183,-0.04593960525765017,-99.86617673248594,0.14951036861664863,66.12085813969358,0.3196625855594684,56.65657069967247,-0.03635708494780777,0.24245676990835222,-0.00037072,0.3859285818326119,0.00017264,0,1.0
5248,0.3241814150128342,0.030673535728911034,-0.00033195,1.4316556398362377,4.7704629790217785,-71.15137997090743,-0.21789562370390278,-5.161448038824323,-0.04593960525765017,-37.83699121374533,0.14951036861664863,40.24881280348575,0.3196625855594684,66.66004930732895,-0.03635708494780777,-0.04968209517273925,-0.00037072,0.051311929960205865,0.00017264,1,1.0
5249,0.38071325201583645,0.010508498614473585,-0.00033195,1.4316556398362377,4.7704629790217785,-71.94054638417906,-0.21789562370390278,10.974458023828097,-0.04593960525765017,-54.43006817736504,0.14951036861664863,-67.81428094197044,0.3196625855594684,79.1684795079514,-0.03635708494780777,-0.04233635062342492,-0.00037072,0.04239444026450134,0.00017264,1,1.0
5250,0.4409470154084483,0.05115740590596737,-0.00033195,1.4316556398362377,4.7704629790217785,-68.14262606253654,-0.21789562370390278,8.421588643252175,-0.04593960525765017,-49.14677672154226,0.14951036861664863,-81.01235088979443,0.3196625855594684,81.92100733677137,-0.03635708494780777,-0.020385289346972535,-0.00037072,0.07741606639551628,0.00017264,1,1.0
5251,0.33847015706384476,0.011577967660190761,-0.00033195,1.4316556398362377,4.7704629790217785,-66.4321890477385,-0.21789562370390278,15.251423712817987,-0.04593960525765017,-63.27402884904734,0.14951036861664863,-70.53657086447045,0.3196625855594684,76.35152467542389,-0.03635708494780777,-0.06688913862990564,-0.00037072,0.06683935891429849,0.00017264,1,1.0
5252,0.07568375629810534,0.0011602450631113988,-0.00033195,1.4316556398362377,4.7704629790217785,-25.108417901351707,-0.21789562370390278,4.565795511555889,-0.04593960525765017,-36.37350746861762,0.14951036861664863,14.21030437890793,0.3196625855594684,28.82227159162303,-0.03635708494780777,-0.02149797326395801,-0.00037072,0.021540795084891335,0.00017264,1,1.0
5253,0.1560120477107616,0.208345461648312,-0.00033195,1.4316556398362377,4.7704629790217785,69.25691159480196,-0.21789562370390278,39.04316379223471,-0.04593960525765017,-66.47110330683807,0.14951036861664863,-74.52156311359629,0.3196625855594684,-2.8717244218181905,-0.03635708494780777,0.03454746978377937,-0.00037072,0.4211679754230915,0.00017264,0,1.0
5254,0.0955148434017149,0.0008580617098550947,-0.00033195,1.4316556398362377,4.7704629790217785,-34.49904716612081,-0.21789562370390278,4.481947735673413,-0.04593960525765017,-47.386890306128976,0.14951036861664863,45.08227662195136,0.3196625855594684,36.14891264894986,-0.03635708494780777,-0.013544610738770868,-0.00037072,0.013528798208919094,0.00017264,1,1.0
5255,0.0006565438506103138,0.10888474501258676,-0.00033195,1.4316556398362377,4.7704629790217785,10.835813255639636,-0.21789562370390278,28.58441740524762,-0.04593960525765017,-81.56666525150223,0.14951036861664863,24.013434219877105,0.3196625855594684,15.400573075248353,-0.03635708494780777,-0.0554649425323611,-0.00037072,0.1979135424990714,0.00017264,1,1.0
5256,0.828589043282016,0.2890598740486908,-0.00033195,1.4316556398362377,4.7704629790217785,7.537493632541887,-0.21789562370390278,35.991511320331256,-0.04593960525765017,-100.0,0.14951036861664863,31.88763788517727,0.3196625855594684,69.28699844749545,-0.03635708494780777,0.2885210099104455,-0.00037072,0.47728550402572534,0.00017264,0,1.0
5257,4.1255655406607916e-05,0.1255053484966058,-0.00033195,1.4316556398362377,4.7704629790217785,55.9614144556262,-0.21789562370390278,18.88585273945062,-0.04593960525765017,-47.42990116968628,0.14951036861664863,86.68733598414731,0.3196625855594684,-20.194856091143503,-0.03635708494780777,0.10587714803424314,-0.00037072,0.22856203219881194,0.00017264,0,1.0
5258,0.7112112965197164,0.2504247595447605,-0.00033195,1.4316556398362377,4.7704629790217785,50.786729873097556,-0.21789562370390278,44.56121946068205,-0.04593960525765017,-98.9150871352917,0.14951036861664863,89.82950893938703,0.3196625855594684,31.787599143456873,-0.03635708494780777,0.3578706604744094,-0.00037072,0.5162225840916704,0.00017264,0,1.0
5259,0.2924623251199568,0.013403272710953967,-0.00033195,1.4316556398362377,4.7704629790217785,-70.4710695815391,-0.21789562370390278,1.126210203811971,-0.04593960525765017,-56.516042285231784,0.14951036861664863,36.70589995769498,0.3196625855594684,70.22157759497645,-0.03635708494780777,-0.014683837850612483,-0.00037072,0.014815056337704415,0.00017264,1,1.0
5260,0.0003104380849517918,0.0763168904471973,-0.00033195,1.4316556398362377,4.7704629790217785,19.839684651516137,-0.21789562370390278,11.635705933025063,-0.04593960525765017,-35.93686248513092,0.14951036861664863,94.25174061231017,0.3196625855594684,-7.835477582789476,-0.03635708494780777,0.04405327809361966,-0.00037072,0.11524912274671187,0.00017264,0,1.0
5261,0.00021713137084472534,0.0861374263328645,-0.00033195,1.4316556398362377,4.7704629790217785,30.910197328720876,-0.21789562370390278,20.145016199575913,-0.04593960525765017,-28.888533219666225,0.14951036861664863,-42.061644914997075,0.3196625855594684,-6.958453372176599,-0.03635708494780777,-0.026238054574207026,-0.00037072,0.16575749493150926,0.00017264,1,1.0
5262,0.2871502751864049,0.031156094144608484,-0.00033195,1.4316556398362377,4.7704629790217785,-63.64149808215143,-0.21789562370390278,13.389579791055802,-0.04593960525765017,-83.94355903641387,0.14951036861664863,-17.399538021635003,0.3196625855594684,78.91290708041258,-0.03635708494780777,-0.051432635679019026,-0.00037072,0.08751907537098662,0.00017264,1,1.0
5263,0.11508103047880304,0.04400932558156226,-0.00033195,1.4316556398362377,4.7704629790217785,-9.926591917691352,-0.21789562370390278,4.577214009456321,-0.04593960525765017,-6.7354316834609405,0.14951036861664863,49.772798793606285,0.3196625855594684,5.0268537802015,-0.03635708494780777,-0.04353187503531496,-0.00037072,0.09453598079750923,0.00017264,1,1.0
5264,0.37218550113875143,0.013235667634509994,-0.00033195,1.4316556398362377,4.7704629790217785,-73.13353622510797,-0.21789562370390278,4.764221232858641,-0.04593960525765017,-47.26698704547637,0.14951036861664863,-32.57048338949224,0.3196625855594684,76.01709060376504,-0.03635708494780777,-0.008398595391461913,-0.00037072,0.008570748917607313,0.00017264,1,1.0
5265,0.33023225615913565,0.015168354701496594,-0.00033195,1.4316556398362377,4.7704629790217785,-73.0212711536089,-0.21789562370390278,17.440153458648325,-0.04593960525765017,-83.38300409416904,0.14951036861664863,-55.91664772103482,0.3196625855594684,86.00352605747602,-0.03635708494780777,-0.08227327959230937,-0.00037072,0.08264441522219862,0.00017264,1,1.0
5266,0.0010763852286853615,0.10409738364289181,-0.00033195,1.4316556398362377,4.7704629790217785,11.336829242859398,-0.21789562370390278,25.561507118745965,-0.04593960525765017,-70.28086659170897,0.14951036861664863,-59.99015660032965,0.3196625855594684,21.068715993210045,-0.03635708494780777,-0.09947136039155206,-0.00037072,0.2095305812661345,0.00017264,1,1.0
5267,0.1706856996400234,0.03149517047463953,-0.00033195,1.4316556398362377,4.7704629790217785,-40.3105061879991,-0.21789562370390278,19.776630648954956,-0.04593960525765017,-71.84050813423833,0.14951036861664863,-89.63321811380368,0.3196625855594684,59.71423306227431,-0.03635708494780777,-0.1226657892416227,-0.00037072,0.1227635962491853,0.00017264,1,1.0
5268,0.579098145286816,0.20056192784935356,-0.00033195,1.4316556398362377,4.7704629790217785,-41.402468203368,-0.21789562370390278,10.078116215426096,-0.04593960525765017,-34.07298153329408,0.14951036861664863,60.02984992604636,0.3196625855594684,54.15150523508068,-0.03635708494780777,0.07271163174267337,-0.00037072,0.21660752633677782,0.00017264,0,1.0
5269,0.33206768443082824,0.026303727326289605,-0.00033195,1.4316556398362377,4.7704629790217785,-59.42759372715374,-0.21789562370390278,-2.122223047926474,-0.04593960525765017,-14.089620859185636,0.14951036861664863,12.351265071676657,0.3196625855594684,50.453665284479875,-0.03635708494780777,-0.0626727701692231,-0.00037072,0.062332175462566745,0.00017264,1,1.0
5270,0.3496784154203583,0.03162867188459825,-0.00033195,1.4316556398362377,4.7704629790217785,-61.575381341927134,-0.21789562370390278,-5.315757827803717,-0.04593960525765017,-9.220503205162546,0.14951036861664863,5.039367848947274,0.3196625855594684,52.99980416044079,-0.03635708494780777,-0.06366957568752102,-0.00037072,0.06371943448166711,0.00017264,1,1.0
5271,0.07792196376475599,0.024450547777350444,-0.00033195,1.4316556398362377,4.7704629790217785,-30.55887375830748,-0.21789562370390278,-11.417648101124023,-0.04593960525765017,-17.432365955821457,0.14951036861664863,81.02258593659859,0.3196625855594684,25.527850759840668,-0.03635708494780777,-0.06792106865386394,-0.00037072,0.06791717950421311,0.00017264,1,1.0
5272,0.17963284662203238,0.12303605641120002,-0.00033195,1.4316556398362377,4.7704629790217785,18.665049552926913,-0.21789562370390278,26.27337670948884,-0.04593960525765017,-11.390608845288652,0.14951036861664863,-80.2874770809873,0.3196625855594684,-1.6049055686526879,-0.03635708494780777,-0.03337122155017917,-0.00037072,0.1847565143479405,0.00017264,1,1.0
5273,0.0032517752987423765,0.08643544527412722,-0.00033195,1.4316556398362377,4.7704629790217785,27.701584348528648,-0.21789562370390278,21.314378187426353,-0.04593960525765017,-32.36480132572381,0.14951036861664863,-56.00178995895888,0.3196625855594684,-2.9621160713059225,-0.03635708494780777,-0.04395033810588314,-0.00037072,0.17045534989063307,0.00017264,1,1.0
5274,0.5348048007557493,0.1516092801962831,-0.00033195,1.4316556398362377,4.7704629790217785,-53.386067318768376,-0.21789562370390278,14.736908664992242,-0.04593960525765017,-72.09922283936638,0.14951036861664863,52.174565259247146,0.3196625855594684,74.18256172497316,-0.03635708494780777,0.1182479614314888,-0.00037072,0.14229259360030933,0.00017264,0,1.0
5275,0.0006954226477534353,0.10371925227460295,-0.00033195,1.4316556398362377,4.7704629790217785,45.01984136148126,-0.21789562370390278,16.654077273637377,-0.04593960525765017,-30.314856898491847,0.14951036861664863,41.34957275135073,0.3196625855594684,-18.388382673853826,-0.03635708494780777,0.06613679284917288,-0.00037072,0.1759569200423593,0.00017264,0,1.0
5276,0.25934326696007093,0.013594831519042387,-0.00033195,1.4316556398362377,4.7704629790217785,-45.70071129505331,-0.21789562370390278,15.391349599569828,-0.04593960525765017,-43.44121168631625,0.14951036861664863,-63.182259057313175,0.3196625855594684,51.893600447226795,-0.03635708494780777,-0.06575959166136505,-0.00037072,0.06738220911871384,0.00017264,1,1.0
5277,0.3188080498583478,0.21028090089820514,-0.00033195,1.4316556398362377,4.7704629790217785,73.9905136927071,-0.21789562370390278,36.63601600034543,-0.04593960525765017,-66.67009213865497,0.14951036861664863,-36.99756193769682,0.3196625855594684,2.6867574101579783,-0.03635708494780777,0.1364664536285515,-0.00037072,0.48113260399407876,0.00017264,0,1.0
5278,0.012928743623682487,0.1987341075015068,-0.00033195,1.4316556398362377,4.7704629790217785,75.26645206866954,-0.21789562370390278,15.621759754927414,-0.04593960525765017,-41.5549974245202,0.14951036861664863,-11.860615674189875,0.3196625855594684,-16.156981747632024,-0.03635708494780777,0.022568550577265534,-0.00037072,0.3881220694700402,0.00017264,0,1.0
5279,0.07944486173102522,0.04429758351177745,-0.00033195,1.4316556398362377,4.7704629790217785,-28.35837645978001,-0.21789562370390278,22.91554669508132,-0.04593960525765017,-79.07131504649105,0.14951036861664863,-67.0928946078954,0.3196625855594684,48.625310286536376,-0.03635708494780777,-0.135970601234286,-0.00037072,0.13669520165893628,0.00017264,1,1.0
5280,-2.8112707437757956e-05,0.005854832317518525,-0.00033195,1.4316556398362377,4.7704629790217785,-14.647058364351253,-0.21789562370390278,7.180767723822819,-0.04593960525765017,-38.96210689307229,0.14951036861664863,56.39580479642298,0.3196625855594684,14.839194585375923,-0.03635708494780777,-0.036372494870625674,-0.00037072,0.03834885022994654,0.00017264,1,1.0
5281,0.37751747837593147,0.0113898429093428,-0.00033195,1.4316556398362377,4.7704629790217785,-63.48814500140555,-0.21789562370390278,5.869162145146367,-0.04593960525765017,-29.563247792426083,0.14951036861664863,-78.21455603415048,0.3196625855594684,67.31990588290424,-0.03635708494780777,-0.016881755464758313,-0.00037072,0.016812133459351668,0.00017264,1,1.0
5282,0.1149806936668748,0.0019252517453201814,-0.00033195,1.4316556398362377,4.7704629790217785,-52.23849929928787,-0.21789562370390278,7.64519387092092,-0.04593960525765017,-81.85059892685412,0.14951036861664863,84.63349498054687,0.3196625855594684,55.95173123409069,-0.03635708494780777,-0.025579396042293607,-0.00037072,0.025591408387952434,0.00017264,1,1.0
5283,0.6395583549562295,0.251842513217838,-0.00033195,1.4316556398362377,4.7704629790217785,1.6486647414337536,-0.21789562370390278,17.391205583398865,-0.04593960525765017,-33.70350751795747,0.14951036861664863,-98.66442720445183,0.3196625855594684,53.55962713640117,-0.03635708494780777,0.12015149848489509,-0.00037072,0.36139228934908685,0.00017264,0,1.0
5284,0.5702909809602081,0.3770559195216756,-0.00033195,1.4316556398362377,4.7704629790217785,90.36221674933368,-0.21789562370390278,21.792942658748668,-0.04593960525765017,-79.41681551119585,0.14951036861664863,60.23982219945017,0.3196625855594684,18.83647741095936,-0.03635708494780777,0.22068015726333934,-0.00037072,0.7588972607107994,0.00017264,0,1.0
5285,0.39696662409401196,0.027114313091036932,-0.00033195,1.4316556398362377,4.7704629790217785,-74.96290581158249,-0.21789562370390278,-1.7311006037898233,-0.04593960525765017,-29.783013745306047,0.14951036861664863,-4.583610341780666,0.3196625855594684,70.4931347300692,-0.03635708494780777,-0.03987945769580027,-0.00037072,0.039907980137924653,0.00017264,1,1.0
5286,0.2754477544451341,0.4039914210719324,-0.00033195,1.4316556398362377,4.7704629790217785,76.77967277127057,-0.21789562370390278,25.339512028596257,-0.04593960525765017,-82.10324660319509,0.14951036861664863,-96.13602638057739,0.3196625855594684,23.146315349608955,-0.03635708494780777,-0.007260669217987514,-0.00037072,0.6561165914863373,0.00017264,1,1.0
5287,0.3061719817562321,0.01756870948827641,-0.00033195,1.4316556398362377,4.7704629790217785,-79.52851253391322,-0.21789562370390278,0.3687565189487312,-0.04593960525765017,-67.52471872632913,0.14951036861664863,70.36409356814976,0.3196625855594684,77.26243119306537,-0.03635708494780777,-0.02628843766053538,-0.00037072,0.02604409216873531,0.00017264,1,1.0
5288,0.0549086867840288,0.12578595909247603,-0.00033195,1.4316556398362377,4.7704629790217785,31.626322114068493,-0.21789562370390278,22.823366692019956,-0.04593960525765017,-73.00092731334856,0.14951036861664863,50.89282938584279,0.3196625855594684,7.41077523465984,-0.03635708494780777,0.043703551295201815,-0.00037072,0.2461508175185404,0.00017264,0,1.0
5289,0.011687532237981135,0.046559641446903804,-0.00033195,1.4316556398362377,4.7704629790217785,-21.634149677567837,-0.21789562370390278,24.10985309378968,-0.04593960525765017,-83.06172420306918,0.14951036861664863,-12.78928289631984,0.3196625855594684,37.03588504306991,-0.03635708494780777,-0.12602267595004718,-0.00037072,0.12661794899827916,0.00017264,1,1.0
5290,0.4369863142494147,0.1716880309050172,-0.00033195,1.4316556398362377,4.7704629790217785,0.7517620457298395,-0.21789562370390278,19.52675489714601,-0.04593960525765017,-55.2088121078842,0.14951036861664863,-1.1878843175012803,0.3196625855594684,40.767583669874355,-0.03635708494780777,0.1300547026940766,-0.00037072,0.25721813580854236,0.00017264,0,1.0
5291,0.05091269897868378,0.07015661589134405,-0.00033195,1.4316556398362377,4.7704629790217785,17.862224697046184,-0.21789562370390278,10.337411110985721,-0.04593960525765017,-26.283258679317935,0.14951036861664863,-7.713223286317741,0.3196625855594684,3.369719785472877,-0.03635708494780777,0.013511341964326087,-0.00037072,0.13288265500095808,0.00017264,0,1.0
5292,0.25677596229692656,0.15566905178431792,-0.00033195,1.4316556398362377,4.7704629790217785,28.796884126116844,-0.21789562370390278,18.47603430969794,-0.04593960525765017,-54.67388578427668,0.14951036861664863,82.38093766619518,0.3196625855594684,10.252788391578356,-0.03635708494780777,0.16624690727305402,-0.00037072,0.24432389168146562,0.00017264,0,1.0
5293,0.1667406698826347,0.24119137776781124,-0.00033195,1.4316556398362377,4.7704629790217785,93.2877314915247,-0.21789562370390278,48.03550835735715,-0.04593960525765017,-53.246206397631376,0.14951036861664863,-53.142517622578175,0.3196625855594684,-28.181615549561005,-0.03635708494780777,0.087871013002536,-0.00037072,0.44393531343413173,0.00017264,0,1.0
5294,0.33116704719478124,0.14119695387220424,-0.00033195,1.4316556398362377,4.7704629790217785,-9.3969032828781,-0.21789562370390278,33.367199566740915,-0.04593960525765017,-74.86155212209461,0.14951036861664863,-72.39757498383574,0.3196625855594684,46.44625008550766,-0.03635708494780777,-0.010929336065123335,-0.00037072,0.2516558261603056,0.00017264,1,1.0
5295,0.556864948887603,0.19703544499542647,-0.00033195,1.4316556398362377,4.7704629790217785,-43.96396182112427,-0.21789562370390278,32.82719131528294,-0.04593960525765017,-89.94296938124673,0.14951036861664863,41.94543577182642,0.3196625855594684,68.65099183203792,-0.03635708494780777,0.04853427476406427,-0.00037072,0.25509779601183336,0.00017264,0,1.0
5296,0.5212990776577268,0.1890149382609546,-0.00033195,1.4316556398362377,4.7704629790217785,-50.99347748576003,-0.21789562370390278,5.194825467056088,-0.04593960525765017,-69.00804700524617,0.14951036861664863,90.62315234211832,0.3196625855594684,73.83889000994517,-0.03635708494780777,0.0921535759104928,-0.00037072,0.2010951943324093,0.00017264,0,1.0
5297,0.3223278429925198,0.1765850458043319,-0.00033195,1.4316556398362377,4.7704629790217785,39.13787080781246,-0.21789562370390278,25.426409758683217,-0.04593960525765017,-58.75041478233066,0.14951036861664863,22.533334713767562,0.3196625855594684,13.849149980520316,-0.03635708494780777,0.15180664114719067,-0.00037072,0.3311204979562101,0.00017264,0,1.0
5298,0.4313671631071866,0.1379137484246026,-0.00033195,1.4316556398362377,4.7704629790217785,-41.79355279740486,-0.21789562370390278,15.870910251174285,-0.04593960525765017,-43.21855652500084,0.14951036861664863,54.218990175305585,0.3196625855594684,46.649331778930744,-0.03635708494780777,-0.003715914381682006,-0.00037072,0.18059291032871091,0.00017264,1,1.0
5299,0.000984812739182328,0.02038381409180784,-0.00033195,1.4316556398362377,4.7704629790217785,-19.632688219103237,-0.21789562370390278,15.774229210233834,-0.04593960525765017,-67.73688431048771,0.14951036861664863,5.706805397550178,0.3196625855594684,31.651769595150025,-0.03635708494780777,-0.08703956505605996,-0.00037072,0.08691353569196185,0.00017264,1,1.0
5300,0.0012107628286349703,0.12104900738097046,-0.00033195,2.4637820456032866,4.565445575052733,82.76447080714726,-0.21789562370390278,17.915181950336002,-0.04593960525765017,-57.903075487788335,0.14951036861664863,87.91469063700569,0.3196625855594684,-28.627786159414185,-0.03635708494780777,0.019712208113301502,-0.00037072,0.18822171905472002,0.00017264,0,1.0
5301,0.1790350498459624,0.08940674381006061,-0.00033195,2.4637820456032866,4.565445575052733,24.995746945472707,-0.21789562370390278,5.097306927972274,-0.04593960525765017,-68.93252698316263,0.14951036861664863,-77.62418326103986,0.3196625855594684,58.965988761851925,-0.03635708494780777,-0.12558198669513698,-0.00037072,0.1678994682660927,0.00017264,1,1.0
5302,0.0613436621292795,0.01802280029700747,-0.00033195,2.4637820456032866,4.565445575052733,6.924063512228966,-0.21789562370390278,8.343601875084746,-0.04593960525765017,-8.450706343321357,0.14951036861664863,-36.99260977126298,0.3196625855594684,-0.7172150021893253,-0.03635708494780777,-0.04457427076632381,-0.00037072,0.05727215320393482,0.00017264,1,1.0
5303,0.13706291718202798,0.03444828140761484,-0.00033195,2.4637820456032866,4.565445575052733,-13.896231885114554,-0.21789562370390278,3.3688312184285896,-0.04593960525765017,-63.00393813720107,0.14951036861664863,-35.421767724334586,0.3196625855594684,59.61067018400426,-0.03635708494780777,-0.10187089910387172,-0.00037072,0.1023544689018452,0.00017264,1,1.0
5304,0.0015029367855822762,0.025315820290586055,-0.00033195,2.4637820456032866,4.565445575052733,49.34792502135503,-0.21789562370390278,8.835069108204697,-0.04593960525765017,-27.67436421167841,0.14951036861664863,-31.0003456811128,0.3196625855594684,-5.281459356937086,-0.03635708494780777,-0.0170271249582419,-0.00037072,0.06229967562882933,0.00017264,1,1.0
5305,0.12473575422659071,0.005267224898303695,-0.00033195,2.4637820456032866,4.565445575052733,-29.003875549715683,-0.21789562370390278,3.521837561399954,-0.04593960525765017,-43.49142120995507,0.14951036861664863,-11.508613765278646,0.3196625855594684,44.79459767808561,-0.03635708494780777,-0.04071017761312785,-0.00037072,0.04085320091533614,0.00017264,1,1.0
5306,0.038906187851555085,0.153232365301342,-0.00033195,2.4637820456032866,4.565445575052733,1.0217626256444658,-0.21789562370390278,26.971411870946355,-0.04593960525765017,-54.974150900839675,0.14951036861664863,-26.95264427595897,0.3196625855594684,-1.6795891484071463,-0.03635708494780777,-0.1873653656341195,-0.00037072,0.18816649259449172,0.00017264,1,1.0
5307,0.00018091835292848978,0.03234864203947162,-0.00033195,2.4637820456032866,4.565445575052733,9.176190717188428,-0.21789562370390278,-0.13745444685865135,-0.04593960525765017,-37.95624648079247,0.14951036861664863,52.333036165200724,0.3196625855594684,16.987840365323176,-0.03635708494780777,-0.016401508553481773,-0.00037072,0.06776899730985848,0.00017264,1,1.0
5308,0.5294006689801046,0.23555813158338781,-0.00033195,2.4637820456032866,4.565445575052733,1.0293831872530252,-0.21789562370390278,-0.06668789602623124,-0.04593960525765017,-60.35250273090556,0.14951036861664863,-17.708418163052908,0.3196625855594684,84.0068461520825,-0.03635708494780777,-0.011460735269024941,-0.00037072,0.2631499149080485,0.00017264,1,1.0
5309,0.13929930084803432,0.0020642668530960594,-0.00033195,2.4637820456032866,4.565445575052733,-13.494859668737952,-0.21789562370390278,4.809535312903668,-0.04593960525765017,-12.474644169636113,0.14951036861664863,-56.86269315023167,0.3196625855594684,23.370204818519262,-0.03635708494780777,-0.024921617185022737,-0.00037072,0.025096546407519026,0.00017264,1,1.0
5310,0.3787742089452283,0.09308923946918035,-0.00033195,2.4637820456032866,4.565445575052733,-36.876226046910254,-0.21789562370390278,20.154829611639492,-0.04593960525765017,-96.19574805642414,0.14951036861664863,4.468063216976211,0.3196625855594684,70.94249701165134,-0.03635708494780777,0.0001467398375283313,-0.00037072,0.13719576619282806,0.00017264,0,1.0
5311,0.0004510464743717746,0.046901709764130606,-0.00033195,2.4637820456032866,4.565445575052733,39.224046313678706,-0.21789562370390278,14.035005691551806,-0.04593960525765017,-97.24121130980276,0.14951036861664863,49.22425387331042,0.3196625855594684,26.448155117235412,-0.03635708494780777,-0.01613630040413573,-0.00037072,0.10275863674909488,0.00017264,1,1.0
5312,0.050867361572040304,0.013629031606569399,-0.00033195,2.4637820456032866,4.565445575052733,-5.485422447124629,-0.21789562370390278,13.084865192254362,-0.04593960525765017,-87.44038948177334,0.14951036861664863,-0.05890208171700968,0.3196625855594684,45.7532242620142,-0.03635708494780777,-0.07662200960585255,-0.00037072,0.07695954010438522,0.00017264,1,1.0
5313,0.2158194393938655,0.002804222327296715,-0.00033195,2.4637820456032866,4.565445575052733,-90.38712495197223,-0.21789562370390278,6.6742948452094595,-0.04593960525765017,-80.83102682136891,0.14951036861664863,46.079816370411045,0.3196625855594684,81.92225632756441,-0.03635708494780777,-0.025779500812726633,-0.00037072,0.025783437799209802,0.00017264,1,1.0
5314,0.1010666760341204,0.14903081488212938,-0.00033195,2.4637820456032866,4.565445575052733,20.640994825565848,-0.21789562370390278,22.430861691890804,-0.04593960525765017,-32.763721104859115,0.14951036861664863,-14.7349132163695,0.3196625855594684,-13.24798041006693,-0.03635708494780777,-0.11618649515648141,-0.00037072,0.19649719088906234,0.00017264,1,1.0
5315,0.14938266186487237,0.17598722848310816,-0.00033195,2.4637820456032866,4.565445575052733,-18.62013689085113,-0.21789562370390278,25.463868164168332,-0.04593960525765017,-25.362778507569544,0.14951036861664863,-69.60771325651666,0.3196625855594684,-0.26105684611187363,-0.03635708494780777,-0.1998909063602917,-0.00037072,0.19835173078565402,0.00017264,1,1.0
5316,0.22354300587064968,0.039647637233212865,-0.00033195,2.4637820456032866,4.565445575052733,-12.189633871664306,-0.21789562370390278,7.685634572481835,-0.04593960525765017,-70.72512768104973,0.14951036861664863,-88.17674821910086,0.3196625855594684,71.49488332042122,-0.03635708494780777,-0.11826661708104665,-0.00037072,0.11882655914142219,0.00017264,1,1.0
5317,0.29442919317566396,0.006573853567414667,-0.00033195,2.4637820456032866,4.565445575052733,-45.360230633952725,-0.21789562370390278,7.142981590398013,-0.04593960525765017,-28.777485499567494,0.14951036861664863,-89.86483726271705,0.3196625855594684,56.778956291175305,-0.03635708494780777,-0.038053032560356706,-0.00037072,0.038132016766509694,0.00017264,1,1.0
5318,0.17215993552483727,0.009677393811711704,-0.00033195,2.4637820456032866,4.565445575052733,-91.62448093046847,-0.21789562370390278,-4.803560303146017,-0.04593960525765017,-31.639216855107264,0.14951036861664863,65.25545866016323,0.3196625855594684,60.79075975685717,-0.03635708494780777,-0.03332277282451223,-0.00037072,0.033178568801845255,0.00017264,1,1.0
5319,0.38724961165591243,0.3340570297968696,-0.00033195,2.4637820456032866,4.565445575052733,66.28589197078655,-0.21789562370390278,-8.23319232648296,-0.04593960525765017,-33.34914861697752,0.14951036861664863,41.284128638645406,0.3196625855594684,40.0639231672954,-0.03635708494780777,-0.02896154723467051,-0.00037072,0.3629838032757905,0.00017264,1,1.0
5320,0.2592928184584734,0.27809378612517377,-0.00033195,2.4637820456032866,4.565445575052733,-92.03634289246519,-0.21789562370390278,32.470734859269314,-0.04593960525765017,-81.65423347844157,0.14951036861664863,1.3617870261800165,0.3196625855594684,46.56345833463551,-0.03635708494780777,-0.2593760468783642,-0.00037072,0.2589579142353014,0.00017264,1,1.0
5321,0.061707246212081374,0.0028824377416726797,-0.00033195,2.4637820456032866,4.565445575052733,20.257033578419726,-0.21789562370390278,5.454715219765475,-0.04593960525765017,-6.286476012768459,0.14951036861664863,-70.01933573845997,0.3196625855594684,4.285828140385059,-0.03635708494780777,-0.03673123071214532,-0.00037072,0.036880596450291805,0.00017264,1,1.0
5322,0.11568813889495377,0.024380376356536303,-0.00033195,2.4637820456032866,4.565445575052733,13.298496807841971,-0.21789562370390278,17.27020422665964,-0.04593960525765017,-86.06705609925812,0.14951036861664863,-71.58781137228092,0.3196625855594684,47.609312257193274,-0.03635708494780777,-0.10669650764815658,-0.00037072,0.10669724887804155,0.00017264,1,1.0
5323,0.3998797625055659,0.011630838994292094,-0.00033195,2.4637820456032866,4.565445575052733,-75.27992431414528,-0.21789562370390278,9.43776632493597,-0.04593960525765017,-52.29219834056041,0.14951036861664863,-95.1694078830119,0.3196625855594684,87.04590688194293,-0.03635708494780777,-0.04959952518404437,-0.00037072,0.049640062313537014,0.00017264,1,1.0
5324,0.23460599953940045,0.07307395286877054,-0.00033195,2.4637820456032866,4.565445575052733,1.7991701130108682,-0.21789562370390278,13.75583608982641,-0.04593960525765017,-92.02338718430607,0.14951036861664863,40.09355735414133,0.3196625855594684,52.11697777789301,-0.03635708494780777,0.051860610488119116,-0.00037072,0.09702346308953379,0.00017264,0,1.0
5325,0.17231514971259287,0.007199185351917892,-0.00033195,2.4637820456032866,4.565445575052733,-95.15405793082043,-0.21789562370390278,-3.6501791124281167,-0.04593960525765017,-32.548338561619765,0.14951036861664863,70.45144560195672,0.3196625855594684,59.59824891491557,-0.03635708494780777,-0.03069768720994401,-0.00037072,0.030825391518273956,0.00017264,1,1.0
5326,0.36298469233126246,0.17262522668106298,-0.00033195,2.4637820456032866,4.565445575052733,29.52473667633329,-0.21789562370390278,26.227083427153705,-0.04593960525765017,-56.36390186866912,0.14951036861664863,-48.7210239382042,0.3196625855594684,18.347371006222183,-0.03635708494780777,-0.02161465520555969,-0.00037072,0.22054574648566458,0.00017264,1,1.0
5327,0.2660639656157475,0.07833916357167149,-0.00033195,2.4637820456032866,4.565445575052733,-26.11925323323953,-0.21789562370390278,-7.488788077447421,-0.04593960525765017,-3.4872071544895875,0.14951036861664863,-99.51688510783151,0.3196625855594684,58.51604949676301,-0.03635708494780777,-0.13188049852174183,-0.00037072,0.13333686285020968,0.00017264,1,1.0
5328,0.1812738106797188,0.01150275929957838,-0.00033195,2.4637820456032866,4.565445575052733,-90.0890646141651,-0.21789562370390278,9.417295543244881,-0.04593960525765017,-76.89443435251728,0.14951036861664863,61.558654361821546,0.3196625855594684,69.07128824010897,-0.03635708494780777,-0.05781470795866928,-0.00037072,0.0579747956170805,0.00017264,1,1.0
5329,0.0008421375404759623,0.14195359919894027,-0.00033195,2.4637820456032866,4.565445575052733,81.14404505214408,-0.21789562370390278,16.200387197964147,-0.04593960525765017,-39.59654645443797,0.14951036861664863,97.18282370338389,0.3196625855594684,-40.00629715493598,-0.03635708494780777,0.0032041606185949645,-0.00037072,0.21569756479655286,0.00017264,0,1.0
5330,0.0006202476370204824,0.013279038622921355,-0.00033195,2.4637820456032866,4.565445575052733,23.393867107413083,-0.21789562370390278,7.014774292601835,-0.04593960525765017,-36.21962445307819,0.14951036861664863,-10.352175638115954,0.3196625855594684,8.645072149897782,-0.03635708494780777,-0.028919741129042227,-0.00037072,0.04900342461203643,0.00017264,1,1.0
5331,0.038931547629968755,0.04504147574923256,-0.00033195,2.4637820456032866,4.565445575052733,29.848260748594825,-0.21789562370390278,20.7384376255253,-0.04593960525765017,-56.66129921140938,0.14951036861664863,-68.09787914983937,0.3196625855594684,8.86834974077914,-0.03635708494780777,-0.11117140922513818,-0.00037072,0.111262418794989,0.00017264,1,1.0
5332,0.01013665383524437,0.03363958160043274,-0.00033195,2.4637820456032866,4.565445575052733,56.32640060475588,-0.21789562370390278,12.772221400686227,-0.04593960525765017,-64.5708559983959,0.14951036861664863,-84.49922327996768,0.3196625855594684,21.8284449355726,-0.03635708494780777,-0.11798028549502469,-0.00037072,0.1182118892421463,0.00017264,1,1.0
5333,0.0001656428960084,0.009803831376540926,-0.00033195,2.4637820456032866,4.565445575052733,-7.240200201166892,-0.21789562370390278,5.569530506269526,-0.04593960525765017,-16.67401923358004,0.14951036861664863,15.689599833270991,0.3196625855594684,1.8142979144564908,-0.03635708494780777,-0.04314645206731507,-0.00037072,0.04608815967624219,0.00017264,1,1.0
5334,0.29887596842071723,0.01147260647672242,-0.00033195,2.4637820456032866,4.565445575052733,-52.41686448904784,-0.21789562370390278,0.25275889813364083,-0.04593960525765017,-6.855880208810459,0.14951036861664863,-82.9951293064385,0.3196625855594684,54.45535634122294,-0.03635708494780777,-0.033945491120575835,-0.00037072,0.03381297760445119,0.00017264,1,1.0
5335,0.28146292962509195,0.014369572111468547,-0.00033195,2.4637820456032866,4.565445575052733,-60.40960619700078,-0.21789562370390278,14.537870215185855,-0.04593960525765017,-71.14230526728802,0.14951036861664863,-49.61160149211645,0.3196625855594684,71.62028476313999,-0.03635708494780777,-0.06909574392999222,-0.00037072,0.06925039189379108,0.00017264,1,1.0
5336,0.038715752510395066,0.02243041938292136,-0.00033195,2.4637820456032866,4.565445575052733,20.331687649236667,-0.21789562370390278,-0.5119976293639356,-0.04593960525765017,-16.843280217462503,0.14951036861664863,-47.65445070832177,0.3196625855594684,17.612183635185513,-0.03635708494780777,-0.08042047559489061,-0.00037072,0.08102551403961915,0.00017264,1,1.0
5337,0.30546809474495235,0.07001984449304086,-0.00033195,2.4637820456032866,4.565445575052733,12.410803068949487,-0.21789562370390278,10.39158004762236,-0.04593960525765017,-59.56641675139864,0.14951036861664863,-59.563145496575615,0.3196625855594684,52.18779900174841,-0.03635708494780777,0.0009397074516360251,-0.00037072,0.11557778102508165,0.00017264,0,1.0
5338,0.216745548085203,0.010730211640175508,-0.00033195,2.4637820456032866,4.565445575052733,-29.903504186233544,-0.21789562370390278,12.296008504704563,-0.04593960525765017,-70.95676125498433,0.14951036861664863,-60.30594804311,0.3196625855594684,63.64245391794675,-0.03635708494780777,-0.0726514999554495,-0.00037072,0.07266366376412844,0.00017264,1,1.0
5339,0.03632466736964311,0.07168905376312694,-0.00033195,2.4637820456032866,4.565445575052733,51.989491378933835,-0.21789562370390278,1.9787356287666318,-0.04593960525765017,-44.57100447523979,0.14951036861664863,23.50887134244149,0.3196625855594684,12.41619497575477,-0.03635708494780777,-0.022276672566010937,-0.00037072,0.13127096872078298,0.00017264,1,1.0
5340,7.79900152021451e-05,0.11495365145865807,-0.00033195,2.4637820456032866,4.565445575052733,5.809459019091162,-0.21789562370390278,22.178703237134474,-0.04593960525765017,-68.24840301500261,0.14951036861664863,46.27187810857861,0.3196625855594684,0.8221453508070348,-0.03635708494780777,-0.12162871940220535,-0.00037072,0.17033675928227324,0.00017264,1,1.0
5341,0.0004169123598884994,0.1772860288170531,-0.00033195,2.4637820456032866,4.565445575052733,100.0,-0.21789562370390278,32.31186268238679,-0.04593960525765017,-85.95547847327275,0.14951036861664863,11.606915255002079,0.3196625855594684,-26.993106299551783,-0.03635708494780777,-0.07091684556862352,-0.00037072,0.2344425946629579,0.00017264,1,1.0
5342,5.136083519796664e-05,0.0812129297419929,-0.00033195,2.4637820456032866,4.565445575052733,91.13524741905914,-0.21789562370390278,23.457538672786935,-0.04593960525765017,-91.03005773762041,0.14951036861664863,2.370543368660555,0.3196625855594684,-3.1357265998068717,-0.03635708494780777,-0.0191564270616712,-0.00037072,0.15080609517007412,0.00017264,1,1.0
5343,7.926295865642863e-06,0.03617851896920106,-0.00033195,2.4637820456032866,4.565445575052733,22.783218273347558,-0.21789562370390278,4.289555341211592,-0.04593960525765017,-44.88475459204404,0.14951036861664863,54.545886959265715,0.3196625855594684,9.639742107789502,-0.03635708494780777,0.021747033148548294,-0.00037072,0.05400073929383861,0.00017264,0,1.0
5344,0.2741118930572429,0.015175988225742947,-0.00033195,2.4637820456032866,4.565445575052733,-57.16800497576782,-0.21789562370390278,3.8229870941860553,-0.04593960525765017,-51.369752426088304,0.14951036861664863,-45.996591932993155,0.3196625855594684,74.42617914924085,-0.03635708494780777,-0.055599615561143755,-0.00037072,0.057971959998845544,0.00017264,1,1.0
5345,0.3864907780990928,0.18030982168964055,-0.00033195,2.4637820456032866,4.565445575052733,36.06282906505342,-0.21789562370390278,9.075671579421074,-0.04593960525765017,-94.85754544597987,0.14951036861664863,88.75717937843584,0.3196625855594684,55.24070715224286,-0.03635708494780777,0.09523032728638298,-0.00037072,0.23079504015199087,0.00017264,0,1.0
5346,0.4767654974345058,0.26326304095895425,-0.00033195,2.4637820456032866,4.565445575052733,-30.430410403854324,-0.21789562370390278,-12.9628975815342,-0.04593960525765017,-11.329635123759651,0.14951036861664863,-53.87016061335777,0.3196625855594684,82.85462273467553,-0.03635708494780777,-0.11625466059563856,-0.00037072,0.26201537026034705,0.00017264,1,1.0
5347,0.0008464709008322961,0.012854430707127633,-0.00033195,2.4637820456032866,4.565445575052733,29.30264999181105,-0.21789562370390278,0.6704472346429197,-0.04593960525765017,-6.474012522021063,0.14951036861664863,-31.767196109992607,0.3196625855594684,-0.023841536930761076,-0.03635708494780777,-0.03791956090447415,-0.00037072,0.05153207356867144,0.00017264,1,1.0
5348,0.8562460323241956,0.31047987259977583,-0.00033195,2.4637820456032866,4.565445575052733,-6.0008306085257175,-0.21789562370390278,7.285923431480942,-0.04593960525765017,-16.56225551311802,0.14951036861664863,-87.42560388445624,0.3196625855594684,74.69253316026533,-0.03635708494780777,0.09840524516373532,-0.00037072,0.2742975637004415,0.00017264,0,1.0
5349,0.00035840471778465083,0.07294949407324904,-0.00033195,2.4637820456032866,4.565445575052733,48.655846004482825,-0.21789562370390278,2.121347106105899,-0.04593960525765017,-22.26733216378585,0.14951036861664863,87.17911926425326,0.3196625855594684,-15.991796679677421,-0.03635708494780777,0.03703466770293599,-0.00037072,0.1159738842200495,0.00017264,0,1.0
5350,0.00012108106686031794,0.03556768776859206,-0.00033195,2.4637820456032866,4.565445575052733,28.919772162518793,-0.21789562370390278,11.714306106330248,-0.04593960525765017,-76.4557832193505,0.14951036861664863,39.670835890124735,0.3196625855594684,19.965709414261557,-0.03635708494780777,-0.012407093594079252,-0.00037072,0.0789204438531742,0.00017264,1,1.0
5351,0.19056309763570417,0.024635474453603125,-0.00033195,2.4637820456032866,4.565445575052733,-81.52342263696714,-0.21789562370390278,11.128295526092437,-0.04593960525765017,-61.740429516229796,0.14951036861664863,36.08599857447643,0.3196625855594684,57.036277236179416,-0.03635708494780777,-0.07985078900115146,-0.00037072,0.08046523100492219,0.00017264,1,1.0
5352,0.08498539641040423,0.006233749089191925,-0.00033195,2.4637820456032866,4.565445575052733,-7.11774410617632,-0.21789562370390278,7.529735205492861,-0.04593960525765017,-18.797180621311565,0.14951036861664863,-36.31019164718846,0.3196625855594684,14.086151839510395,-0.03635708494780777,-0.04031447105150819,-0.00037072,0.040638114582963236,0.00017264,1,1.0
5353,0.000748480718268274,0.033236368818858206,-0.00033195,2.4637820456032866,4.565445575052733,29.231822276813073,-0.21789562370390278,14.696333863245078,-0.04593960525765017,-88.05984484916311,0.14951036861664863,18.14190027340718,0.3196625855594684,26.507944162466522,-0.03635708494780777,-0.047687393746667445,-0.00037072,0.09295078894073283,0.00017264,1,1.0
5354,0.20193085374732175,0.24222763488887022,-0.00033195,2.4637820456032866,4.565445575052733,53.34759428197055,-0.21789562370390278,-1.1967068642265206,-0.04593960525765017,-96.85362828219981,0.14951036861664863,45.55316802260133,0.3196625855594684,64.19579319398268,-0.03635708494780777,-0.09124543452575411,-0.00037072,0.2929893485439669,0.00017264,1,1.0
5355,0.03205653081982096,0.027288557828637386,-0.00033195,2.4637820456032866,4.565445575052733,55.8190757263469,-0.21789562370390278,10.812459090579667,-0.04593960525765017,-46.027881088008066,0.14951036861664863,-99.45073859441942,0.3196625855594684,15.842928053541739,-0.03635708494780777,-0.10567064228466469,-0.00037072,0.10737167878361631,0.00017264,1,1.0
5356,0.8582362090689714,0.595022088035833,-0.00033195,2.4637820456032866,4.565445575052733,-39.41636347802492,-0.21789562370390278,35.26664023045865,-0.04593960525765017,-34.09160802096643,0.14951036861664863,-54.01715438504883,0.3196625855594684,41.65351369913162,-0.03635708494780777,-0.09244578113665114,-0.00037072,0.4641499702501858,0.00017264,1,1.0
5357,0.0672549853048443,0.07101656970765981,-0.00033195,2.4637820456032866,4.565445575052733,47.49867394981629,-0.21789562370390278,15.976918410789313,-0.04593960525765017,-51.1146350802891,0.14951036861664863,12.151267427154771,0.3196625855594684,-2.7837746688794454,-0.03635708494780777,-0.0020490676633240917,-0.00037072,0.11954438121342746,0.00017264,1,1.0
5358,0.21980034313697439,0.26865789526626527,-0.00033195,2.4637820456032866,4.565445575052733,-75.8218836282191,-0.21789562370390278,33.07348019499151,-0.04593960525765017,-83.35443014815567,0.14951036861664863,-2.5766881312138397,0.3196625855594684,39.75993316751783,-0.03635708494780777,-0.25433605773799106,-0.00037072,0.253638590267657,0.00017264,1,1.0
5359,0.21577248477840402,0.09426722160192855,-0.00033195,2.4637820456032866,4.565445575052733,69.24508323561383,-0.21789562370390278,17.240165065032805,-0.04593960525765017,-98.31369626208695,0.14951036861664863,-86.97645166006738,0.3196625855594684,49.45146215971466,-0.03635708494780777,-0.06871704104844864,-0.00037072,0.19051295166216417,0.00017264,1,1.0
5360,0.24489416707952344,0.024941513550111705,-0.00033195,2.4637820456032866,4.565445575052733,-22.914513865171457,-0.21789562370390278,20.069576354984044,-0.04593960525765017,-89.47012340809633,0.14951036861664863,-87.51960446462908,0.3196625855594684,67.43576452800006,-0.03635708494780777,-0.10402714793868979,-0.00037072,0.10426790123095615,0.00017264,1,1.0
5361,0.001467331242570702,0.16320529732367903,-0.00033195,2.4637820456032866,4.565445575052733,93.32512580333805,-0.21789562370390278,12.199794338112957,-0.04593960525765017,-3.5870335269256364,0.14951036861664863,89.62430188965605,0.3196625855594684,-61.59066678365203,-0.03635708494780777,-0.00381068623213765,-0.00037072,0.24350812448410294,0.00017264,1,1.0
5362,0.25515516348916034,0.041413695210428016,-0.00033195,2.4637820456032866,4.565445575052733,-62.96872332114132,-0.21789562370390278,3.688399950926347,-0.04593960525765017,-68.40987574922481,0.14951036861664863,46.31082346220571,0.3196625855594684,72.7391379636164,-0.03635708494780777,0.012919203274760708,-0.00037072,0.05271935252123355,0.00017264,0,1.0
5363,0.0032623934183680092,0.03288047174849778,-0.00033195,2.4637820456032866,4.565445575052733,25.132340681617496,-0.21789562370390278,5.592825708083011,-0.04593960525765017,-64.15852067769153,0.14951036861664863,0.6088218492800155,0.3196625855594684,29.64566087889918,-0.03635708494780777,-0.07230932181654148,-0.00037072,0.09631605188329606,0.00017264,1,1.0
5364,0.24101190221743435,0.2389570399509698,-0.00033195,2.4637820456032866,4.565445575052733,-34.780445787766006,-0.21789562370390278,-11.882706113482284,-0.04593960525765017,-76.5806303716818,0.14951036861664863,99.25012494759355,0.3196625855594684,89.01232112803056,-0.03635708494780777,-0.12017672514743809,-0.00037072,0.2565205101110141,0.00017264,1,1.0
5365,-1.8303258768392894e-05,0.15592424752714343,-0.00033195,2.4637820456032866,4.565445575052733,63.737726682929114,-0.21789562370390278,23.26497660295792,-0.04593960525765017,-58.666700356383714,0.14951036861664863,61.33682362927968,0.3196625855594684,-27.885793251653478,-0.03635708494780777,-0.05950036140715584,-0.00037072,0.21616381624363631,0.00017264,1,1.0
5366,0.1691221096566769,0.004422497444853169,-0.00033195,2.4637820456032866,4.565445575052733,-30.136992792718768,-0.21789562370390278,8.41539903398775,-0.04593960525765017,-49.58397413446144,0.14951036861664863,-37.12539825714983,0.3196625855594684,47.9758951579947,-0.03635708494780777,-0.04540384304759468,-0.00037072,0.04540399973226453,0.00017264,1,1.0
5367,0.012621902094338444,0.06764030673324642,-0.00033195,2.4637820456032866,4.565445575052733,64.80304708519591,-0.21789562370390278,15.791241666872157,-0.04593960525765017,-67.96051566577614,0.14951036861664863,39.876284945319725,0.3196625855594684,-3.512345714814483,-0.03635708494780777,0.023192303356846335,-0.00037072,0.11199904236993602,0.00017264,0,1.0
5368,0.3268216118033411,0.23076218059169817,-0.00033195,2.4637820456032866,4.565445575052733,-73.8132831881388,-0.21789562370390278,30.60628990412442,-0.04593960525765017,-53.96294001617683,0.14951036861664863,-75.63072715497101,0.3196625855594684,41.271344034055964,-0.03635708494780777,-0.23241405496827985,-0.00037072,0.23091327012274457,0.00017264,1,1.0
5369,0.0003008276150588407,0.01189226265433181,-0.00033195,2.4637820456032866,4.565445575052733,47.84200221276364,-0.21789562370390278,6.105311405533128,-0.04593960525765017,-4.599769692730715,0.14951036861664863,-62.762517157596086,0.3196625855594684,-11.815969082786829,-0.03635708494780777,-0.029480085522847893,-0.00037072,0.04690936906549373,0.00017264,1,1.0
5370,0.19427081308060143,0.010391781268949392,-0.00033195,2.4637820456032866,4.565445575052733,-63.4350297718564,-0.21789562370390278,-3.3929477875743563,-0.04593960525765017,-18.19573215733458,0.14951036861664863,1.3763412665726669,0.3196625855594684,51.78104507866227,-0.03635708494780777,-0.03370048694611294,-0.00037072,0.033638136878508376,0.00017264,1,1.0
5371,0.003995245288851288,0.0868282408731545,-0.00033195,2.4637820456032866,4.565445575052733,59.917844810138476,-0.21789562370390278,0.14040989282353997,-0.04593960525765017,-33.604135431040284,0.14951036861664863,89.87185100614737,0.3196625855594684,-7.6152427948618024,-0.03635708494780777,0.027884399797863106,-0.00037072,0.14154457526663455,0.00017264,0,1.0
5372,0.08158222243966225,0.13004436843616352,-0.00033195,2.4637820456032866,4.565445575052733,78.56206769599865,-0.21789562370390278,1.7836245390774448,-0.04593960525765017,-56.331253946558235,0.14951036861664863,-6.163692852251686,0.3196625855594684,21.42383477093006,-0.03635708494780777,-0.06433301453409894,-0.00037072,0.20634003679990698,0.00017264,1,1.0
5373,0.41992664747625336,0.27905668813604967,-0.00033195,2.4637820456032866,4.565445575052733,81.6470090821599,-0.21789562370390278,-0.06997597339749356,-0.04593960525765017,-50.206346251325535,0.14951036861664863,-28.645021630157956,0.3196625855594684,46.62888033015362,-0.03635708494780777,-0.017960468099381066,-0.00037072,0.32756263781909917,0.00017264,1,1.0
5374,0.31253161314000005,0.06131611478333462,-0.00033195,2.4637820456032866,4.565445575052733,-23.2365310346324,-0.21789562370390278,12.752552005642624,-0.04593960525765017,-66.00532098481081,0.14951036861664863,-15.666390081047682,0.3196625855594684,56.703977138046184,-0.03635708494780777,0.02551034133377934,-0.00037072,0.08166811389452316,0.00017264,0,1.0
5375,0.22399787951807543,0.06938340038130097,-0.00033195,2.4637820456032866,4.565445575052733,33.328658155584016,-0.21789562370390278,14.29670340086738,-0.04593960525765017,-89.74818732417255,0.14951036861664863,-61.38685739066773,0.3196625855594684,55.65304920291615,-0.03635708494780777,-0.053263372591904896,-0.00037072,0.14905674217050888,0.00017264,1,1.0
5376,0.18925501970566438,0.3715863068763462,-0.00033195,2.4637820456032866,4.565445575052733,-60.23786407356558,-0.21789562370390278,34.29065246589142,-0.04593960525765017,-52.31656436353813,0.14951036861664863,-24.68704871364329,0.3196625855594684,11.531899786160484,-0.03635708494780777,-0.29520759778790234,-0.00037072,0.29236284761327197,0.00017264,1,1.0
5377,0.027066305175501043,0.00487796236992588,-0.00033195,2.4637820456032866,4.565445575052733,-14.501185492759316,-0.21789562370390278,8.241731583345071,-0.04593960525765017,-52.684071837118644,0.14951036861664863,19.911864565770657,0.3196625855594684,26.797385718464366,-0.03635708494780777,-0.040635297411563624,-0.00037072,0.04102154504635561,0.00017264,1,1.0
5378,0.03953407244126328,0.028769957316769942,-0.00033195,2.4637820456032866,4.565445575052733,39.58140908489193,-0.21789562370390278,18.029344401085275,-0.04593960525765017,-77.04331349841615,0.14951036861664863,-74.32460269249859,0.3196625855594684,26.88650302638686,-0.03635708494780777,-0.109226684595913,-0.00037072,0.10949780739663068,0.00017264,1,1.0
5379,0.22193672758554667,0.01197499612382084,-0.00033195,2.4637820456032866,4.565445575052733,-46.146771508277986,-0.21789562370390278,14.644380752380023,-0.04593960525765017,-91.58331288219054,0.14951036861664863,-31.795766224454695,0.3196625855594684,75.16319750572421,-0.03635708494780777,-0.07605797474101675,-0.00037072,0.07608477010720663,0.00017264,1,1.0
5380,0.001198468270891151,0.06377146654115107,-0.00033195,2.4637820456032866,4.565445575052733,-20.16105225928781,-0.21789562370390278,16.23128679655423,-0.04593960525765017,-71.16300600703285,0.14951036861664863,75.6684931422794,0.3196625855594684,16.819362947969715,-0.03635708494780777,-0.09351304380971193,-0.00037072,0.12493245319132643,0.00017264,1,1.0
5381,-3.173989801347199e-05,0.07006567972916643,-0.00033195,2.4637820456032866,4.565445575052733,87.84172604385437,-0.21789562370390278,14.493773836606726,-0.04593960525765017,-76.90580846293375,0.14951036861664863,36.370152701076805,0.3196625855594684,-1.7824054558368898,-0.03635708494780777,0.03598318454862985,-0.00037072,0.12040109034019648,0.00017264,0,1.0
5382,0.0006860655070400068,0.013582344970219921,-0.00033195,2.4637820456032866,4.565445575052733,55.118073859322806,-0.21789562370390278,5.819935899960578,-0.04593960525765017,-4.066937351762734,0.14951036861664863,-74.2710637291257,0.3196625855594684,-11.981616688629334,-0.03635708494780777,-0.038622332858877846,-0.00037072,0.05640785042097502,0.00017264,1,1.0
5383,0.22076112511341317,0.007782344567419176,-0.00033195,2.4637820456032866,4.565445575052733,-29.12569927797539,-0.21789562370390278,10.7781118957255,-0.04593960525765017,-53.709528696760735,0.14951036861664863,-68.61212069965666,0.3196625855594684,55.10499272591299,-0.03635708494780777,-0.05985716148775383,-0.00037072,0.05988951855983243,0.00017264,1,1.0
5384,0.004906607786853978,0.09050625541983645,-0.00033195,2.4637820456032866,4.565445575052733,27.43850538770869,-0.21789562370390278,18.33514514498346,-0.04593960525765017,-52.63070510347516,0.14951036861664863,37.834122717992024,0.3196625855594684,-8.448061527278979,-0.03635708494780777,-0.07059804194365986,-0.00037072,0.14931999033406246,0.00017264,1,1.0
5385,0.05662177059717022,0.10930104900466041,-0.00033195,2.4637820456032866,4.565445575052733,23.23620007282602,-0.21789562370390278,15.616764630305683,-0.04593960525765017,-47.191859012147724,0.14951036861664863,72.14954650025882,0.3196625855594684,-8.17691097639498,-0.03635708494780777,-0.039602700656794596,-0.00037072,0.1723838118778936,0.00017264,1,1.0
5386,0.16216247598112005,0.1687781323905132,-0.00033195,2.4637820456032866,4.565445575052733,-6.268907301610048,-0.21789562370390278,-12.378023037719855,-0.04593960525765017,-26.802398146873045,0.14951036861664863,98.72441947471691,0.3196625855594684,39.41244937058047,-0.03635708494780777,-0.06513254031390889,-0.00037072,0.21865258297998788,0.00017264,1,1.0
5387,0.0011967412069179284,0.07542138157654317,-0.00033195,2.4637820456032866,4.565445575052733,72.39138341371894,-0.21789562370390278,16.09453645817458,-0.04593960525765017,-94.91181940370048,0.14951036861664863,82.78846758811149,0.3196625855594684,5.7713826939056645,-0.03635708494780777,0.054284149320869036,-0.00037072,0.11860591764122899,0.00017264,0,1.0
5388,0.10496935939117147,0.12791332515752077,-0.00033195,2.4637820456032866,4.565445575052733,-11.969892310859093,-0.21789562370390278,23.11849535325468,-0.04593960525765017,-33.75409160439497,0.14951036861664863,-49.09678004246673,0.3196625855594684,1.760331020478326,-0.03635708494780777,-0.17127756214215178,-0.00037072,0.17069893609018705,0.00017264,1,1.0
5389,0.20196884479716287,0.04977916962825839,-0.00033195,2.4637820456032866,4.565445575052733,-23.89907294414041,-0.21789562370390278,24.413332162034767,-0.04593960525765017,-94.15121809004216,0.14951036861664863,-63.05613343259562,0.3196625855594684,56.36917412997537,-0.03635708494780777,-0.12435485897271806,-0.00037072,0.12523621518677266,0.00017264,1,1.0
5390,0.11225612430771531,0.04926087260724094,-0.00033195,2.4637820456032866,4.565445575052733,37.93374479765273,-0.21789562370390278,14.283138568684688,-0.04593960525765017,-86.36441856523338,0.14951036861664863,-95.54961933132114,0.3196625855594684,49.50448067754532,-0.03635708494780777,-0.13218260117649963,-0.00037072,0.1427806185708971,0.00017264,1,1.0
5391,0.0006728624757950108,0.013778942587692475,-0.00033195,2.4637820456032866,4.565445575052733,-16.360916904666865,-0.21789562370390278,4.657242500110234,-0.04593960525765017,-57.27096178528776,0.14951036861664863,70.93581843266942,0.3196625855594684,27.15398907094273,-0.03635708494780777,0.00016066726966545812,-0.00037072,0.02732962427802503,0.00017264,0,1.0
5392,0.3796252260586555,0.034556339122681065,-0.00033195,2.4637820456032866,4.565445575052733,-80.80770225588441,-0.21789562370390278,15.59730292397212,-0.04593960525765017,-48.71493620345785,0.14951036861664863,-80.64879008358307,0.3196625855594684,71.16548541660185,-0.03635708494780777,-0.08690702448467647,-0.00037072,0.08770062534310175,0.00017264,1,1.0
5393,0.12237746309098986,0.07597811928452591,-0.00033195,2.4637820456032866,4.565445575052733,2.4687760686311715,-0.21789562370390278,3.9710724044795698,-0.04593960525765017,-89.87014895095487,0.14951036861664863,41.990088882982306,0.3196625855594684,59.89474718214546,-0.03635708494780777,-0.05616357092967571,-0.00037072,0.13944972067682299,0.00017264,1,1.0
5394,5.036232133492913e-05,0.05351134151450886,-0.00033195,2.4637820456032866,4.565445575052733,68.6521497468163,-0.21789562370390278,12.552812575664063,-0.04593960525765017,-60.21618751978595,0.14951036861664863,17.568047242977865,0.3196625855594684,-1.7770323002978476,-0.03635708494780777,0.017790428168010478,-0.00037072,0.09506016674143007,0.00017264,0,1.0
5395,0.0017122647467357477,0.06580595004567566,-0.00033195,2.4637820456032866,4.565445575052733,91.03993011816449,-0.21789562370390278,13.867270966195255,-0.04593960525765017,-0.14584140345540406,0.14951036861664863,-57.108794856871135,0.3196625855594684,-42.827683517728495,-0.03635708494780777,-0.011203618318588154,-0.00037072,0.10950789896945146,0.00017264,1,1.0
5396,0.1254377510982087,0.0034286692545292636,-0.00033195,2.4637820456032866,4.565445575052733,-78.32180195347644,-0.21789562370390278,-1.312306351582395,-0.04593960525765017,-32.84578161000777,0.14951036861664863,67.8222025468495,0.3196625855594684,47.71266582129737,-0.03635708494780777,-0.026075440007534638,-0.00037072,0.026050376546036612,0.00017264,1,1.0
5397,0.0002121832174304221,0.024235607733157204,-0.00033195,2.4637820456032866,4.565445575052733,-9.124199428754402,-0.21789562370390278,-0.6251748844385585,-0.04593960525765017,-15.173801244176019,0.14951036861664863,68.21714236683964,0.3196625855594684,4.037120000388094,-0.03635708494780777,-0.005689169289407669,-0.00037072,0.05138713887289244,0.00017264,1,1.0
5398,0.052109579197588844,0.10699098281447153,-0.00033195,2.4637820456032866,4.565445575052733,25.09398812933809,-0.21789562370390278,-2.2827582565336852,-0.04593960525765017,-65.6880841163768,0.14951036861664863,46.51596058746391,0.3196625855594684,41.06285814690167,-0.03635708494780777,-0.08331943285127172,-0.00037072,0.17066525490870985,0.00017264,1,1.0
5399,0.07879860305734793,0.02044657329984796,-0.00033195,2.4637820456032866,4.565445575052733,16.294470421198927,-0.21789562370390278,3.770758126262637,-0.04593960525765017,-34.56090238012651,0.14951036861664863,-59.09177899877163,0.3196625855594684,28.72242623993162,-0.03635708494780777,-0.08035887989979157,-0.00037072,0.0831176271165841,0.00017264,1,1.0
